 A11  A64  19 200    69    62  11.9   4.4   9.8
 A11 BATG  88 271   313    62   5.0   0.6   2.6
 A11 D56A 268  85   346    62   1.8   0.4   0.8
 A11 D59A 259  77   127    62   9.2   8.8   9.4
 A11 D60A 237  56    66    62   8.0   4.1   9.8
 A11 E62A 143 324    86    62   6.3   7.1   9.3
 A11 EMMW 142 324   353    62   1.2   4.3   4.2
 A11 F61A 204  23   154    62   2.0   0.9   0.4
 A11 F62A 173 353   151    62   0.3   7.2   6.1
 A11 F64A 137 318   209    62   1.3   3.7  10.6
 A11 G61A 206  25   241    62   3.9   2.2   8.8
 A11  GBN 104 290   699    62   3.2   5.1   4.2
 A11  GGN 131 314   350    62   1.7   7.5   5.1
 A11 H65A 151 333   321    62   1.1   9.1   0.9
 A11  HAL 117 302   588    62   0.1   4.8   2.2
 A11 I62A 194  13   385    62   0.5   2.4   0.3
 A11 LATQ 276  94   196    62   3.0   3.4   3.0
 A11  LMN 109 292   441    62   0.4   9.4   4.8
 A11 LSQQ 294 109   543    62   2.1   3.6   4.6
 A11 QM38 314 134    69    62  11.3   7.7  11.1
 A11 QM50 320 139   170    31   4.5   0.9   5.1
 A11 WODY 117 301   489    62   1.4   3.1   2.7
 A64 D60A 218  37   128    62   1.3   5.0   5.6
 A64 D62A 142 323   104    62   1.9   5.4   7.5
 A64 D63A 122 304   161    62   2.5   3.5   4.7
 A64 E62A 168 348   137    62   2.2  12.1   9.0
 A64 E64A 134 316   221    62   0.7   2.7   3.2
 A64 EDEY 112 297   637    62   2.7   2.1   4.7
 A64 EMMW 151 332   394    62   4.1   9.6   6.7
 A64 F61A 203  22   222    62   4.1   3.3   7.5
 A64 F62A 182   1   215    62   1.7   2.8   5.9
 A64 G57A 234  50   495    62   4.5   2.2   5.1
 A64 G61A 205  23   309    62   6.7   0.2   1.4
 A64  GBN 110 296   695    62   1.7   3.3   4.6
 A64  GGN 141 323   381    62   0.7   4.8   5.4
 A64 H63A 182   2   352    62   2.9   2.7   1.6
 A64 H64A 171 352   358    62   6.7   4.0   1.5
 A64 H65A 159 341   370    62   1.9   2.8   5.0
 A64 HANN 131 313   322    62   4.5   0.6   7.2
 A64 HOLY 118 300   297    62   3.2   2.6   3.5
 A64 I57A 228  44   622    62   3.5   0.5   0.9
 A64 I64A 177 357   435    62   0.6   2.1   2.4
 A64 J59A 218  35   603    62   2.9   4.9   3.8
 A64 J62A 197  16   533    62   1.5   4.7   2.6
 A64 J63A 191  10   514    62   0.1   1.1   1.5
 A64 L63A 192  11   677    62   3.1   0.2   1.2
 A64 QM16 152 334   327    62  16.1   0.3   5.3
 A64 QM38 257  76    74    62   7.9   4.1  13.7
 A64 QM60 302 119   295    31   1.3   4.6   3.6
 A64 SUSY 123 306   413    62   1.2   0.2   2.6
 A64 WODY 125 309   503    62   0.3   6.1   1.0
ALLY D62A 322 139   483    31   1.5   1.0   3.3
ALLY E58A 297 111   707    31   4.7   1.6   2.6
ALLY E62A 314 131   472    31   0.7   3.8   1.3
ALLY F62A 304 120   453    31   4.2   1.1   3.1
ALLY G59A 286 100   661    31   1.4   0.2   5.5
ALLY H62A 283  99   493    31   1.7   2.3   1.7
ALLY HOLY 341 160   327    31   5.6   1.6   4.2
ALLY I57A 275  88   849    31   0.2   4.9   0.1
ALLY I64A 275  92   366    31   1.4   6.8   2.8
ALLY  ICQ 346 165   664    31   1.3   2.1   1.8
ALLY J62A 266  82   546    31   0.6   5.6   1.8
ALLY K62A 261  76   592    31   2.1   1.4   0.9
ALLY NATG  13 194   748    31   3.4   5.3   5.0
ALLY PLVO 283  94   964    24   1.4   2.9   0.1
ALLY QM16 307 125   279    31   5.3   5.3   1.3
ALLY QM38 316 132   626    31   3.6   3.9   2.6
ALLY QMM5 342 159   837    31   0.4   1.6   0.8
ALLY SHEY  57 239   292    31   1.5   0.8   1.9
BATG D59A 268  84   439    62   2.0   6.4   3.0
BATG DRLN  68 254   672    62   4.5   0.9   1.8
BATG E64A 235  54   165    62   7.8  12.3  10.1
BATG F57A 259  73   681    62   1.4   3.1   1.0
BATG F62A 244  61   336    62   3.3   3.9   6.8
BATG G62A 238  55   414    62   2.0   3.9   4.1
BATG  GGN 194  14   247    62   0.4   5.1   3.2
BATG H63A 228  45   423    62   2.1   9.6   5.1
BATG H64A 221  39   382    62   2.1   3.3   3.8
BATG  HAL 146 328   350    62   1.8   2.1   3.8
BATG HANN 200  19   164    62   0.8   3.9   4.3
BATG HOLY 200  20    89    62   9.3   4.7   6.9
BATG I57A 247  60   835    62   2.0   4.0   2.0
BATG I60A 239  53   681    62   1.5   2.1   2.6
BATG I62A 229  46   559    62   0.7   4.0   4.3
BATG I64A 218  36   466    62   4.0   3.6   3.4
BATG  ICQ 341 160   265    62   4.7   3.5   4.1
BATG M66A 207  25   743    62   2.9   2.3   1.4
BATG SHEY 126 309   394    62   1.9   0.9   4.6
BATG SUSY 164 345   180    62   4.3  11.1   7.0
BATG WODY 155 336   265    62   1.5   8.3   8.2
CHEG D60A 275  87   781    43   0.1   1.9   1.7
CHEG E55A 274  83  1177    43   8.6   0.9   3.5
CHEG EDEY 220  39   198    43   3.3   0.2   2.1
CHEG F61A 267  80   798    43   4.0   0.9   4.4
CHEG G57A 265  75  1124    43   2.0   2.1   1.5
CHEG  GBN 203  22   169    43   5.5   2.3   2.7
CHEG H61A 258  70   912    43   0.2   2.8   1.4
CHEG H62A 257  69   853    43   6.2   1.5   4.3
CHEG H63A 255  69   766    43   1.1   9.1   4.0
CHEG H65A 251  66   634    43   3.7   3.9   5.9
CHEG I57A 260  70  1214    43   3.0   0.4   5.9
CHEG J59A 256  66  1148    43   0.8   0.4   1.4
CHEG  LMN 253  70   335    43   0.2   2.1   1.1
CHEG NATG 339 157   418    43   2.0   1.2   0.7
CHEG QMM5 310 124   746    43   1.6   1.5   4.0
CHEG SHEY 209  28   212    43   1.1   5.9   1.8
CHEG  WES 244  56   977    43   0.7   1.8   0.4
D56A D59A  90 272   222    62   2.1   4.2   3.1
D56A E58A 123 304   136    62   1.3   0.9   1.8
D56A E64A  95 280   534    62   7.9   0.3   0.9
D56A F57A 178 358   138    62   8.2   3.3   6.3
D56A F60A 118 300   246    62   2.0   1.6   1.0
D56A F61A 111 294   313    62   6.1   0.2   5.4
D56A G57A 185   5   217    62   1.3   2.0   6.3
D56A G59A 150 331   250    62   7.5   4.5   8.7
D56A G61A 127 309   317    62   4.8   5.4   7.0
D56A G63A 117 300   452    62   1.5   2.2   3.0
D56A H63A 124 308   452    62   2.2   2.8   2.1
D56A H64A 120 304   506    62   2.1   2.8   1.7
D56A HANN  99 285   627    62   2.4   0.5   2.4
D56A I62A 142 324   443    62   4.0   2.2   5.7
D56A I64A 129 313   530    62   6.2   2.0   3.7
D56A J59A 177 357   399    62   1.1   4.4   4.6
D56A J62A 150 332   484    62   1.5   2.7   1.6
D56A JOSY 111 298   748    31   2.3   1.9   1.3
D56A K62A 157 339   526    62   6.7   3.5   5.8
D56A L63A 155 338   628    62   3.2   0.0   2.5
D56A L65A 144 328   671    62   3.1   0.6   0.9
D56A LSQQ 324 143   278    62   0.8   1.7   8.1
D56A NATG  63 252   949    62   0.2   3.7   1.5
D56A VLDQ 300 118   259    62   3.3   8.4   8.2
D59A D60A  98 279    70    62   1.7   1.6   7.6
D59A D62A  87 269   212    62   1.3   1.5   1.0
D59A DRLN  72 262  1094    62   2.7   2.6   3.9
D59A E64A 101 284   313    62   1.5   2.6   4.1
D59A F57A 240  58   257    62   8.9   0.6   4.8
D59A F60A 184   4   116    62   3.2   8.5  12.1
D59A F61A 150 331   132    62   0.1   9.0   8.2
D59A G61A 173 353   193    62   2.4   7.8   7.4
D59A G62A 153 334   223    62   0.1   5.3  11.1
D59A G63A 140 322   271    62   0.7  10.2   7.9
D59A H61A 182   1   276    62   2.0   4.0   4.9
D59A H65A 131 314   379    62   3.2   4.5   5.0
D59A HANN 106 290   409    62   5.2   0.6   2.4
D59A HOLY  95 279   414    62   4.5   6.2   5.1
D59A I57A 223  40   454    62   5.1   1.3   6.0
D59A J62A 180 360   420    62   5.6   7.4   7.2
D59A J63A 172 352   419    62   4.3   4.0   4.5
D59A L65A 165 346   571    62   5.7   2.3   5.0
D59A LATQ 301 120    83    62   6.4   1.4   6.8
D59A N62A 192  10   688    50   5.7   5.1   5.2
D59A PLVO 244  60   461    51   1.7   3.5   6.9
D59A QM38  45 225   105    62   5.7   1.4   4.2
D59A QM50   5 185   156    31   4.2   6.5   7.1
D59A QM60 336 154   265    31   2.2   0.1   0.8
D59A SHEY 102 289   789    62   2.0   1.4   4.4
D59A SUSY 104 289   513    62   1.2   4.3   3.2
D59A WODY 108 293   594    62   0.1   3.4   0.7
D60A D63A  85 267   215    62   1.4   6.2   6.5
D60A DRLN  70 260  1032    62   2.5   1.8   0.4
D60A E58A 252  71   190    62   1.1   3.1   8.9
D60A F57A 248  66   315    62   6.5  10.3   8.6
D60A F61A 183   3   105    62   1.5   7.6   5.9
D60A G63A 153 334   224    62   0.1   1.4   1.3
D60A  GGN 121 304   374    62   3.0   6.3   4.7
D60A H64A 152 333   285    62   3.3   5.0   6.5
D60A H65A 139 321   323    62   0.4   6.4   3.9
D60A I57A 230  47   497    62   1.0   0.1   0.9
D60A I62A 186   5   339    62   2.9   4.5   5.9
D60A I64A 163 344   348    62   2.4   3.5   5.3
D60A J59A 218  35   475    62   3.1   3.9   4.0
D60A J63A 182   2   404    62   1.1   1.0   2.6
D60A K60A 207  25   532    54   0.9   3.7   0.8
D60A LATQ 291 110   150    62   5.3   3.3   5.8
D60A PLVO 249  64   520    51   1.2   4.7   2.8
D60A QM38   4 184    85    62   6.9   7.2  14.1
D60A QM50 342 161   175    31   0.4   1.6   2.8
D60A WODY 110 295   525    62   1.1   6.1   3.9
D62A DRLN  70 259   891    62   2.0   0.5   0.5
D62A EMMW 154 335   291    62   5.8   7.2   4.2
D62A F60A 242  60   255    62   1.0   0.2   4.5
D62A G62A 209  28   237    62   0.6   1.8   6.8
D62A G63A 192  11   223    62   5.4   5.7   2.2
D62A  GBN 105 290   610    62   4.5   6.9   5.5
D62A  GGN 141 323   277    62   1.1   5.0   3.2
D62A H61A 219  37   362    62   0.8   2.5   5.7
D62A H62A 211  30   323    62   0.8   4.0   2.9
D62A H63A 196  16   280    62   1.1   8.8   5.4
D62A HOLY 106 288   207    62   0.1   9.9   2.4
D62A  ICQ  25 207   302    62   4.5   2.7   3.6
D62A J62A 208  26   480    62   5.8   1.1   2.7
D62A JOSY 142 324   393    31   2.1   3.6   2.8
D62A K60A 219  36   626    54   3.7   2.8   3.5
D62A LATQ 278  95   285    62   1.9   5.2   4.9
D62A M66A 188   7   653    62   0.1   1.2   4.5
D62A QM50 308 126   245    31   1.0   3.6   2.1
D62A QM60 308 124   394    31   1.7   3.9   3.5
D62A QMM5   2 183   419    62   4.8   0.2   3.7
D62A SHEY 109 294   587    62   1.6   1.3   1.9
D62A SUSY 117 300   317    62   2.0   2.8   1.2
D63A DRLN  69 257   826    62   2.9   3.6   1.5
D63A E55A 267  81   611    62   2.3   7.4   7.5
D63A E62A 247  66   118    62   0.2   0.6   0.7
D63A E64A 163 343    72    62   3.1  12.2  13.1
D63A F64A 188   8   132    62   2.9   7.0   6.6
D63A G57A 251  66   574    62   3.3   0.1   3.0
D63A G62A 224  42   276    62   0.2   2.1   0.7
D63A  GGN 155 336   235    62   1.5   1.1   2.7
D63A H62A 222  40   362    62   0.4   1.5   4.3
D63A H63A 210  29   304    62   5.4   1.5   4.1
D63A H64A 198  18   280    62   2.6   1.1   0.0
D63A HANN 141 322   165    62   4.2   0.4   0.0
D63A HOLY 114 295   138    62   6.1   2.6   3.3
D63A I57A 242  57   683    62   3.5   1.4   4.0
D63A I60A 231  47   539    62   2.2   6.7   6.2
D63A I64A 200  18   366    62   0.8   5.1   6.1
D63A J63A 210  28   478    62   6.4   1.9   5.0
D63A JOSY 151 333   349    31   0.0   0.6   2.3
D63A PLVO 256  69   728    51   2.3   2.2   1.3
D63A QM38 290 108   219    62   0.8   1.9   2.6
D63A SHEY 112 296   518    62   2.3   1.4   1.4
D63A SUSY 125 306   253    62   2.7   1.8   1.4
D63A VLDQ 284  96   736    62   2.7   0.0   3.3
DRLN E55A 264  71  1419    62   0.5   1.4   0.3
DRLN EMMW 240  53   909    62   4.4   1.8   1.9
DRLN F60A 257  66  1144    62   6.1   1.0   5.3
DRLN G57A 257  65  1399    62   4.5   2.0   3.0
DRLN G59A 255  63  1273    62   4.4   5.4   7.3
DRLN G62A 250  61  1082    62   4.6   6.0   3.3
DRLN  GGN 240  54   843    62   2.3   2.5   1.0
DRLN H62A 249  59  1161    62   1.2   1.9   0.8
DRLN  HAL 224  40   691    62   1.6   1.6   4.4
DRLN HANN 245  58   791    62   0.9   5.5   3.1
DRLN I60A 249  58  1349    62   1.6   1.6   1.4
DRLN J62A 244  54  1288    62   2.3   0.2   2.6
DRLN JOSY 233  46   854    31   3.1   5.1   2.9
DRLN  LMN 238  53   667    62   2.5   3.1   4.1
DRLN MALY 231  47   585    62   3.6   0.9   1.9
DRLN QM60 276  84  1152    31   2.8   0.1   2.2
DRLN SUSY 240  54   715    62   4.0   1.9   4.3
DRLN WODY 232  47   712    62   1.1   3.4   3.7
E55A E62A  86 270   501    62   0.1   2.0   0.6
E55A EDEY  91 281  1070    62   1.1   1.2   1.0
E55A G57A 151 331   172    62   5.7   6.3   9.1
E55A G59A 123 305   271    62   2.5   1.4   4.1
E55A G63A 104 289   522    62   5.7   1.7   7.1
E55A H61A 122 305   388    62   0.5   2.1   3.9
E55A H62A 117 300   436    62   3.1   6.9   3.7
E55A H63A 111 295   510    62   1.8   2.9   4.7
E55A I57A 173 354   281    62   5.3   0.9   3.8
E55A I60A 142 324   362    62   3.5   7.7  12.5
E55A I63A 120 304   506    62   5.2   1.1   0.7
E55A K60A 157 339   460    54   7.9   4.7   9.2
E55A K62A 143 326   519    62   3.7   2.7   4.0
E55A L63A 144 327   622    62   1.4   3.5   3.1
E55A M66A 138 322   748    62   0.2   5.4   1.5
E55A NATG  62 252  1068    62   1.8   2.7   0.8
E55A QM16  99 285   645    62   1.4   2.0   2.8
E55A QMM5  45 230   724    62   3.7   1.0   1.0
E55A SHEY  93 283  1102    62   0.8   2.2   4.0
E58A E62A  83 266   290    62   0.4   3.5   1.8
E58A EDEY  93 281   856    62   1.3   2.4   5.3
E58A F57A 241  60   126    62   2.5   0.8   3.0
E58A F61A 103 285   182    62   0.7   3.8   1.5
E58A F62A 100 283   261    62   7.3   1.6   4.0
E58A G57A 224  43   194    62   8.0   5.8   9.1
E58A G59A 177 357   144    62  13.1   1.5   4.6
E58A G61A 131 312   182    62   3.3   7.3   4.9
E58A G62A 120 302   249    62   2.4   5.1   5.0
E58A  GGN 103 288   520    62   6.6   1.3   7.0
E58A H61A 152 333   231    62   2.6   4.4   6.3
E58A HANN  94 279   506    62   4.0   1.0   2.9
E58A I57A 216  34   329    62   0.5   3.7   0.2
E58A I62A 150 332   317    62   0.0   6.2   8.9
E58A I63A 140 322   334    62   2.3   4.3   3.7
E58A I64A 132 315   395    62   2.0   2.0   0.6
E58A J59A 197  16   337    62   4.5   1.3   2.2
E58A J62A 161 342   368    62   1.3   8.4   1.9
E58A J63A 152 334   385    62   3.5   6.6   6.5
E58A JOSY 110 295   616    31   0.2   2.6   1.9
E58A K60A 187   6   420    54   3.6   3.5   3.8
E58A NATG  57 245   889    62   0.9   4.8   1.0
E58A SUSY  94 280   611    62   1.7   2.2   3.8
E62A F57A 259  75   409    62   2.2   4.6   6.4
E62A F61A 238  57   134    62   6.1   2.6   8.6
E62A F62A 203  23    87    62   3.2   5.9   8.9
E62A F64A 132 313   124    62   0.8  10.6   4.1
E62A G61A 227  46   215    62   0.8   3.4   0.2
E62A G62A 207  26   174    62   4.0   6.0   8.0
E62A G63A 183   3   167    62   0.9   5.0   7.2
E62A  GGN 128 310   267    62   0.9   5.5   5.3
E62A H62A 210  29   261    62   7.1   0.1   7.2
E62A H64A 174 354   221    62   2.8   7.4   8.7
E62A I60A 225  42   427    62   1.9   0.1   1.1
E62A J63A 199  18   391    62   2.2   7.4   3.7
E62A  LMN 101 285   374    62   1.8   0.9   1.5
E62A SUSY 106 289   331    62   5.5   3.3   2.8
E62A  WES 198  16   492    62   7.6   1.6   3.4
E64A EDEY 102 286   441    62   0.4   7.6   2.0
E64A EMMW 171 351   192    62   4.6   1.9   6.3
E64A F64A 213  33    74    62   1.9   5.9   7.2
E64A G57A 258  73   575    62   1.0   1.9   2.1
E64A  ICQ   7 187   348    62   2.6   1.1   2.1
E64A K60A 231  47   640    54   1.6   5.0   4.5
E64A MALY 100 283   353    62   6.3   3.4   5.0
E64A N62A 219  35   760    50   2.5   2.4   4.8
E64A PLVO 261  75   735    51   4.6   4.2   6.8
E64A QM16 184   4   135    62   8.3   9.5  12.9
E64A QM38 302 120   269    62   4.6   2.9   2.8
E64A SHEY 105 290   476    62   2.8   3.6   5.6
E64A SUSY 112 294   201    62   2.5   1.3   8.2
E64A  WES 213  31   527    62   1.3   4.3   2.1
EDEY EMMW 260  77   413    62   2.0   2.4   0.8
EDEY F57A 277  88   965    62   2.5   0.3   3.2
EDEY F60A 278  91   752    62   4.2   2.1   2.4
EDEY G57A 272  83   994    62   0.7   3.2   1.1
EDEY G59A 271  83   853    62   1.0   2.4   2.9
EDEY  GBN  93 274    63    62   6.0  12.7  11.1
EDEY HOLY 292 109   343    62   4.8   2.3   4.8
EDEY I57A 266  76  1069    62   1.9   0.4   1.9
EDEY I60A 262  75   888    62   2.0   2.6   1.1
EDEY K62A 252  65   852    62   5.3   1.0   1.6
EDEY  LMN 284 102   199    62   4.0   1.7   4.0
EDEY M66A 236  51   785    62   2.5   0.2   3.2
EDEY MALY 296 116    90    62   5.0   5.5  12.2
EDEY NATG 356 176   540    62   4.6   0.0   4.1
EDEY QM16 269  85   442    62  14.9   1.3   4.4
EDEY QM38 294 108   699    62   1.6   5.5   5.3
EDEY QM60 300 112   929    31   0.8   4.5   2.8
EDEY SHEY 143 323    43    62   5.0  10.6   8.1
EMMW F57A 285 100   581    62   0.7   3.3   3.8
EMMW F61A 298 116   311    62  10.8   4.0   7.5
EMMW F64A 332 151   146    62  11.1   1.8  10.3
EMMW G59A 277  93   454    62   3.6   2.0   3.6
EMMW G63A 286 104   177    62   5.0   6.4   8.8
EMMW H62A 268  86   294    62   3.6   2.1   7.1
EMMW H64A 268  86   140    62   0.8   0.7   0.7
EMMW H65A 269  89    63    62  12.8   1.4   8.3
EMMW  HAL  90 273   307    62   2.0   5.0   2.9
EMMW HANN  22 203   141    62  12.0   2.6   7.0
EMMW HOLY  21 201   216    62   1.1   0.5   8.6
EMMW I57A 265  80   660    62   1.8   0.3   2.6
EMMW I62A 255  72   323    62   6.7   4.4   7.1
EMMW I64A 244  63   195    62   6.4   7.7   7.9
EMMW  ICQ   1 182   535    62   9.9   4.8   7.4
EMMW J59A 259  74   581    62   1.9   5.3   0.5
EMMW J63A 243  60   331    62   7.5   1.6   0.6
EMMW NATG  28 211   712    62   1.3   1.1   3.0
EMMW QM16 325 145    68    62   7.5   2.5   4.1
EMMW QM50 323 140   522    31   3.1   4.0   4.1
EMMW SUSY  54 236   195    62   2.7   7.2   5.4
EMMW VLDQ 300 112   880    62   0.7   2.8   3.7
EMMW  WES 232  49   405    62   2.7   4.8   1.8
EMMW WODY  78 260   225    62   3.2   3.3   3.5
F57A F64A  87 272   493    62   3.3   0.1   2.5
F57A G57A 196  16    82    62   2.7  11.1  13.5
F57A G59A 124 305   144    62   1.0  10.7   7.9
F57A G62A 100 283   332    62   2.7   0.3   0.9
F57A  GGN  94 280   619    62   2.5   2.8   1.4
F57A H61A 122 304   260    62  10.2   1.3   5.6
F57A H62A 115 298   310    62   4.5   4.9   2.9
F57A  HAL  95 282   881    62   1.3   3.7   5.8
F57A I57A 200  20   222    62   6.4   4.0   8.0
F57A I64A 116 300   452    62   6.0   2.6   2.4
F57A J59A 177 357   261    62   3.6   1.3   6.0
F57A J62A 140 322   367    62   4.5   4.2   3.4
F57A J63A 133 316   402    62   1.0   2.2   3.2
F57A K60A 169 350   361    54   8.4   9.8  12.0
F57A K62A 150 332   401    62   1.1   2.6   4.3
F57A L63A 149 332   504    62   2.0   4.2   3.7
F57A L65A 137 320   562    62   0.0   1.6   3.8
F57A LATQ  39 221   228    62   5.9   2.4   3.9
F57A LSQQ 335 154   400    62   7.9   0.6   3.9
F57A QM38  53 236   359    62   6.4   0.6   2.2
F57A QMM5  36 220   710    62   0.8   0.4   1.7
F57A SHEY  90 279   995    62   1.1   1.6   0.3
F57A SUSY  88 274   720    62   3.1   0.8   5.7
F57A VLDQ 320 137   352    62   4.6   2.1   8.0
F57A  WES 143 326   467    62   2.4   5.1   2.8
F60A F61A  89 270    74    62   2.5   6.6   3.4
F60A F64A  91 274   280    62   7.7   3.4   3.5
F60A G57A 249  67   256    62  13.8   4.6   7.7
F60A G61A 156 337    83    62   3.8   9.9  14.0
F60A  GGN 101 285   410    62   4.2   3.7   1.6
F60A H61A 179 359   161    62   1.4  13.1  10.3
F60A HANN  90 273   402    62   2.2   1.1   3.5
F60A I60A 205  24   259    62   4.1   3.0   5.4
F60A I62A 168 348   238    62   2.5  12.7   8.7
F60A I63A 153 334   239    62  12.7   5.4   5.3
F60A I64A 140 322   292    62   2.5   5.2   1.2
F60A J59A 217  35   344    62   4.7   3.2   4.6
F60A M66A 164 345   543    62   0.3   0.8   2.4
F60A N62A 193  12   573    50   4.5   3.2   4.6
F60A QM16 104 287   323    62   2.6   6.3   1.1
F60A SHEY  93 280   783    62   3.3   2.7   3.5
F61A F62A  96 277    80    62   4.3   6.8   6.3
F61A G59A 241  59   198    62   4.4   2.4   5.5
F61A G61A 209  28    87    62  12.8  10.7  14.6
F61A G62A 157 337    91    62   2.2   9.8  11.4
F61A G63A 131 312   144    62   3.1   7.5  10.8
F61A  GBN  91 278   741    62   2.2   3.7   3.5
F61A H61A 205  24   177    62   8.1   5.7  12.6
F61A H62A 185   5   156    62   4.3  13.6  11.1
F61A H63A 152 333   164    62   5.4   5.7   9.8
F61A H64A 136 317   203    62   3.5  16.2   6.9
F61A H65A 122 304   258    62   3.2   4.0   8.3
F61A  HAL 102 287   599    62   3.2   1.9   4.4
F61A HANN  90 273   328    62   0.0   4.0   2.2
F61A I60A 218  37   298    62   0.3   1.7   2.7
F61A I63A 171 352   216    62   3.6  12.3   9.5
F61A I64A 154 335   252    62   0.9   6.2   6.7
F61A J62A 192  12   312    62   4.3   4.3   3.1
F61A LATQ 319 138   208    62  10.1   1.7  10.4
F61A MALY  89 275   593    62   6.9   1.2   6.6
F61A SUSY  92 276   433    62   0.2   2.2   0.7
F61A WODY  99 283   504    62   2.3   7.6   6.5
F62A G62A 211  30    87    62   7.3  11.7  10.4
F62A G63A 163 343    91    62   2.1   8.9   7.4
F62A  GBN  92 278   661    62   3.8   4.5   2.7
F62A H61A 226  45   217    62   2.2  10.1  11.8
F62A H62A 213  32   174    62   9.6   2.6   7.5
F62A H63A 182   2   137    62   2.6  11.1   8.6
F62A H64A 157 338   151    62   0.0  11.5   7.2
F62A H65A 134 315   190    62   3.2   2.2   0.1
F62A I62A 206  25   249    62   4.6   2.9   8.8
F62A I64A 173 353   221    62   7.2   6.0   7.8
F62A LATQ 308 126   272    62   5.8   5.7   6.4
F62A  LMN  89 273   401    62   8.7   1.5   4.1
F62A LSQQ 306 121   634    62   3.0   4.5   0.7
F62A QM16 115 297   175    62  10.3   1.7   7.8
F62A QM38 341 161   209    62   6.4   4.6   4.8
F62A QMM5   9 189   557    62   1.8   3.0   0.6
F62A SHEY  95 281   629    62   0.2   2.9   1.1
F64A G59A 259  75   388    62   2.0   2.8   3.3
F64A G61A 257  74   256    62   0.3   8.5   7.7
F64A G63A 230  50   129    62   4.0   3.3   6.9
F64A  GBN  93 278   535    62   2.2   1.1   1.6
F64A  GGN 125 306   144    62   4.9   3.4   4.6
F64A H61A 243  61   318    62   6.2   0.3   1.1
F64A H63A 225  44   188    62   2.7   3.9   2.5
F64A H64A 207  26   152    62   1.8   7.8   6.4
F64A H65A 176 356   130    62   3.0   9.7   7.2
F64A HOLY  62 244   163    62   0.6   7.2   2.1
F64A I60A 242  58   450    62   1.8   2.8   5.0
F64A JOSY 133 315   256    31  10.6   4.6   8.2
F64A PLVO 265  79   688    51   0.2   0.8   0.4
F64A QM16 157 337    79    62   2.4   6.9   6.8
F64A QM60 316 133   525    31   0.3   0.3   3.7
F64A QMM5 357 176   555    62   1.3   3.2   3.0
F64A  WES 213  31   454    62   0.9   2.3   2.8
F64A WODY 105 288   300    62   3.4   0.9   1.7
G57A G61A  85 267   272    62   5.5   1.2   5.7
G57A G62A  86 269   350    62   0.7   4.7   2.4
G57A G63A  88 272   422    62   2.4   3.8   4.9
G57A H61A 104 286   250    62   0.6  11.8   5.7
G57A I57A 203  22   140    62   2.9   1.7   6.4
G57A I60A 135 317   194    62   3.0  10.1   9.9
G57A I62A 114 296   321    62   4.8   3.4   8.8
G57A J59A 168 348   186    62   8.7   8.4   9.0
G57A J62A 128 311   328    62   0.7   3.2   3.5
G57A J63A 122 304   372    62   7.7   7.6   9.5
G57A JOSY  94 281   717    31   4.2   1.3   6.5
G57A K60A 162 343   290    54   1.6   6.2   8.2
G57A K62A 140 322   350    62   5.3  10.6  11.3
G57A L65A 129 312   525    62   3.1   1.0   3.2
G57A LATQ  33 215   305    62   8.9   5.1   7.9
G57A LSQQ 342 160   465    62   4.3   2.1   2.3
G57A M66A 136 319   581    62   2.3   4.3   4.4
G57A N62A 165 346   480    50   7.2   3.1   8.6
G57A QMM5  34 218   787    62   1.1   3.4   4.6
G57A VLDQ 329 147   403    62   3.8   0.0   5.3
G59A H62A 109 290   170    62   5.8   6.5   8.1
G59A H65A  95 278   392    62   3.1   2.7   2.4
G59A HOLY  71 255   546    62   1.6   2.3   4.3
G59A I60A 184   4   138    62   2.1   1.0   1.4
G59A  ICQ  40 224   666    62   1.3   1.7   1.0
G59A J62A 152 332   233    62   3.1   4.4   3.6
G59A J63A 139 321   261    62   4.9   0.9   3.1
G59A L63A 160 341   379    62   0.8   5.6   2.6
G59A L65A 142 324   423    62   0.0   1.3   0.6
G59A QM60 359 178   455    31   2.1   2.5   3.8
G59A SHEY  86 274   880    62   1.2   0.0   1.3
G59A VLDQ 316 133   492    62   0.6   0.4   0.1
G59A  WES 153 334   335    62   2.3   0.6   0.8
G59A WODY  87 273   670    62   5.1   5.7   5.4
G61A G62A  95 276    78    62   6.6   8.4   6.4
G61A H61A 201  20    90    62   0.4   6.2   5.2
G61A H62A 159 340    84    62   6.3   5.4   6.3
G61A H63A 120 301   136    62   2.6   6.5   0.5
G61A H64A 111 292   195    62   1.7   5.6   0.3
G61A H65A 103 285   267    62   5.3   5.1   1.3
G61A HANN  78 262   377    62   5.0   2.4   3.9
G61A HOLY  69 252   416    62   6.0   0.2   3.2
G61A I57A 247  64   360    62   2.7   0.0   3.5
G61A I60A 222  41   213    62   1.3   4.6   3.8
G61A I64A 135 316   213    62   4.4  10.1   6.6
G61A J59A 231  49   312    62   9.1   4.0   4.6
G61A J63A 171 351   225    62   0.5   8.9  11.9
G61A N62A 199  17   509    50   2.2   3.9   5.7
G61A NATG  46 233   857    62   2.1   0.1   4.9
G61A QM16  90 273   281    62   4.4   0.9   0.0
G61A QM38  11 191   271    62   5.4   4.2   6.2
G61A QM50 358 178   348    31   7.3   4.5   5.9
G61A QMM5  17 199   651    62   2.8   3.0   2.4
G61A SUSY  82 266   479    62   2.1   2.9   0.9
G61A  WES 177 357   322    62   4.2   4.3   8.4
G62A G63A  99 279    73    62   5.1  16.5  13.8
G62A H63A 147 328    73    62   3.6   9.6  12.7
G62A HANN  75 257   303    62   3.5   7.5   3.8
G62A I60A 236  54   267    62   7.4   1.6   9.3
G62A I62A 203  23   162    62   3.2   8.0   8.1
G62A J59A 240  57   372    62   1.6   0.8   1.8
G62A J63A 192  11   220    62   3.2   3.7   3.7
G62A K62A 206  25   315    62   2.2  11.1   9.3
G62A LATQ 325 143   297    62   6.9  10.9  10.5
G62A M66A 176 356   441    62   5.4   2.4   3.8
G62A NATG  43 229   807    62   1.5   2.3   1.9
G62A QM16  89 271   203    62   0.1   3.5   0.5
G62A QMM5  11 192   639    62   4.0   1.6   1.1
G62A WODY  90 274   462    62   4.1   1.4   2.8
G63A  GBN  84 270   637    62   2.6   3.0   2.5
G63A H61A 251  69   194    62   0.7   1.6  13.9
G63A H64A 149 329    61    62   2.7   5.8   4.7
G63A HOLY  56 239   291    62   8.3   4.5   7.3
G63A I57A 257  73   498    62   2.9   4.2   4.8
G63A I63A 213  33   141    62   1.5  12.5   4.9
G63A I64A 181   1   133    62   0.9   3.8  11.3
G63A  ICQ  19 201   521    62   3.9   2.8   4.9
G63A QMM5   5 186   640    62   1.5   6.1   2.3
G63A  WES 205  24   333    62   2.7   3.0   3.4
 GBN  GGN 267  84   419    62   1.9   3.6   2.5
 GBN HANN 279  95   413    62   2.7   2.3   3.6
 GBN I63A 261  75   734    62   3.3   1.2   3.7
 GBN I64A 258  73   665    62   4.3   0.9   1.3
 GBN K60A 257  68  1038    54   0.7   0.0   1.7
 GBN LATQ 288 100   893    62   2.2   4.6   3.4
 GBN  LMN 282 100   262    62   9.2   6.1   9.2
 GBN N62A 247  59  1090    50   2.3   4.6   3.9
 GBN NATG 350 169   551    62   4.2   2.5   1.9
 GBN QM16 270  85   505    62   4.0   3.1   2.2
 GBN QM38 293 106   759    62   0.5   0.8   1.0
 GBN SHEY 231  50    48    62  13.2   6.6  11.3
 GBN  WES 250  64   856    62   2.2   0.2   1.1
 GBN WODY 263  81   250    62   2.9   4.1   1.4
 GGN  HAL 101 283   262    62   7.3   2.4   2.2
 GGN HANN   4 184    85    62  13.7   4.8  12.5
 GGN I57A 263  76   713    62   2.1   1.5   1.2
 GGN J59A 256  71   638    62   0.4   1.9   2.5
 GGN J63A 240  57   395    62   0.4   4.1   6.6
 GGN JOSY 145 326   116    31   3.7   5.7   9.2
 GGN LSQQ 303 116   885    62   4.1   0.9   3.8
 GGN MALY  73 256   283    62   3.7   0.9   3.8
 GGN N62A 232  47   712    50   0.6   2.4   1.8
 GGN NATG  26 209   649    62   7.0   3.8   8.1
 GGN QM16 277  96    88    62   4.8   5.7  10.2
 GGN QM38 314 131   419    62   2.4   0.1   1.7
 GGN QM50 317 133   519    31   3.6   1.2   5.5
 GGN QMM5 348 166   653    62   2.0   1.6   0.6
 GGN  WES 231  48   471    62   0.1   2.2   1.6
 GGN WODY  90 272   172    62   4.3   5.1   1.9
H61A H62A  85 265    62    62   0.0  12.9   4.9
H61A H63A  84 265   151    62   3.6   1.3   2.4
H61A I62A 147 327    86    62   5.1  11.8  10.1
H61A I63A 116 297   120    62   2.7   3.9   9.6
H61A I64A 109 291   195    62   6.3   3.7   2.9
H61A J59A 241  59   238    62   4.6   9.0   4.3
H61A J62A 176 356   144    62   4.5   3.2   4.3
H61A K60A 217  36   265    54   0.1   2.5   3.8
H61A K62A 187   7   208    62   2.3   6.6   4.7
H61A L63A 175 355   297    62   7.4   1.4   3.4
H61A LATQ 349 168   325    62   3.7   3.4   4.3
H61A M66A 157 339   391    62   4.6   8.4   6.3
H61A N62A 198  17   419    50   0.3   4.2   3.1
H61A QM16  75 258   323    62   1.6   1.3   1.6
H61A SUSY  73 258   528    62   2.7   0.7   3.1
H62A H65A  86 268   231    62   4.6   2.2   8.6
H62A HANN  66 249   374    62   1.0   1.7   2.9
H62A HOLY  58 241   426    62   0.2   0.7   3.2
H62A I62A 191  10    79    62   5.7  10.0   9.7
H62A I63A 142 322    74    62   4.9  11.8   9.9
H62A J62A 200  19   159    62   2.8   2.4  10.7
H62A J63A 177 358   144    62   2.6   4.6   5.3
H62A M66A 167 348   378    62   1.8   1.0   2.7
H62A MALY  75 260   628    62   2.7   4.4   4.0
H62A N62A 206  24   447    50   4.4   0.6   1.6
H62A QM16  73 256   263    62   6.7   0.7   5.7
H62A QM38   4 184   345    62   8.0   1.8   5.5
H62A QM50 355 175   428    31   0.8   1.0   0.2
H62A VLDQ 311 126   647    62   1.4   1.0   3.1
H63A H64A  92 272    65    62   4.6   9.9   8.8
H63A I57A 262  78   456    62   2.5   4.2   7.4
H63A I60A 252  70   275    62   0.6   3.2   3.6
H63A I63A 213  32    81    62   2.5   8.3   5.6
H63A I64A 159 339    88    62  13.6  11.3  15.0
H63A  ICQ  20 202   580    62   1.8   3.4   1.5
H63A K60A 235  53   385    54   2.5   1.2   1.3
H63A L63A 203  22   336    62   3.4   3.6   4.2
H63A LATQ 326 144   370    62   3.6   2.5   5.4
H63A  LMN  70 254   431    62   3.0   0.4   4.4
H63A M66A 181   1   378    62   3.1   2.6   3.5
H63A NATG  38 224   829    62   3.2   1.0   1.6
H63A QMM5   7 188   694    62   2.3   0.5   0.3
H63A SHEY  82 268   638    62   2.4   1.3   2.7
H63A WODY  82 265   427    62   4.1   1.9   2.1
H64A  HAL  88 272   447    62   3.7   0.9   1.0
H64A HANN  54 235   237    62   4.2   5.9   5.2
H64A HOLY  45 227   300    62   0.2   5.3   9.1
H64A I62A 244  63   189    62   6.7   5.7   5.6
H64A I64A 203  22    87    62   9.5   9.5  10.0
H64A JOSY  98 280   259    31   5.9   1.6   2.0
H64A K60A 241  58   439    54   4.4   2.1   4.9
H64A L63A 213  31   365    62   5.8   2.2   2.1
H64A LATQ 319 137   411    62   0.7   1.6   1.5
H64A QM38 340 159   360    62   7.3   5.5   7.3
H64A QM60 330 147   593    31   2.3   1.1   1.5
H64A SUSY  67 249   321    62   1.4   1.2   0.4
H64A  WES 215  33   303    62   6.8   4.6   8.6
H65A  HAL  89 273   369    62   0.5   4.2   2.9
H65A HANN  41 222   176    62   2.5  10.4  11.2
H65A I60A 259  75   414    62   4.7   0.3   2.3
H65A I64A 233  52   140    62   4.9   2.2   4.1
H65A J62A 242  59   329    62   0.3   1.5   0.4
H65A J63A 236  54   276    62   0.5   6.0   1.8
H65A K60A 245  61   510    54   0.2   6.9   1.9
H65A L63A 222  40   417    62   2.2   1.8   2.0
H65A L65A 207  26   330    62   7.4   8.3   8.3
H65A LATQ 312 129   461    62   2.7   4.2   3.6
H65A M66A 203  21   412    62   1.3   1.4   5.8
H65A QM16  22 202    62    62   7.0   7.5  11.6
H65A QM38 330 148   387    62  10.9   0.3   5.7
H65A QMM5 357 176   685    62   0.6   1.4   4.2
 HAL I63A 266  81   561    62   1.4   0.2   1.5
 HAL J63A 259  73   619    62   5.2   2.1   2.4
 HAL L63A 247  62   720    62   2.7   2.1   2.8
 HAL  LMN 325 144   165    62   2.8   3.4   1.7
 HAL MALY   8 188   130    62   8.4   1.3   6.1
 HAL NATG   5 186   631    62   0.9   3.8   2.3
 HAL QM16 282  99   350    62   5.0   3.4   1.8
 HAL QM50 307 121   747    31   1.4   1.6   2.1
 HAL QM60 308 121   896    31   0.0   6.6   7.7
 HAL SHEY  66 247   138    62   1.3   3.3   5.3
 HAL SUSY 310 129   188    62   4.5   1.7   1.3
 HAL  WES 251  66   673    62   2.0   0.0   1.2
 HAL WODY 302 121    99    62   4.8   1.8   1.8
HANN HOLY  18 198    75    62   9.3   4.7  10.6
HANN J62A 235  52   498    62   5.0   1.6   0.3
HANN JOSY 161 342   189    31   1.8   2.9   6.8
HANN K60A 240  55   674    54   0.2   1.5   0.6
HANN LATQ 292 108   490    62   4.3   1.1   0.3
HANN  LMN  90 272   152    62   3.0   7.0   1.5
HANN M66A 209  27   581    62   4.9   1.7   1.9
HANN QMM5 345 164   572    62   3.7   1.7   3.8
HANN SHEY 101 284   383    62   3.4   2.0   3.0
HANN  WES 225  42   533    62   3.0   4.3   3.5
HANN WODY 117 299   186    62   2.8  10.2  12.7
HOLY I60A 243  59   614    62   4.1   3.3   2.6
HOLY K60A 236  51   732    54   2.7   1.0   4.6
HOLY L65A 211  29   576    62   0.6   4.0   5.5
HOLY  LMN 120 301   148    62   0.3   3.2   5.4
HOLY LSQQ 293 106   836    62   5.4   4.2   2.4
HOLY QM16 219  38   186    62   7.3   5.2  12.9
HOLY QM60 302 117   592    31   4.4   0.1   3.0
HOLY QMM5 341 159   510    62   1.0   1.1   2.2
HOLY SHEY 112 296   381    62   5.4  11.2  12.2
HOLY SUSY 138 319   120    62   8.0   6.6  14.6
I57A I60A  92 274   191    62   0.3   5.1   3.1
I57A I62A  90 273   347    62   8.9   0.8   3.9
I57A I63A  86 270   408    62   0.8   2.9   1.3
I57A J59A 119 300   107    62   7.5  11.3  10.5
I57A JOSY  84 271   773    31   0.9   1.4   1.1
I57A K62A 116 298   312    62   3.9   2.1   2.9
I57A LATQ  29 211   444    62   3.4   1.9   4.3
I57A NATG  50 239  1201    62   3.3   0.2   3.8
I57A QM16  74 260   628    62   4.3   0.1   4.0
I57A QM50  30 213   585    31   1.5   3.7   1.0
I57A QM60  16 198   608    31   1.9   3.7   4.8
I57A WODY  78 265   883    62   0.3   1.1   1.4
I60A J62A 119 300   138    62   0.9   7.1   9.2
I60A J63A 109 290   190    62  10.8   5.0   8.4
I60A K62A 146 327   157    62   1.7   8.2   8.0
I60A  LMN  69 255   707    62   1.4   2.8   2.7
I60A LSQQ 335 153   645    62   7.1   3.0   6.4
I60A N62A 183   3   324    50   0.6   2.3   1.4
I60A PLVO 295 112   329    51   6.2   6.1   2.2
I60A QM16  68 252   451    62   2.0   0.9   0.5
I60A QM38  23 205   466    62   2.6   2.6   5.1
I60A SHEY  77 265   910    62   0.8   2.1   1.8
I60A WODY  76 262   700    62   1.4   2.6   0.1
I62A I63A  72 252    64    62   4.9   4.7   8.6
I62A J59A 261  79   260    62   5.2   5.9   1.0
I62A J62A 208  28    82    62   1.7   8.0   5.0
I62A J63A 162 343    69    62   5.2  11.2  15.9
I62A JOSY  82 266   429    31   1.1   0.1   5.5
I62A L63A 186   6   225    62   0.3   4.7   4.8
I62A  LMN  65 249   561    62   3.0   2.1   1.7
I62A LSQQ 325 141   721    62   2.2   4.4   3.4
I62A QM60 346 165   608    31   2.6   0.3   1.9
I62A  WES 180 360   165    62   5.6   4.0   7.9
I63A I64A 101 281    77    62   5.8   4.1   5.9
I63A  ICQ  21 204   659    62   1.0   1.3   3.0
I63A J59A 260  77   323    62   5.2   1.1   1.1
I63A J63A 205  25    95    62   2.8  12.8   9.4
I63A JOSY  85 268   366    31   1.1   2.5   2.0
I63A K60A 240  58   312    54   0.7   0.3   4.4
I63A L65A 169 349   229    62   2.3   4.5   8.3
I63A LATQ 336 154   408    62   6.8   5.4   5.9
I63A QM16  57 239   245    62   3.1   3.4  12.7
I64A J63A 239  58   137    62   6.1   2.4   4.4
I64A L63A 216  35   280    62   1.7   1.5   1.5
I64A LATQ 329 146   456    62   4.3   3.9   5.9
I64A PLVO 284  99   605    51   1.0   3.1   2.4
I64A QM38 348 167   428    62   4.6   2.0   4.7
I64A SUSY  58 240   388    62   0.7   1.6   1.6
 ICQ J59A 222  37   872    62   0.6   3.6   0.4
 ICQ K60A 216  31   922    54   3.5   1.2   0.2
 ICQ LATQ 242  58   472    62   5.0   9.8   4.2
 ICQ  LMN 155 336   448    62   6.8   3.5   5.9
 ICQ N62A 209  25  1071    50   0.6   2.9   1.6
 ICQ NATG  73 257   332    62  10.9  10.5  10.1
 ICQ PLVO 240  53   892    51   1.5   3.4   2.7
 ICQ QM16 186   6   482    62   8.0   7.1   6.1
 ICQ QM38 233  51   335    62   0.4   3.7   4.1
 ICQ SUSY 161 343   445    62   8.5   7.6   9.9
J59A K60A 152 332   107    54   6.7   6.8  12.6
J59A K62A 115 296   205    62   6.8  12.2  10.9
J59A L63A 126 308   297    62   2.2  10.5   5.9
J59A  LMN  68 254   813    62   4.0   3.7   5.1
J59A MALY  70 258   921    62   2.3   3.5   1.1
J59A N62A 163 343   294    50   3.0   6.7   3.2
J59A QM50  21 203   592    31   0.7   5.5   5.1
J59A QMM5  26 210   927    62   0.2   3.2   2.1
J59A WODY  74 260   806    62   1.6   1.9   5.2
J62A K62A 209  29    71    62  10.9   8.2  14.5
J62A L63A 174 354   152    62   3.5   2.1   4.0
J62A L65A 132 313   196    62   0.3   1.5   0.1
J62A LATQ 351 170   468    62   4.3   2.3   4.9
J62A LSQQ 330 146   761    62   4.4   3.4   2.1
J62A NATG  38 225  1042    62   0.4   5.1   1.4
J62A QM60 350 169   671    31   5.2   0.1   4.4
J62A SHEY  72 258   813    62   4.2   1.8   3.8
J62A SUSY  59 244   578    62   0.2   1.5   1.6
J62A  WES 157 337   102    62   1.3   6.0   9.6
J63A QM38   2 182   489    62   2.5   4.4   1.7
J63A  WES 191  11   101    62   0.8  12.6   9.2
JOSY L63A 242  58   528    31   5.9   5.9   3.9
JOSY L65A 234  52   412    31   0.9   2.3   4.6
JOSY  LMN  28 209   201    31   4.2   1.9   2.7
JOSY PLVO 279  92   881    24   2.7   0.1   0.6
JOSY QM38 317 134   533    31   3.4   3.2   1.8
JOSY QMM5 345 163   761    31   4.1   0.2   4.2
JOSY WODY  49 230   142    31   2.3   2.7   5.8
K60A L63A 113 295   206    54   1.7   3.4   4.3
K60A LATQ   9 190   537    54   4.3   2.3   1.7
K60A  LMN  61 247   809    54   2.3   1.4   1.4
K60A N62A 169 350   190    45   1.4   1.0   1.7
K60A PLVO 317 135   372    45   2.3   0.4   4.6
K60A QM16  57 241   557    54   7.1   2.2   1.6
K60A QM50  14 196   667    23   4.2   1.8   2.7
K60A QM60   3 184   729    23   5.3   1.2   3.2
K60A QMM5  21 205   993    54   0.2   1.1   0.4
K62A LATQ 355 175   526    62   1.1   1.4   2.3
K62A MALY  61 247   789    62   4.0   1.0   3.6
K62A  WES 112 293    81    62   3.4   9.0   8.4
L63A LATQ 352 171   620    62   2.4   1.6   3.2
L63A  LMN  49 233   704    62   3.6   0.9   2.3
L63A PLVO 310 127   566    51   5.2   5.4   7.3
L63A QM60 351 170   823    31   3.1   3.6   1.9
L63A SUSY  47 231   656    62   1.9   0.5   1.9
L63A  WES  22 202    63    62   8.1   3.2   3.3
L65A  LMN  43 227   598    62   1.6   0.5   0.6
L65A MALY  50 234   681    62   0.5   0.1   1.3
L65A NATG  29 214  1074    62   1.7   3.1   2.1
L65A QM60 343 161   834    31   1.5   2.1   4.1
L65A SHEY  59 245   737    62   3.7   0.7   2.6
L65A  WES 291 110   112    62   2.4   3.8   3.7
L65A WODY  50 234   553    62   2.0   1.8   1.8
LATQ  LMN 103 288   634    62   2.8   1.8   1.2
LATQ LSQQ 302 119   363    62   7.9   2.3   5.3
LATQ NATG  63 250   799    62   5.4   4.7   5.0
LATQ PLVO 233  50   421    51   1.1   1.0   4.1
LATQ QM16 121 305   444    62   2.0   2.4   4.2
LATQ QM38  77 258   149    62   3.7   1.0   3.4
LATQ QMM5  36 219   482    62   6.2   2.7   6.6
LATQ  WES 168 349   567    62   4.2   2.0   5.0
 LMN MALY  93 274   113    62   1.0   0.9   2.2
 LMN NATG  16 198   515    62   0.3   8.1   7.2
 LMN QM38 296 111   504    62   2.1   2.1   3.8
 LMN QM50 301 116   592    31   1.1   0.1   3.1
 LMN QM60 303 117   740    31   3.6   4.0   7.3
 LMN QMM5 333 150   629    62   5.6   0.7   5.6
 LMN SHEY 109 291   235    62  10.5   5.6   7.6
 LMN SUSY 253  72    51    62   5.1   1.1  13.4
 LMN WODY 172 352    85    62   5.2   6.1   7.6
LSQQ PLVO 181   1   447    51   2.7   4.9   4.8
LSQQ QM38 106 291   479    62   4.3   1.0   1.2
LSQQ QM50  98 282   398    31   0.9   3.1   1.3
LSQQ VLDQ 211  30   112    62   5.5   7.1   7.9
M66A MALY  45 230   744    62   1.0   1.6   3.6
M66A PLVO 309 124   703    51   3.1   2.7   0.4
M66A QM50 352 171   804    31   1.8   0.0   0.0
M66A QMM5   5 186  1070    62   0.5   4.2   3.0
M66A SHEY  54 240   789    62   0.4   4.0   3.8
M66A SUSY  36 219   624    62   2.5   2.7   3.5
M66A VLDQ 325 139   978    62   3.0   0.3   2.3
MALY PLVO 270  81  1076    51   0.9   2.3   1.3
MALY QM38 293 107   610    62   5.2   0.9   5.6
MALY QM60 300 113   840    31   0.7   1.1   0.1
MALY SUSY 268  86   162    62   1.1   5.9   7.3
N62A QM16  42 225   654    50   4.0   8.5   7.4
N62A SUSY  48 234   840    50   1.0   1.9   2.7
N62A VLDQ 339 156   875    50   0.9   2.8   0.1
NATG QM16 216  32   683    62   5.5   4.0   6.6
NATG QM50 255  69   676    31   0.3   0.2   6.6
NATG SUSY 202  20   544    62   7.6   1.7   3.4
NATG  WES 220  34  1094    62   1.1   3.4   1.9
NATG WODY 194  13   593    62   0.5   1.4   2.3
PLVO QM38  56 241   561    51   7.1   2.4   3.9
PLVO QM60  30 213   539    27   2.4   1.7   4.9
PLVO VLDQ 352 171   354    51   5.4   0.0   2.6
QM16 QM38 322 140   353    62   4.6   0.6   1.7
QM16 VLDQ 297 110   819    62   0.1   0.6   0.7
QM16 WODY  92 274   259    62   5.3   8.3   0.1
QM38 QM50 324 143   101    31   6.7   3.1   6.9
QM38 QMM5  22 204   383    62   3.9   6.5   7.9
QM38 SUSY 116 300   468    62   3.1   1.3   2.8
QM50 QM60 305 124   149    31   2.5   0.8   1.6
QM50 WODY 122 307   649    31   1.1   2.6   0.5
QM60  WES 168 349   770    31   2.1   1.0   0.6
QM60 WODY 121 308   798    31   3.7   0.3   2.6
QMM5 SUSY 155 338   622    62   1.0   2.0   4.7
QMM5 VLDQ 249  62   712    62   0.8   4.7   1.8
QMM5 WODY 153 336   709    62   3.4   1.1   2.6
SUSY VLDQ 291 102   976    62   1.0   1.3   0.1
VLDQ WODY 104 294  1058    62   2.2   1.9   0.7
