 A11  A64  19 200    69    93  12.4   6.1  10.7
 A11 ALLY 132 316   557    31   3.8  10.2   7.7
 A11 BATG  88 271   313    93   6.0  18.1  14.3
 A11 CHEG  90 277   725    93   3.6   5.0   3.5
 A11 D56A 268  85   346    62   9.6   1.7  11.7
 A11 D59A 259  77   127    62  13.2  12.7  17.2
 A11 D60A 237  56    66    62  11.7  11.4  11.8
 A11 D62A 101 282    89    86  13.4  21.4  23.3
 A11 D63A  97 279   160    62   7.2  13.9  13.3
 A11 E55A 261  77   455    62  12.8   3.2   9.0
 A11 E58A 249  67   254    62   9.4   8.0   9.4
 A11 E62A 143 324    86    84  14.9  13.3  17.3
 A11 E64A 116 298   203    62  10.1  12.9  14.2
 A11 EMMW 142 324   353    88   3.1   5.6  10.9
 A11 F57A 247  64   380    62  10.2   0.1   6.0
 A11 F60A 224  43   195    62   7.2  19.7  16.2
 A11 F61A 204  23   154    62  10.3  14.4  14.3
 A11 F62A 173 353   151    93   8.6  10.7   9.9
 A11 F64A 137 318   209    93  11.3  14.4  17.5
 A11 G57A 239  56   440    62   9.2   7.2  11.7
 A11 G59A 225  43   333    62   8.5   9.8   8.7
 A11 G61A 206  25   241    62  12.9  11.2  12.9
 A11 G63A 169 350   241    62  19.6   5.6  14.8
 A11  GBN 104 290   699    93   0.5   4.4   4.3
 A11  GGN 131 314   350    79   3.2  14.0   9.4
 A11 H61A 205  23   331    62   4.6   2.6   6.6
 A11 H62A 194  14   306    93   6.6   7.5   6.3
 A11 H63A 177 358   287    62   5.8   7.5  11.8
 A11 H64A 165 346   299    62  12.9  10.0  14.6
 A11 H65A 151 333   321    62  12.2   2.7  10.4
 A11  HAL 117 302   588    91   5.9   9.4   9.2
 A11 HANN 119 301   303    93  10.6  12.0  13.2
 A11 HOLY 104 287   295    62   5.7  11.8  12.3
 A11 I57A 231  47   563    62   6.6   3.9   7.4
 A11 I60A 214  32   448    62   1.9  10.1   9.2
 A11 I62A 194  13   385    93   4.9   6.6   5.8
 A11 I63A 185   5   356    93   4.2   6.1   4.6
 A11 I64A 173 353   372    62   5.8   3.8   5.1
 A11  ICQ  39 222   333    93   9.9   6.9   9.7
 A11 J59A 220  37   539    93   4.4   7.0   6.4
 A11 JOSY 134 317   464    31   1.3   3.8   7.8
 A11 K60A 211  28   591    62   3.6   8.0   7.4
 A11 K62A 198  17   534    93   4.9   1.3   2.6
 A11 L65A 179 359   579    62   4.7   0.4   5.1
 A11 LATQ 276  94   196    93  12.8   8.0  15.6
 A11  LMN 109 292   441    93   7.6   8.9   9.7
 A11 LSQQ 294 109   543    93  11.3   1.2   8.3
 A11 MALY 105 290   549    62   5.9   3.5   3.0
 A11 N62A 202  19   748    90   1.2   5.4   3.9
 A11 NATG  55 241   639    92   3.2   1.1   2.2
 A11 PLVO 248  63   585    93  10.7   1.7   8.7
 A11 QM16 142 323   285    50  11.7  10.7  10.9
 A11 QM38 314 134    69    62  23.4  17.1  20.2
 A11 QM50 320 139   170    31   7.7   4.5   6.2
 A11 QM60 314 131   317    31   5.3   2.1   1.4
 A11 QMM5  14 195   413    62   2.6   4.6   8.7
 A11 SUSY 113 297   403    62   4.1   6.6   8.5
 A11 VLDQ 283  98   577    62   3.0   4.2   4.4
 A11  WES 190   9   547    93   1.3   1.5   0.5
 A11 WODY 117 301   489    62   2.9   4.3   6.1
 A64 ALLY 139 322   587    31   9.8   4.7  10.6
 A64 BATG 101 283   295    93   8.8  12.0  12.6
 A64 D56A 259  75   377    62   9.5   5.4   9.3
 A64 D59A 239  57   173    62   2.5  14.9  10.0
 A64 D60A 218  37   128    62   6.5  10.5  12.3
 A64 D62A 142 323   104    86  13.6  10.4  24.3
 A64 D63A 122 304   161    62   6.4  13.6  11.9
 A64 DRLN  76 265   927    91   3.2   2.6   4.4
 A64 E55A 254  70   492    62   7.1   6.7   8.0
 A64 E58A 239  57   304    62   9.4  12.5  11.4
 A64 E62A 168 348   137    84  15.2   5.9  11.9
 A64 E64A 134 316   221    62   8.7  17.3  21.9
 A64 EDEY 112 297   637    62   3.9   3.6   4.9
 A64 F57A 240  57   429    62   4.4   4.6   8.3
 A64 F60A 218  36   259    62   8.0   8.5   7.7
 A64 F61A 203  22   222    62   4.2   9.7  12.6
 A64 F62A 182   1   215    93   5.8  16.5  11.3
 A64 F64A 151 332   248    93   8.2   9.2  12.1
 A64 G57A 234  50   495    62   5.5  10.1   9.2
 A64 G61A 205  23   309    62   3.3   6.6   6.3
 A64 G62A 190   9   294    93   7.8   6.8   9.9
 A64 G63A 176 356   302    62   6.3   7.3   8.3
 A64  GBN 110 296   695    93   1.7   5.7   4.1
 A64  GGN 141 323   381    79   7.2   5.1   9.1
 A64 H61A 204  22   399    62   2.3  10.6   9.7
 A64 H62A 196  15   375    93   1.4   6.6   6.4
 A64 H63A 182   2   352    62   6.1   6.2   7.8
 A64 H64A 171 352   358    62   8.2  10.7   9.4
 A64 H65A 159 341   370    62   1.0   5.2   7.3
 A64  HAL 124 308   601    91   4.1   3.7   5.2
 A64 HANN 131 313   322    93   5.9  17.2  13.6
 A64 HOLY 118 300   297    62   8.8   7.9   7.8
 A64 I57A 228  44   622    62   4.5   4.5   7.4
 A64 I60A 212  30   515    62   4.9   1.2   4.9
 A64 I64A 177 357   435    62   5.0   3.9   6.1
 A64  ICQ  45 227   270    93  12.7   0.1  10.2
 A64 J59A 218  35   603    93   0.7   9.5   4.8
 A64 J62A 197  16   533    62   1.3   4.4   5.7
 A64 J63A 191  10   514    59   4.8   5.2   5.3
 A64 JOSY 141 324   497    31   6.4   3.2   6.5
 A64 K60A 210  27   658    62   3.8   6.9   6.5
 A64 K62A 199  17   602    93   7.3   0.9   4.2
 A64 L63A 192  11   677    62   3.3   4.5   4.8
 A64 L65A 181   1   644    62   2.5   4.2   6.9
 A64 LATQ 258  76   223    93  17.8   4.7  20.8
 A64  LMN 118 301   445    93   1.8   2.8   5.1
 A64 LSQQ 287 102   542    93   6.3  10.1  10.0
 A64 M66A 182   1   730    62   4.4   2.3   7.7
 A64 MALY 112 297   547    62   1.0   7.0   6.5
 A64 NATG  60 245   585    92   3.2   0.3   2.8
 A64 PLVO 243  58   633    93   2.3   7.8   5.1
 A64 QM16 152 334   327    50   5.6   4.7   6.1
 A64 QM38 257  76    74    62  16.5  12.0  15.3
 A64 QM50 297 115   147    31  17.7   9.7  18.2
 A64 QMM5  13 194   345    62   5.3   3.8   6.6
 A64 SHEY 113 299   677    62   2.2   4.8   3.5
 A64 SUSY 123 306   413    62   2.7   9.3   5.6
 A64 VLDQ 277  91   588    62   8.4   2.6   8.3
 A64  WES 191  10   615    93   6.7   5.0   6.4
 A64 WODY 125 309   503    62  11.7   8.2  11.6
ALLY BATG 349 169   400    31   1.7   6.7   7.4
ALLY CHEG  44 227   486    31   2.6   0.3   2.4
ALLY D56A 299 112   840    31   6.2   3.1   7.1
ALLY D59A 307 122   640    31  12.2   4.2  10.6
ALLY D60A 310 126   577    31  10.9   7.5  13.2
ALLY D63A 328 146   435    31   2.7   1.2   2.8
ALLY E55A 293 105   913    31   0.3   2.3   3.0
ALLY E62A 314 131   472    23  10.2   5.3   6.6
ALLY EMMW 300 119   217    31  16.1   2.3  11.1
ALLY F57A 290 103   793    31   2.5   0.8   2.4
ALLY F60A 297 112   595    31   8.3   4.5   5.9
ALLY F61A 300 116   528    31   9.3   5.0   9.2
ALLY F62A 304 120   453    31   8.4   2.5  10.0
ALLY F64A 314 131   349    31  12.6   8.4  11.8
ALLY G57A 284  97   801    31   0.3   0.0   1.5
ALLY G59A 286 100   661    31   2.9   1.0   3.4
ALLY G61A 291 106   539    31   3.2   2.2   4.8
ALLY G62A 293 109   462    31   8.4   1.2   7.2
ALLY  GBN  56 238   339    31   3.3   7.1   5.5
ALLY  GGN 318 137   207    31   8.3  10.1   9.2
ALLY H62A 283  99   493    31   4.8   1.7   4.0
ALLY H63A 286 103   408    31   4.9   2.7   1.1
ALLY H64A 288 105   344    31  13.1   7.5  12.1
ALLY H65A 294 112   273    31   8.4   5.3   8.6
ALLY  HAL  50 231   156    31   7.7   5.5   6.6
ALLY HANN 332 150   272    31   0.5   9.5   7.2
ALLY HOLY 341 160   327    31   9.8   8.9  12.3
ALLY I60A 274  88   659    31   6.9   1.5   0.9
ALLY I63A 276  93   442    31   6.9   9.3  10.6
ALLY I64A 275  92   366    31   6.8   0.8   5.0
ALLY  ICQ 346 165   664    31   1.5   4.4   4.3
ALLY J59A 271  84   760    31   9.3   2.9   6.9
ALLY J62A 266  82   546    31   0.6   3.3   5.1
ALLY JOSY 309 128    94    31  12.6  10.6  17.0
ALLY K60A 263  77   725    31   6.1   5.3   4.6
ALLY L63A 251  66   572    31   5.8   5.8   8.2
ALLY L65A 247  63   447    31   8.9   0.6   4.5
ALLY  LMN   5 186   236    31   9.0   8.7   8.0
ALLY LSQQ 307 118  1086    31   5.0   4.1   6.9
ALLY MALY  31 212   266    31   8.0   0.5   1.2
ALLY N62A 248  63   757    28   2.2   6.8   5.1
ALLY PLVO 283  94   964    31   4.1   3.3   4.9
ALLY QM16 307 125   279    19   1.3   2.2   2.1
ALLY QM38 316 132   626    31   5.0   0.1   4.5
ALLY QMM5 342 159   837    31   2.5   5.7   5.9
ALLY SHEY  57 239   292    31   9.8   0.4   5.9
ALLY SUSY 353 173   221    31   1.2   5.4   3.1
ALLY  WES 256  71   529    31   4.9   3.4   6.9
ALLY WODY  13 193   155    31   8.9   3.8   6.5
BATG CHEG  95 279   412    93   3.6  10.9   8.9
BATG D56A 271  85   660    62   7.4   9.5  11.1
BATG D60A 266  82   371    62   4.5   1.5   9.0
BATG D62A 266  83   228    86  17.2   8.3  15.8
BATG D63A 261  80   157    62  11.1   4.6  11.2
BATG DRLN  68 254   672    91   1.7   2.7   4.0
BATG E55A 267  80   767    62   2.0   0.8   1.3
BATG E58A 262  77   560    62   9.4   0.8   5.1
BATG E62A 256  73   274    84  11.2   3.8   7.9
BATG E64A 235  54   165    62   6.6   9.8  10.5
BATG EDEY 124 307   353    62   1.6  12.1   8.7
BATG EMMW 201  20   305    88   6.1   8.5  11.0
BATG F57A 259  73   681    62   8.1   1.0   5.4
BATG F60A 254  70   474    62   7.7   1.8   6.0
BATG F61A 251  67   404    62   9.6   5.6   8.6
BATG F62A 244  61   336    93   4.8   3.6   6.2
BATG F64A 229  47   236    93   0.1  14.8  10.1
BATG G57A 254  68   730    62   4.1   1.0   2.4
BATG G59A 249  64   601    62   5.7   2.0   7.0
BATG G61A 244  60   476    62   9.9   6.4   8.6
BATG G62A 238  55   414    93   2.0   3.2   3.8
BATG  GBN 119 302   407    93   7.3   8.5  14.0
BATG  GGN 194  14   247    79   7.4  11.9  14.5
BATG H61A 238  54   548    62   5.3   5.9   6.1
BATG H64A 221  39   382    62   6.3  10.0   9.0
BATG H65A 211  30   333    62   7.4  12.6  10.7
BATG  HAL 146 328   350    91   5.4   5.7   5.0
BATG HANN 200  19   164    93  10.4  17.5  14.5
BATG HOLY 200  20    89    62  16.3  18.4  19.6
BATG I57A 247  60   835    62   3.9   3.5   4.3
BATG I60A 239  53   681    62   3.1   0.6   0.0
BATG I62A 229  46   559    93   3.2   9.2   8.4
BATG I63A 226  43   503    93   8.9   4.5   8.5
BATG I64A 218  36   466    62   2.6   6.7  10.8
BATG  ICQ 341 160   265    93  10.0  14.4  13.5
BATG J59A 240  54   785    93   3.6   5.7   4.8
BATG J62A 227  43   637    62   1.4   4.8   2.4
BATG J63A 223  40   593    59   2.4   4.7   1.1
BATG JOSY 179 359   335    31   2.7   0.4   2.8
BATG K62A 226  41   707    93   5.9   6.5   6.3
BATG L63A 218  34   745    62   3.8   5.2   6.5
BATG L65A 210  27   663    62   4.0  10.4   8.6
BATG LATQ 274  89   508    93   7.9   1.5   8.7
BATG  LMN 148 329   185    93   9.3  16.0  16.3
BATG LSQQ 288 100   835    93   5.0   2.5   6.7
BATG MALY 127 309   265    62   3.5   7.1  14.3
BATG N62A 223  38   920    90   1.0   2.2   3.7
BATG NATG  34 217   411    92  11.2   7.7  10.0
BATG PLVO 258  70   886    93   5.1   2.5   5.5
BATG QM16 213  32   272    50   5.6  11.3  15.7
BATG SHEY 126 309   394    62   1.0   7.2   7.4
BATG SUSY 164 345   180    62  16.6  10.6  14.6
BATG VLDQ 281  92   882    62   4.2   2.9   4.1
BATG  WES 219  36   684    93   3.0   3.6   5.8
BATG WODY 155 336   265    62   3.0   9.7   9.3
CHEG D59A 276  87   850    62   5.9   1.4   4.7
CHEG D60A 275  87   781    62   5.6   1.4   3.6
CHEG D62A 276  90   638    86   3.6   3.1   3.6
CHEG D63A 275  90   566    62   6.1   0.7   3.9
CHEG DRLN  40 222   361    91   3.4   3.0   2.5
CHEG E55A 274  83  1177    62   3.7   3.5   1.3
CHEG E58A 272  83   966    62   4.1   1.5   3.4
CHEG E62A 271  85   677    84   8.7   4.6  10.9
CHEG E64A 268  83   550    62   8.6   0.1   5.6
CHEG EDEY 220  39   198    62  11.7  12.8  15.2
CHEG EMMW 249  64   577    88   3.1   2.7   3.7
CHEG F57A 269  79  1084    62   1.6   0.3   0.8
CHEG F60A 268  80   872    62   3.2   0.3   3.4
CHEG F61A 267  80   798    62   3.7   0.9   5.2
CHEG F62A 265  79   722    93   2.6   5.6   5.2
CHEG G59A 263  74   987    62   3.1   1.2   2.6
CHEG G61A 263  75   856    62   5.8   2.4   6.1
CHEG G62A 261  73   783    93   5.5   0.7   3.7
CHEG G63A 258  72   718    62   7.4   4.7   6.0
CHEG  GBN 203  22   169    93  14.0  10.5  11.2
CHEG  GGN 251  66   513    79   3.7   0.5   1.7
CHEG H61A 258  70   912    62   2.9   0.2   4.3
CHEG H63A 255  69   766    62   6.2   3.5   7.7
CHEG H65A 251  66   634    62   2.1   0.1   1.3
CHEG  HAL 224  42   331    91   2.2   2.3   3.3
CHEG HANN 260  75   480    93   6.0   1.1   3.8
CHEG HOLY 268  84   444    62   4.3   4.6   7.8
CHEG I57A 260  70  1214    62   3.0   3.0   4.1
CHEG I60A 256  67  1041    62   1.9   1.7   5.0
CHEG I62A 253  65   896    93   4.9   6.0   5.7
CHEG I63A 252  65   833    93   0.4   2.1   2.2
CHEG  ICQ 304 119   576    93  13.3   0.2   8.3
CHEG J59A 256  66  1148    93   5.3   1.4   2.8
CHEG JOSY 238  54   504    31   1.2   4.0   5.4
CHEG K60A 251  61  1144    62   5.4   3.7   5.0
CHEG K62A 247  59  1023    93   0.9   3.5   1.4
CHEG L63A 242  54  1029    62   3.3   3.0   4.7
CHEG LATQ 278  90   920    93   3.7   4.2   4.7
CHEG  LMN 253  70   335    93   4.2   3.7   5.7
CHEG LSQQ 288  95  1241    93   4.1   1.4   3.2
CHEG N62A 242  53  1216    90   0.4   3.5   2.6
CHEG NATG 339 157   418    92   0.6   4.1   1.2
CHEG PLVO 267  75  1285    93   2.3   3.6   0.3
CHEG QM16 255  70   591    50   0.7   2.1   3.0
CHEG QM38 281  93   776    62   2.8   3.3   4.3
CHEG QMM5 310 124   746    62   7.5   0.3   6.2
CHEG SHEY 209  28   212    62   4.6   4.5   9.7
CHEG SUSY 253  70   386    62   1.2  10.9   6.0
CHEG VLDQ 283  90  1294    62   6.2   2.5   5.3
CHEG  WES 244  56   977    93   3.5   3.9   4.3
D56A D59A  90 272   222    62   5.5  11.9  10.7
D56A D60A  92 274   292    62   0.4  11.7   7.1
D56A D62A  87 272   433    55   2.7   9.5   9.7
D56A D63A  88 273   505    62   4.2   9.1   8.1
D56A DRLN  73 266  1304    60   1.0   2.4   0.9
D56A E55A 237  56   119    62  20.3  17.3  23.6
D56A E58A 123 304   136    62   7.7  18.0  15.2
D56A E62A  95 279   402    53   5.3   8.7   7.3
D56A E64A  95 280   534    62   7.9   6.9   7.9
D56A EDEY  96 285   975    62   3.6   3.7   1.8
D56A EMMW 112 297   623    62   3.6   7.6   8.8
D56A F57A 178 358   138    62  15.8  21.2  19.6
D56A F60A 118 300   246    62   7.4  12.0  10.4
D56A F61A 111 294   313    62   6.5  10.5   9.0
D56A F62A 107 291   389    62   4.6  13.8  11.6
D56A G57A 185   5   217    62  14.1  13.3  15.4
D56A G59A 150 331   250    62   6.8   5.4  10.0
D56A G61A 127 309   317    62   8.9   9.5  12.9
D56A G62A 120 303   385    62   5.3   8.7  11.2
D56A G63A 117 300   452    62   8.2  12.7  14.9
D56A  GGN 106 292   648    62   0.5   6.6   7.9
D56A H61A 141 323   357    62   5.3   9.9  11.0
D56A H62A 133 316   392    62   9.8  10.3  17.6
D56A H63A 124 308   452    62   4.4   8.3   9.3
D56A H64A 120 304   506    62   6.6   8.6   8.7
D56A H65A 115 300   569    62   4.7   6.7   9.0
D56A  HAL 103 291   907    62   0.0   5.1   5.2
D56A HANN  99 285   627    62   1.3   1.7   0.4
D56A HOLY  92 278   636    62   4.2   7.9   7.2
D56A I57A 192  11   353    62   3.1   1.1   9.3
D56A I60A 162 343   374    62   7.3   6.3   9.3
D56A I62A 142 324   443    62   1.4   5.0   3.5
D56A I63A 134 317   466    62   8.9   4.8   8.9
D56A I64A 129 313   530    62  10.7   8.3  13.9
D56A  ICQ  61 246   620    62   4.1   5.2   4.8
D56A J59A 177 357   399    62  12.6  10.1  14.6
D56A J62A 150 332   484    62  10.2   1.8   6.3
D56A J63A 144 327   509    59   3.0   1.3   1.7
D56A JOSY 111 298   748    31   2.2   2.1   3.2
D56A K60A 172 352   497    62   5.5   2.6   3.4
D56A K62A 157 339   526    62   7.8   7.3   7.8
D56A L63A 155 338   628    62   5.7   7.4   8.5
D56A L65A 144 328   671    62   4.9   3.5   6.1
D56A LATQ  75 257   154    62  11.6  11.8  15.5
D56A  LMN  96 283   775    62   0.8   2.9   2.0
D56A LSQQ 324 143   278    62   3.2  12.0  10.0
D56A M66A 148 332   742    62   3.2   1.8   4.1
D56A N62A 171 352   687    59   2.0   3.9   2.5
D56A NATG  63 252   949    61   2.2   1.0   1.9
D56A QM16 109 294   564    50   5.4   0.1   5.0
D56A QM38  75 258   303    62   6.6  11.9  10.8
D56A QM50  56 238   277    31  14.7   4.3   9.1
D56A QM60  24 205   258    31   2.4   2.6   6.0
D56A QMM5  44 228   607    62   5.8   5.9   4.0
D56A SHEY  98 287  1009    62   1.0   2.1   2.6
D56A VLDQ 300 118   259    62  10.0  11.3  11.2
D56A  WES 151 333   585    62   5.7   2.9   5.7
D59A D60A  98 279    70    62  17.8  25.3  26.3
D59A D62A  87 269   212    55   1.1   6.9   7.0
D59A D63A  88 271   284    62  10.2  14.8  14.0
D59A DRLN  72 262  1094    60   0.0   3.8   3.0
D59A E55A 261  78   328    62   8.7   8.5   8.9
D59A E58A 238  57   131    62  14.5  19.4  17.8
D59A E62A 103 285   182    53  10.5  19.4  16.3
D59A E64A 101 284   313    62   7.8   9.5  11.5
D59A EDEY 100 287   754    62   3.0   2.8   3.8
D59A EMMW 125 308   425    62   3.6   8.5  10.3
D59A F57A 240  58   257    62   8.1  14.2  14.4
D59A F60A 184   4   116    62  12.4  17.1  21.2
D59A F61A 150 331   132    62  13.7  10.0  12.5
D59A F62A 130 311   189    62   9.8  20.2  16.8
D59A F64A 114 297   297    62   7.4  10.7  14.3
D59A G57A 230  48   323    62   5.4  15.9  15.2
D59A G59A 206  25   238    62   2.7  11.1   7.9
D59A G61A 173 353   193    62   3.6  16.3  12.2
D59A G62A 153 334   223    62   8.9   6.9  13.2
D59A G63A 140 322   271    62   5.6  11.8  13.0
D59A  GBN  99 286   816    62   1.7   5.7   0.6
D59A  GGN 117 300   440    62   4.3  11.0   9.0
D59A H61A 182   1   276    62   9.5   9.1  10.4
D59A H63A 151 332   296    62   8.9   6.8  12.6
D59A H64A 141 323   332    62   8.2   3.2   7.6
D59A H65A 131 314   379    62   5.3  14.0  16.7
D59A  HAL 109 295   692    62   3.5   5.2   6.0
D59A HANN 106 290   409    62   6.3  12.3  11.1
D59A HOLY  95 279   414    62   2.6   6.5   6.1
D59A I57A 223  40   454    62   0.9  11.8  11.9
D59A I60A 198  17   370    62  11.1   8.8  14.4
D59A I62A 173 354   350    62   6.2  10.4  10.3
D59A I63A 163 344   343    62  10.0   7.1  10.9
D59A I64A 153 334   384    62   8.1  12.2  10.1
D59A  ICQ  49 232   439    62   6.9   4.5   4.9
D59A J59A 209  27   446    62   4.5  10.9  11.8
D59A J62A 180 360   420    62   3.9   3.3   4.7
D59A J63A 172 352   419    59   5.8   0.2   3.8
D59A JOSY 122 306   547    31   4.4   8.8   9.5
D59A K60A 199  18   514    62   6.6   3.2   5.3
D59A L63A 178 358   572    62   5.1   4.0   6.2
D59A LATQ 301 120    83    62  15.4  14.2  17.6
D59A LSQQ 303 119   446    62   9.4   3.3   8.0
D59A M66A 167 349   653    62   5.5   4.3   8.5
D59A N62A 192  10   688    59   0.7   0.6   1.2
D59A NATG  58 245   758    61   1.6   0.8   1.4
D59A PLVO 244  60   461    62   6.7   4.3   5.7
D59A QM38  45 225   105    62  19.3  13.3  18.1
D59A QM50   5 185   156    31   7.3   3.5   6.5
D59A QM60 336 154   265    31   2.4   8.1   7.2
D59A QMM5  26 209   481    62   7.0   8.0   9.9
D59A SHEY 102 289   789    62   4.2   0.5   2.0
D59A SUSY 104 289   513    62   2.0   2.4   0.7
D59A  WES 175 356   515    62   2.2   5.8   3.8
D59A WODY 108 293   594    62   3.7   6.2   6.6
D60A D62A  82 263   144    55   0.8  19.0  15.3
D60A D63A  85 267   215    62   3.0  10.1   7.7
D60A DRLN  70 260  1032    60   2.3   7.2   5.4
D60A E55A 264  81   396    62   7.9   8.8   8.7
D60A E58A 252  71   190    62  16.0  12.1  18.2
D60A E62A 106 287   112    53   9.7  15.7  15.4
D60A E64A 102 284   243    62   7.1  10.4  12.3
D60A EDEY 101 287   684    62   1.0   3.3   5.2
D60A EMMW 131 314   364    62   9.3  10.4  12.2
D60A F57A 248  66   315    62   5.3   4.9   7.4
D60A F60A 217  37   131    62   7.5   4.3   5.3
D60A F61A 183   3   105    62  10.5   9.1  12.0
D60A F62A 147 327   135    62  15.9  12.4  14.3
D60A F64A 120 301   230    62   3.9  14.5  14.8
D60A G57A 239  56   373    62   5.4   5.3   7.4
D60A G59A 221  40   268    62   3.3   6.0   5.9
D60A G61A 195  14   187    62   6.7  15.5  13.6
D60A G62A 171 351   191    62   8.5  16.5  12.9
D60A G63A 153 334   224    62  14.3  10.1  13.7
D60A  GGN 121 304   374    62   6.2   8.1   8.5
D60A H61A 197  16   277    62   8.9   3.0   7.3
D60A H62A 184   4   261    62   8.5   2.6   5.9
D60A H63A 164 345   260    62  10.6   8.1  13.0
D60A H64A 152 333   285    62   9.6   3.0   9.0
D60A H65A 139 321   323    62   9.4   2.4   5.3
D60A  HAL 111 297   624    62   1.7   6.5   7.6
D60A HANN 108 291   340    62   3.6  10.1   8.6
D60A HOLY  96 279   344    62   2.2  10.8   8.6
D60A I57A 230  47   497    62   2.2   8.9   9.0
D60A I60A 209  28   388    62   3.7   8.9   6.4
D60A I62A 186   5   339    62   2.5   2.8   3.1
D60A I63A 175 355   319    62  13.4   9.1  11.2
D60A I64A 163 344   348    62  12.0   3.7   9.5
D60A  ICQ  42 224   397    62  12.9   3.6   8.9
D60A J59A 218  35   475    62   3.7   6.3   6.3
D60A J62A 190   9   416    62   3.2   1.7   2.0
D60A J63A 182   2   404    59   2.3   0.7   1.7
D60A K60A 207  25   532    62   0.8  10.6   6.0
D60A K62A 193  12   483    62   3.8   3.1   4.4
D60A L63A 186   5   564    62   3.3   7.6   7.6
D60A L65A 172 353   547    62   5.5   5.8   6.7
D60A LATQ 291 110   150    62  12.8   8.1  23.7
D60A  LMN 102 286   485    62   0.7   7.8   7.7
D60A LSQQ 300 116   511    62  10.8   0.6   8.7
D60A M66A 174 355   631    62   9.2   1.0   0.1
D60A MALY  99 285   595    62   0.9   5.3   5.2
D60A PLVO 249  64   520    62   8.7   5.0   8.9
D60A QM16 128 311   298    50   1.0   4.6   3.4
D60A QM38   4 184    85    62  15.6  14.2  17.4
D60A QM50 342 161   175    31  11.4   7.6  12.1
D60A QM60 325 143   308    31   2.9   2.6   2.0
D60A QMM5  19 200   464    62   0.2   1.9   3.3
D60A SHEY 103 289   719    62   4.5   3.3   7.2
D60A VLDQ 288 103   533    62   8.1   2.6   6.6
D60A  WES 184   3   504    62   6.5   2.3   5.8
D60A WODY 110 295   525    62   2.7   8.6   8.8
D62A D63A  94 274    72    55  11.4  14.7  14.6
D62A DRLN  70 259   891    86   2.1   4.1   2.8
D62A E55A 265  80   540    55   7.6   0.7   9.8
D62A E58A 258  75   333    55   7.4   3.6   6.5
D62A E62A 215  35    63    84  14.6  22.9  19.5
D62A E64A 128 309   119    55   6.7  16.5  17.8
D62A EDEY 107 292   550    55   3.1   4.3   4.8
D62A EMMW 154 335   291    81  15.5   2.5   9.4
D62A F57A 254  70   456    55   9.9   3.2   9.6
D62A F60A 242  60   255    55  10.1   6.9   8.7
D62A F61A 231  50   193    55   9.8  16.1  15.7
D62A F62A 208  28   149    86  16.4  11.0  16.0
D62A F64A 158 339   146    86  14.0  12.6  13.7
D62A G57A 247  62   509    55   4.2   7.7   5.4
D62A G59A 237  54   389    55   4.6   4.8   7.5
D62A G61A 225  43   277    55   3.8   9.2   7.2
D62A G62A 209  28   237    86  12.0  12.1  14.9
D62A G63A 192  11   223    55   9.1  11.1  12.2
D62A  GBN 105 290   610    86   3.2   8.4   6.9
D62A  GGN 141 323   277    72  10.6  12.4  15.5
D62A H61A 219  37   362    55   4.1   7.2   7.1
D62A H62A 211  30   323    86   3.8  14.2  12.6
D62A H63A 196  16   280    55   0.5   4.4   7.7
D62A H64A 183   3   272    55   7.8   6.5  11.5
D62A H65A 166 347   272    55  13.4   7.4  10.4
D62A  HAL 121 305   503    84   6.1   9.7  10.7
D62A HANN 126 308   220    86  13.3  15.3  17.7
D62A HOLY 106 288   207    55   8.4  10.7  14.5
D62A I57A 238  54   623    55   4.8   7.9   7.9
D62A I60A 224  41   489    55   3.3   7.8   9.7
D62A I62A 207  26   399    86   6.0   9.9   6.3
D62A I63A 200  19   357    86   0.6   7.4   4.3
D62A I64A 188   7   354    55   4.7   5.0   7.8
D62A  ICQ  25 207   302    86   9.5   6.6   9.4
D62A J59A 229  45   587    86   1.4   4.1   3.5
D62A J63A 201  20   452    52   4.4  10.1   9.6
D62A JOSY 142 324   393    24   2.0   6.0   0.2
D62A K60A 219  36   626    55   1.5  13.9  10.7
D62A L63A 200  18   615    55   4.9   5.0   6.5
D62A L65A 188   8   567    55   4.0   4.9   4.4
D62A LATQ 278  95   285    86   6.5   3.0  10.1
D62A  LMN 111 294   353    86   6.3  12.5  10.2
D62A LSQQ 293 107   630    86   9.4   1.3  12.1
D62A M66A 188   7   653    55   3.3   5.5   5.2
D62A N62A 209  26   769    86   1.2   5.1   3.7
D62A NATG  50 235   581    85   4.0   6.7   5.3
D62A PLVO 253  67   661    86  12.9   3.9   9.8
D62A QM16 157 338   225    50   4.8   9.0   8.1
D62A QM38 297 115   151    55  15.9   5.3  11.8
D62A QM50 308 126   245    31  14.1   2.6   8.6
D62A QMM5   2 183   419    55   6.1   3.8   5.6
D62A SHEY 109 294   587    55   0.8   3.0   4.3
D62A SUSY 117 300   317    55   2.4  11.0  10.4
D62A VLDQ 284  97   665    55   5.5   4.9   3.7
D62A  WES 200  18   552    86   7.0   5.5   5.3
D62A WODY 121 305   405    55   0.5   9.1   6.6
D63A E55A 267  81   611    62   6.2   1.9   7.8
D63A E58A 261  78   402    62   8.0   6.4  10.4
D63A E62A 247  66   118    53  11.1  13.9  13.2
D63A E64A 163 343    72    62  14.7  16.4  17.3
D63A EDEY 110 294   480    62   6.6   8.8   9.7
D63A EMMW 169 349   264    62  14.0   9.8  14.5
D63A F57A 257  73   524    62   8.8   4.9   9.2
D63A F60A 249  67   318    62  16.7   2.9  13.5
D63A F61A 243  61   251    62   5.0   2.9   6.5
D63A F62A 229  48   191    62   6.6  13.3  12.2
D63A F64A 188   8   132    62  14.9  14.2  17.7
D63A G57A 251  66   574    62   4.7   4.7   5.6
D63A G59A 243  59   449    62   1.9   8.0   6.7
D63A G61A 235  52   328    62   1.3   6.4   7.1
D63A G62A 224  42   276    62   0.2   5.1   5.3
D63A  GBN 107 292   540    62   1.4   8.9   6.6
D63A  GGN 155 336   235    62  10.3   8.7  13.7
D63A H62A 222  40   362    62   7.9   6.1   7.5
D63A H63A 210  29   304    62   0.7  11.0   9.8
D63A H64A 198  18   280    62   1.2  10.8   8.7
D63A H65A 182   2   260    62   7.7   3.2   5.2
D63A  HAL 126 309   441    62   9.2  11.1  10.8
D63A HANN 141 322   165    62  13.7  11.7  15.0
D63A HOLY 114 295   138    62   9.4  11.8  19.5
D63A I57A 242  57   683    62   2.6   4.6   5.3
D63A I60A 231  47   539    62   0.6   3.2   4.7
D63A I62A 217  35   433    62   1.2   7.8   8.8
D63A I63A 211  29   384    62   1.2   7.2   7.0
D63A I64A 200  18   366    62   7.3   5.8   8.8
D63A J59A 234  49   640    62   3.7   2.9   2.4
D63A J62A 216  33   514    62   4.8  10.3   9.5
D63A J63A 210  28   478    59   0.7   7.8   5.8
D63A JOSY 151 333   349    31   7.4   2.3   2.1
D63A K60A 225  41   671    62   1.2   2.9   2.9
D63A K62A 215  32   585    62   3.6   7.7   9.3
D63A L63A 207  25   639    62   2.1   8.2   6.8
D63A L65A 196  15   577    62   0.4   6.8   5.8
D63A LATQ 278  94   356    62   5.6   2.3   5.1
D63A  LMN 116 299   286    62   5.6   7.9   9.5
D63A LSQQ 292 105   698    62   5.1   4.2   5.2
D63A M66A 195  13   662    62   3.5   5.0   5.3
D63A MALY 109 292   391    62   4.5  10.4   8.1
D63A N62A 214  31   803    59   1.9   3.4   3.0
D63A NATG  45 229   532    61   5.7   1.3   6.3
D63A PLVO 256  69   728    62   6.4   1.3   6.5
D63A QM16 177 357   204    50   7.3   7.6   9.5
D63A QM38 290 108   219    62   9.8   2.6  11.0
D63A QM50 301 118   307    31   6.2   2.2   7.7
D63A QMM5 353 173   426    62   5.1   5.8  10.1
D63A SHEY 112 296   518    62   8.5   8.6  11.4
D63A SUSY 125 306   253    62   2.3  11.0   9.6
D63A VLDQ 284  96   736    62   3.8   4.1   2.7
D63A  WES 207  25   576    62   1.5   3.5   6.2
D63A WODY 128 310   343    62   3.0   9.0  11.9
DRLN E55A 264  71  1419    60   0.8   0.3   1.3
DRLN E58A 261  69  1222    60   4.3   1.5   5.4
DRLN E62A 256  68   943    84   4.0   0.3   3.5
DRLN E64A 252  64   834    60   0.8   3.0   0.8
DRLN EDEY 222  39   559    60   1.0   2.1   2.8
DRLN F60A 257  66  1144    60   2.7   4.8   6.6
DRLN F61A 255  65  1076    60   0.4   5.1   2.6
DRLN F62A 253  64  1008    91   6.1   2.1   4.6
DRLN F64A 249  61   898    91   1.5   3.7   0.2
DRLN G57A 257  65  1399    60   2.8   1.4   2.7
DRLN G59A 255  63  1273    60   4.8   1.3   3.3
DRLN G61A 253  62  1147    60   2.9   4.8   5.0
DRLN G62A 250  61  1082    91   1.9   2.3   3.6
DRLN G63A 248  59  1026    60   0.7   5.5   4.1
DRLN  GGN 240  54   843    77   3.2   1.7   1.0
DRLN H62A 249  59  1161    91   1.3   2.1   1.9
DRLN H64A 244  56  1027    60   3.5   4.6   4.8
DRLN H65A 242  54   961    60   3.7   2.1   4.3
DRLN  HAL 224  40   691    89   2.3   1.2   2.7
DRLN HANN 245  58   791    91   3.3   1.4   3.6
DRLN HOLY 249  62   735    60   6.4   3.4   2.9
DRLN I57A 254  61  1507    60   3.3   2.8   2.5
DRLN I60A 249  58  1349    60   1.9   2.7   4.0
DRLN I64A 242  53  1101    60   4.1   1.1   2.0
DRLN  ICQ 276  89   709    91   6.7   1.1   5.3
DRLN J62A 244  54  1288    60   2.7   2.2   2.6
DRLN J63A 243  53  1237    57   0.4   1.5   1.1
DRLN K62A 243  52  1353    91   1.9   5.6   2.6
DRLN L63A 238  48  1370    60   0.3   4.8   3.2
DRLN L65A 235  46  1263    60   2.2   4.2   3.8
DRLN LATQ 265  74  1150    91   1.5   4.3   2.3
DRLN  LMN 238  53   667    91   1.6   6.8   5.3
DRLN LSQQ 276  82  1417    91   3.5   3.6   3.8
DRLN MALY 231  47   585    60   4.1   1.4   4.6
DRLN N62A 240  48  1555    88   2.3   1.6   2.5
DRLN PLVO 260  65  1552    91   3.3   1.5   3.1
DRLN QM16 244  57   909    50   3.1   0.8   1.9
DRLN QM38 265  75  1001    60   7.1   4.8   8.7
DRLN QM50 270  80  1042    31   2.4   2.2   3.5
DRLN QM60 276  84  1152    31   1.0   1.9   3.4
DRLN QMM5 287  98   827    60   4.9   5.6   5.3
DRLN SHEY 218  35   570    60   3.1   2.4   6.1
DRLN VLDQ 273  78  1490    60   3.0   1.7   2.7
DRLN WODY 232  47   712    60   4.8   5.5   8.9
E55A E58A  91 273   214    62   7.9   9.7  14.5
E55A E62A  86 270   501    53   0.1   5.2   4.3
E55A E64A  87 273   632    62   0.8   7.8   7.0
E55A EDEY  91 281  1070    62   2.7   6.6   6.0
E55A F57A 124 305   127    62  14.1  15.4  15.7
E55A F60A  98 281   321    62   4.1  14.0  12.2
E55A F61A  96 280   394    62   5.8   8.2  11.4
E55A F62A  95 280   474    62   7.9   6.7  10.2
E55A G57A 151 331   172    62  17.3  18.1  18.8
E55A G59A 123 305   271    62   3.8  10.8   8.1
E55A G61A 109 292   375    62   2.8   9.8   8.9
E55A G62A 106 290   451    62   4.4   9.1  12.5
E55A G63A 104 289   522    62   6.6   5.9   8.0
E55A  GBN  91 281  1132    62   1.3   5.0   4.2
E55A  GGN  98 285   731    62   0.7   3.7   2.5
E55A H61A 122 305   388    62   8.8   9.1  11.2
E55A H62A 117 300   436    62   8.1  11.0  13.4
E55A H63A 111 295   510    62   5.1   8.3   8.2
E55A H64A 108 293   570    62   6.4   7.5   9.1
E55A  HAL  97 286   993    62   0.3   2.2   2.6
E55A HANN  92 278   720    62   4.5   6.3   6.8
E55A HOLY  86 273   736    62   2.0   6.9   5.2
E55A I57A 173 354   281    62   7.9  10.1  11.0
E55A I60A 142 324   362    62   9.7   8.7  12.7
E55A I62A 126 309   469    62   6.7  14.8  12.3
E55A I63A 120 304   506    62   6.9   9.3   9.6
E55A I64A 117 301   578    62   6.5   5.5   8.4
E55A  ICQ  59 246   739    62   2.9   3.7   3.2
E55A J59A 159 340   354    62  10.5  10.4  17.4
E55A J62A 135 318   491    62   6.2   5.0   7.6
E55A J63A 130 314   528    59   2.3  11.6   7.0
E55A JOSY 104 291   823    31   0.7   3.0   3.4
E55A K60A 157 339   460    62   9.1   7.3  10.2
E55A K62A 143 326   519    62   6.8   4.1   5.2
E55A L63A 144 327   622    62   6.3   0.3   4.6
E55A L65A 134 318   686    62   4.2   4.9   7.1
E55A LATQ  66 249   270    62   7.8   7.9   9.8
E55A  LMN  90 278   871    62   0.1   2.2   2.2
E55A LSQQ 347 166   298    62  10.1   7.8  10.0
E55A M66A 138 322   748    62   6.8   2.9   5.7
E55A MALY  90 279   983    62   4.4   3.1   2.6
E55A N62A 160 342   648    59   1.9   2.5   6.1
E55A PLVO 207  26   176    62   4.8  15.0  13.5
E55A QM16  99 285   645    50   0.3   0.0   3.8
E55A QM38  69 253   418    62   3.6   6.4  11.1
E55A QM60  33 215   364    31   7.0   3.8   5.5
E55A QMM5  45 230   724    62  10.3   6.0   8.5
E55A SHEY  93 283  1102    62   2.7   5.9   4.9
E55A SUSY  92 279   825    62   6.0   5.6   5.7
E55A VLDQ 327 146   232    62   4.4   5.6   6.1
E55A  WES 138 322   589    62   4.2   2.2   3.5
E55A WODY  96 284   898    62   2.7   2.6   4.1
E58A E62A  83 266   290    53   5.7   9.5   9.6
E58A E64A  87 271   419    62   3.6   7.4  10.0
E58A EMMW 110 294   491    62   8.8  11.1  12.2
E58A F57A 241  60   126    62  12.3  17.8  19.0
E58A F60A 113 294   112    62  19.4  12.6  15.7
E58A F61A 103 285   182    62   4.9  13.5  11.5
E58A F62A 100 283   261    62   9.5  10.2  10.2
E58A F64A  97 280   385    62   2.4   6.3   4.7
E58A G57A 224  43   194    62   8.0  13.6  15.1
E58A G59A 177 357   144    62   7.1   5.9  13.4
E58A G61A 131 312   182    62  14.7  20.1  22.6
E58A G62A 120 302   249    62   5.7  15.0  13.6
E58A G63A 115 297   317    62   6.7  11.0  11.3
E58A  GGN 103 288   520    62   1.3   3.6   3.3
E58A H61A 152 333   231    62  18.0  12.4  16.2
E58A H62A 140 321   260    62  13.4  12.2  12.9
E58A H63A 126 308   317    62   8.7  15.0  14.7
E58A H64A 120 303   371    62   0.3   6.9   5.7
E58A H65A 114 297   435    62   5.7  10.4  10.8
E58A  HAL 101 288   781    62   2.0   1.8   2.9
E58A HANN  94 279   506    62   2.5   5.4   6.8
E58A I57A 216  34   329    62   4.8   9.1   8.9
E58A I60A 180   0   281    62   6.9   9.0  13.7
E58A I62A 150 332   317    62   6.3   7.9  11.6
E58A I63A 140 322   334    62  10.0   9.0  11.1
E58A I64A 132 315   395    62   6.1  11.8  11.7
E58A  ICQ  50 234   569    62   1.6   4.9   2.5
E58A J59A 197  16   337    62   6.7   7.0  10.0
E58A J62A 161 342   368    62   5.0  11.0  10.8
E58A J63A 152 334   385    59   3.1   0.5   6.7
E58A JOSY 110 295   616    31   3.0   5.0   9.6
E58A K60A 187   6   420    62   3.1   5.7   7.5
E58A K62A 168 349   420    62   2.9   7.7   4.1
E58A L63A 164 346   518    62   4.6   2.2   5.1
E58A L65A 151 333   547    62   6.9   6.7   6.2
E58A LATQ  18 199   119    62  13.4   5.8  12.5
E58A LSQQ 318 136   408    62   7.8   3.7   8.5
E58A M66A 155 337   622    62   5.4   1.1   3.3
E58A N62A 182   1   605    59   4.1   2.9   3.3
E58A NATG  57 245   889    61   5.1   1.0   3.5
E58A PLVO 245  62   331    62   7.3   6.5   9.9
E58A QM38  51 233   234    62  15.7   5.9  12.1
E58A QM50  28 209   257    31   4.0  10.7   8.9
E58A QM60 359 179   311    31   9.0   5.1  11.0
E58A QMM5  32 215   597    62   2.7   9.1   4.0
E58A SHEY  95 283   888    62   1.4   5.4   3.1
E58A SUSY  94 280   611    62   5.3   5.8   8.0
E58A VLDQ 302 119   395    62  12.6   3.6  11.9
E58A  WES 160 341   470    62   9.0   6.2   9.9
E58A WODY  99 285   685    62   3.7   3.3   6.1
E62A E64A  99 280   132    53   1.2  13.9  13.4
E62A EDEY 101 286   573    53   0.6   2.4   2.2
E62A EMMW 142 324   267    79   3.6  11.6  10.5
E62A F57A 259  75   409    53   7.7   1.4   8.4
E62A F60A 250  68   201    53  12.7   8.2  13.8
E62A F61A 238  57   134    53  16.8  11.0  17.5
E62A F62A 203  23    87    84   3.6  14.4  11.1
E62A F64A 132 313   124    84   9.8  17.4  14.0
E62A G59A 240  58   332    53   3.1  11.1   8.9
E62A G62A 207  26   174    84  14.7  12.7  15.1
E62A G63A 183   3   167    53  10.8   4.4  10.6
E62A  GBN  99 285   634    84   2.7   1.3   2.4
E62A  GGN 128 310   267    70   5.7  13.5  11.9
E62A H63A 191  10   221    53   7.4  10.8  15.2
E62A H64A 174 354   221    53  11.6   4.5  10.5
E62A H65A 155 336   236    53  14.4   1.6  15.2
E62A  HAL 113 298   512    82   2.3  10.6   7.6
E62A HANN 110 292   228    84  10.8  12.5  15.0
E62A HOLY  91 274   235    53   6.7   6.9   8.6
E62A I57A 240  56   566    53   3.9   6.6   7.2
E62A I60A 225  42   427    53   0.4   8.1   6.8
E62A I62A 206  24   337    84   3.6  11.1   6.5
E62A I63A 197  16   297    84   6.8   9.7  11.5
E62A I64A 182   2   300    53  11.0   7.1   9.2
E62A  ICQ  27 208   364    84   9.3   2.7   9.9
E62A J59A 230  46   526    84   5.7  10.0   8.5
E62A J62A 206  25   418    53   1.4  14.9   9.7
E62A J63A 199  18   391    50   2.8   5.7   5.1
E62A JOSY 132 315   379    23   4.1  10.5   9.9
E62A K60A 219  36   564    53   9.4   6.1   8.4
E62A K62A 207  25   489    84   4.7   8.8  11.6
E62A L63A 198  17   554    53   1.0   3.0   3.4
E62A L65A 185   5   512    53   4.2   0.9   2.9
E62A LATQ 290 108   262    84  11.1   3.1  15.3
E62A  LMN 101 285   374    84   3.9   9.9   7.6
E62A M66A 185   5   598    53   4.6   4.3   3.6
E62A MALY  99 283   485    53   2.6   1.5   3.1
E62A N62A 208  25   707    84   4.2   3.9   4.1
E62A NATG  48 233   642    83   2.7   2.9   5.7
E62A PLVO 256  71   612    84  10.0   6.5   9.2
E62A QM16 142 323   199    49   0.2   6.5   7.0
E62A QM38 320 139   155    53  15.1  10.3  12.7
E62A QM50 322 140   256    30   3.4   3.9   6.7
E62A QMM5   6 187   473    53   0.8   6.3   3.7
E62A SHEY 103 288   608    53   3.8   0.2   7.4
E62A SUSY 106 289   331    53  10.5  10.4  12.4
E62A VLDQ 289 103   645    53   9.5   2.7   8.2
E62A  WES 198  16   492    84   1.8   2.1   4.6
E62A WODY 112 296   413    53   1.5  10.9   8.5
E64A EMMW 171 351   192    62  10.5   7.7  12.4
E64A F57A 265  80   535    62   6.9   2.8   7.7
E64A F60A 263  80   322    62   8.5   3.7   7.7
E64A F61A 260  77   249    62   8.8   5.4   7.7
E64A F62A 251  70   175    62  12.0  13.1  16.0
E64A F64A 213  33    74    62  15.3  15.5  16.4
E64A G57A 258  73   575    62   7.2   3.3   6.0
E64A G59A 252  68   442    62   6.4   4.6   5.1
E64A G61A 248  65   314    62   8.7   9.7  12.9
E64A G62A 239  57   249    62   3.7   4.2   2.5
E64A G63A 225  43   201    62   4.4  10.0  11.4
E64A  GBN 101 285   503    62   4.5   6.2   7.8
E64A  GGN 152 332   164    62   6.9  15.2  13.0
E64A H62A 233  51   331    62   5.4   7.3  11.0
E64A H63A 222  41   260    62   5.5  11.8  10.8
E64A H64A 209  28   225    62   8.4  14.9  14.0
E64A H65A 190  10   194    62   6.6   3.4   7.9
E64A  HAL 119 302   386    62  10.0  10.6  12.3
E64A HANN 126 306   101    62   8.3  10.4  20.6
E64A HOLY  83 264   105    62  15.9  11.3  15.0
E64A I57A 249  63   674    62   4.9   3.1   1.7
E64A I60A 238  54   516    62   3.4   8.8   7.1
E64A I62A 226  43   395    62   5.1   9.5   9.9
E64A I63A 220  38   340    62   9.5  10.8  11.0
E64A I64A 208  26   312    62   8.2   8.5  13.4
E64A  ICQ   7 187   348    62   4.6   7.5   7.3
E64A J59A 240  56   620    62   0.9   4.6   3.4
E64A J62A 223  40   474    62   3.2   8.2   7.3
E64A J63A 218  35   433    59   3.1  12.0  11.2
E64A JOSY 149 330   279    31   5.5   4.7   3.9
E64A K62A 222  38   544    62   1.9   4.6   3.6
E64A L63A 212  30   590    62   5.2   5.6   4.8
E64A L65A 201  19   519    62   4.7   0.1   5.2
E64A LATQ 288 104   392    62  10.4   3.1   8.8
E64A  LMN 104 286   242    62   7.2  10.7  12.5
E64A LSQQ 296 110   746    62   5.8   0.7   2.0
E64A M66A 199  17   602    62   1.5   5.8   5.5
E64A MALY 100 283   353    62   6.0   4.7   7.1
E64A N62A 219  35   760    59   3.0   6.0   6.1
E64A NATG  39 223   568    61   3.9   0.4   7.3
E64A QM16 184   4   135    50  13.2   5.2  13.6
E64A QM38 302 120   269    62  15.1   5.1  12.1
E64A QM50 309 126   364    31   8.1  11.6  12.9
E64A QM60 309 124   513    31   2.3   2.1   1.0
E64A QMM5 352 171   497    62   7.4   9.3  10.0
E64A SUSY 112 294   201    62   9.0  12.5  13.3
E64A VLDQ 288 101   776    62   4.2   1.8   3.4
E64A  WES 213  31   527    62   4.1   9.5   8.3
E64A WODY 120 302   287    62   2.4  12.4  12.7
EDEY EMMW 260  77   413    62  11.9   4.6  10.4
EDEY F57A 277  88   965    62   4.4   3.6   5.1
EDEY F60A 278  91   752    62   5.7   6.2   5.6
EDEY F64A 278  94   472    62  12.5   1.9   8.0
EDEY G59A 271  83   853    62   4.1   2.5   5.2
EDEY G61A 272  85   721    62   6.1   2.4   6.0
EDEY G62A 271  85   644    62  10.0   1.6   7.9
EDEY G63A 269  84   574    62   4.9   4.2   5.3
EDEY  GBN  93 274    63    62  14.5  22.8  21.6
EDEY  GGN 266  83   357    62  10.2   3.7   8.5
EDEY H61A 266  79   764    62   8.3   0.6   7.3
EDEY H62A 265  79   703    62   9.6   4.2  11.2
EDEY H63A 265  79   614    62   3.8   3.5   3.7
EDEY H64A 263  78   551    62  11.8   1.0   9.3
EDEY  HAL 229  48   134    62   5.4  18.3  16.8
EDEY I57A 266  76  1069    62   6.4   2.0   7.0
EDEY I60A 262  75   888    62   7.2   1.0   5.3
EDEY I62A 260  73   736    62   7.3   5.4   4.9
EDEY I63A 260  74   672    62   7.0   7.5   8.7
EDEY I64A 256  71   604    62   5.7   7.0   7.3
EDEY  ICQ 322 139   587    62   4.0   6.2   7.4
EDEY J59A 262  73   993    62   3.6   3.2   3.7
EDEY J62A 255  69   796    62   8.0   6.3   8.4
EDEY J63A 254  68   738    59   0.6   3.2   1.5
EDEY K60A 255  67   978    62   5.5   0.9   5.7
EDEY K62A 252  65   852    62   2.1   6.5   3.4
EDEY L63A 245  59   848    62   0.3   5.7   3.3
EDEY L65A 241  56   729    62   4.1   0.4   2.2
EDEY  LMN 284 102   199    62  13.7  10.2  14.6
EDEY LSQQ 295 104  1178    62   0.2   0.8   0.1
EDEY MALY 296 116    90    62  15.9  11.9  22.2
EDEY N62A 245  57  1034    59   1.9   3.0   1.1
EDEY NATG 356 176   540    61   1.4   8.6   6.0
EDEY QM16 269  85   442    50   6.9   2.6   5.4
EDEY QM38 294 108   699    62   3.8   0.3   1.3
EDEY QMM5 324 139   770    62   1.4   1.0   2.8
EDEY SHEY 143 323    43    62  17.9  20.5  21.5
EDEY SUSY 278  96   245    62   9.1   1.9   8.5
EDEY  WES 248  62   798    62   3.5   5.1   5.2
EDEY WODY 259  77   188    62  17.9   3.7  15.2
EMMW F60A 293 110   379    62   7.8   7.6   9.0
EMMW F61A 298 116   311    62  11.3   3.7   8.9
EMMW F62A 305 123   237    88  11.9  14.3  13.6
EMMW F64A 332 151   146    88  10.9  15.7  13.1
EMMW G57A 277  92   596    62   9.1   4.5  13.1
EMMW G59A 277  93   454    62   9.3   4.2   7.5
EMMW G61A 283 100   327    62  14.4   7.0  12.5
EMMW G62A 284 102   249    88  17.4   6.4  15.8
EMMW G63A 286 104   177    62  12.9   9.9  14.4
EMMW  GBN  78 263   475    88   2.7  12.9  11.0
EMMW  GGN  47 227    67    79  16.5  16.7  17.8
EMMW H61A 268  85   355    62  10.6   7.0  10.6
EMMW H62A 268  86   294    88  16.2  11.2  15.7
EMMW H63A 269  88   204    62  15.8   6.5  13.1
EMMW H64A 268  86   140    62  12.5   7.4  14.6
EMMW H65A 269  89    63    62  14.4  13.7  18.2
EMMW  HAL  90 273   307    86   5.3  15.8  15.2
EMMW HANN  22 203   141    88  13.3   6.1  13.1
EMMW HOLY  21 201   216    62   8.9   7.6  10.0
EMMW I60A 260  76   475    62  10.5   4.9   9.7
EMMW I62A 255  72   323    88   3.1   8.4   9.3
EMMW I63A 255  73   259    88  12.2   6.8  11.3
EMMW I64A 244  63   195    62   5.5  11.3   9.0
EMMW  ICQ   1 182   535    88   0.3   4.2   5.3
EMMW J59A 259  74   581    88   6.0   2.2   7.0
EMMW J62A 246  63   386    62   3.8   4.5   6.0
EMMW J63A 243  60   331    59   6.0   6.2   7.0
EMMW JOSY 113 294   125    31   7.9  12.2  12.5
EMMW K60A 248  64   568    62   6.1   6.4   6.9
EMMW K62A 241  58   447    88   1.4   5.6   6.8
EMMW L63A 228  45   462    62   2.9   6.6   6.1
EMMW L65A 216  34   364    62   4.3  11.3   9.9
EMMW LATQ 308 124   508    88   9.1   7.5  11.3
EMMW  LMN  58 239   244    88  12.4   4.8  10.0
EMMW LSQQ 307 120   871    88   5.9   5.8   5.6
EMMW N62A 232  48   646    85   2.2   8.0   6.9
EMMW NATG  28 211   712    87   2.3   2.5   2.6
EMMW QM16 325 145    68    50   7.4  17.3  16.5
EMMW QM38 323 140   421    62   5.5   7.1   7.0
EMMW QMM5 352 171   690    62   2.5   1.4   2.4
EMMW SHEY  82 266   434    62   1.5  12.1   9.3
EMMW SUSY  54 236   195    62  11.3   7.7  15.5
EMMW VLDQ 300 112   880    62   6.2   4.2   7.4
EMMW  WES 232  49   405    88   4.9  11.1   8.5
EMMW WODY  78 260   225    62   2.8  14.8  10.6
F57A F60A  84 266   213    62   9.6  13.4  13.6
F57A F61A  85 268   288    62   5.4   5.0   8.2
F57A F62A  87 270   367    62  10.2   4.2   8.0
F57A F64A  87 272   493    62   1.4   7.4   2.9
F57A G59A 124 305   144    62   5.4  18.0  14.7
F57A G61A 102 285   254    62   6.4  11.3  10.5
F57A G62A 100 283   332    62   7.8  12.6  10.4
F57A G63A  99 283   404    62   9.4   8.8   9.2
F57A  GGN  94 280   619    62   0.0   2.5   3.6
F57A H61A 122 304   260    62   8.8  12.9  13.7
F57A H62A 115 298   310    62   6.4  10.9   9.7
F57A H63A 108 291   387    62   2.4  11.4  10.5
F57A H64A 105 289   449    62   3.1   3.4   2.2
F57A H65A 101 286   521    62   2.3   2.6   4.3
F57A HANN  86 272   615    62   1.6   0.8   1.6
F57A HOLY  80 266   640    62   5.0   5.4   6.8
F57A I57A 200  20   222    62  12.2   5.6   9.3
F57A I60A 153 334   245    62  10.7   9.6  10.9
F57A I62A 128 310   342    62   9.8  12.3  13.7
F57A I63A 120 303   379    62   1.4   7.5   7.3
F57A  ICQ  51 236   693    62   6.2   4.3   4.7
F57A J59A 177 357   261    62   9.1   6.7   9.7
F57A J62A 140 322   367    62   8.7  10.0  11.8
F57A J63A 133 316   402    59   4.9  10.6  10.8
F57A K60A 169 350   361    62   4.8   4.3   7.0
F57A K62A 150 332   401    62   9.5   3.2   7.5
F57A L65A 137 320   562    62   7.4   1.7   8.4
F57A LATQ  39 221   228    62  14.3   1.9  10.4
F57A LSQQ 335 154   400    62   7.6   9.9  10.5
F57A M66A 142 325   626    62   4.4   2.1   3.8
F57A MALY  86 274   881    62   0.6   3.1   2.8
F57A N62A 169 350   551    59   6.3   4.2   8.9
F57A NATG  56 245  1014    61   3.5   3.7   1.0
F57A PLVO 246  64   205    62  13.1  12.4  22.9
F57A QM16  95 280   531    50   2.6   7.8   8.1
F57A QM38  53 236   359    62   6.8   7.1   8.5
F57A QM50  37 220   369    31   8.5   3.2   8.2
F57A QMM5  36 220   710    62   4.4   2.7   5.6
F57A SUSY  88 274   720    62   4.1   6.4   4.8
F57A VLDQ 320 137   352    62   4.7   7.6   9.0
F57A WODY  92 279   788    62   3.1   4.8   2.8
F60A F61A  89 270    74    62  13.3  15.7  16.1
F60A F62A  92 274   154    62   6.1  14.9  11.5
F60A F64A  91 274   280    62   3.0   7.3   5.2
F60A G57A 249  67   256    62  11.4  12.6  14.2
F60A G59A 225  44   138    62   7.1  10.8  16.0
F60A G61A 156 337    83    62  11.7  18.7  17.3
F60A G62A 126 307   139    62  10.8  12.7  15.7
F60A G63A 117 298   205    62  13.6   7.6  12.2
F60A  GGN 101 285   410    62   4.8   8.8   8.1
F60A H61A 179 359   161    62  17.4  12.8  17.6
F60A H62A 158 338   167    62  17.1   9.6  14.0
F60A H63A 133 315   209    62   7.9  15.5  14.6
F60A H64A 124 306   260    62  11.5  20.3  18.5
F60A H65A 115 297   323    62   2.0   5.0   9.0
F60A HANN  90 273   402    62   6.1   7.7   8.0
F60A HOLY  80 264   428    62   5.4   9.1   7.7
F60A I57A 234  51   370    62   9.3   7.3  10.2
F60A I60A 205  24   259    62   4.5  12.0  10.1
F60A I62A 168 348   238    62  13.8  14.3  19.1
F60A I63A 153 334   239    62   8.9   9.8   8.3
F60A I64A 140 322   292    62   9.2   3.9  13.4
F60A  ICQ  40 223   528    62   4.1   3.8   4.0
F60A J59A 217  35   344    62   3.7   7.9   6.2
F60A J62A 178 358   305    62   1.3   5.0   6.3
F60A J63A 167 347   307    59   5.1   8.6  11.8
F60A K60A 203  22   403    62   2.2   8.5   5.7
F60A L63A 176 357   457    62   4.9   5.9   6.9
F60A L65A 160 341   463    62   7.2   6.9   7.9
F60A LATQ 338 158   170    62   8.0  11.7  17.1
F60A  LMN  89 274   554    62   3.1   5.3   5.6
F60A LSQQ 314 130   511    62   5.7   7.8   9.7
F60A M66A 164 345   543    62   7.8   2.4   7.3
F60A N62A 193  12   573    59   1.3   2.1   2.3
F60A NATG  51 238   832    61   3.8   0.3   3.6
F60A PLVO 257  74   413    62  12.0   4.7  10.5
F60A QM38  23 204   207    62  10.0  11.0  12.7
F60A QM50   5 185   272    31   7.9   3.9   3.8
F60A QMM5  22 204   590    62   1.3   4.9   3.2
F60A SHEY  93 280   783    62   1.2   7.4   5.7
F60A SUSY  91 275   507    62   8.3   5.5   7.5
F60A VLDQ 301 117   505    62  13.8   0.3   7.9
F60A  WES 173 353   401    62   4.8   2.8   3.8
F60A WODY  97 282   577    62   5.6   5.4   5.8
F61A F62A  96 277    80    62  14.0  11.9  14.3
F61A F64A  92 274   205    62   2.8  14.9  14.7
F61A G57A 254  71   327    62  17.3   8.3  14.4
F61A G59A 241  59   198    62  12.3   2.7   6.5
F61A G61A 209  28    87    62   1.4  19.3  10.4
F61A G62A 157 337    91    62  20.1  16.3  19.7
F61A G63A 131 312   144    62   8.0  12.5  19.2
F61A  GGN 105 288   338    62   4.0   9.9  18.7
F61A H61A 205  24   177    62   5.3  17.1  13.1
F61A H62A 185   5   156    62  11.1  12.5  16.8
F61A H63A 152 333   164    62  12.2   6.3  13.4
F61A H64A 136 317   203    62  11.6  15.1  15.3
F61A H65A 122 304   258    62   1.2  13.9   8.2
F61A  HAL 102 287   599    62   6.1   6.1   4.5
F61A HANN  90 273   328    62   9.3   8.4   8.5
F61A HOLY  78 262   354    62   3.7   5.8   8.1
F61A I57A 240  57   432    62   2.3   8.3   4.7
F61A I60A 218  37   298    62   2.6  10.2  11.0
F61A I62A 187   7   235    62  14.6   8.2  13.1
F61A I63A 171 352   216    62   6.9  19.5  14.4
F61A I64A 154 335   252    62   8.7   4.3   7.7
F61A  ICQ  34 217   483    62  12.3   5.6  11.0
F61A J62A 192  12   312    62   2.9   8.1   5.7
F61A JOSY 114 298   435    31   6.7   6.0   9.2
F61A K60A 213  31   439    62   7.1  13.7   8.5
F61A K62A 196  15   381    62   5.5   5.4   5.9
F61A L65A 170 351   445    62   5.0   3.8   6.1
F61A LATQ 319 138   208    62  11.4   8.7  11.6
F61A  LMN  89 274   480    62   3.7  10.0   9.6
F61A LSQQ 309 125   566    62   7.9   0.1   6.5
F61A MALY  89 275   593    62   5.1   5.7   5.1
F61A N62A 201  19   595    59   6.6   3.4   5.0
F61A NATG  49 235   774    61   5.7   3.6   4.0
F61A PLVO 260  76   486    62  12.9   2.4   9.8
F61A QM16 109 291   252    50   5.9   9.5   7.6
F61A QM38   3 183   189    62   7.8  11.8  10.6
F61A QM50 350 169   275    31   2.6   9.3   7.0
F61A QM60 334 153   396    31   3.7   5.3   5.0
F61A QMM5  16 198   565    62   3.5   3.9   5.5
F61A SHEY  94 281   709    62   0.8   8.0   8.3
F61A SUSY  92 276   433    62   4.6   6.1   5.6
F61A VLDQ 298 113   569    62  10.2   1.1   9.4
F61A  WES 184   4   400    62   2.7   6.2   7.6
F61A WODY  99 283   504    62   6.1   6.4   7.9
F62A F64A  91 272   126    93  13.7  20.8  26.1
F62A G57A 259  76   402    62   8.1   9.3  10.7
F62A G59A 251  69   267    62   8.5   9.6  10.1
F62A G61A 241  60   140    62  13.1  14.0  17.0
F62A G62A 211  30    87    93   7.0  11.8  10.1
F62A G63A 163 343    91    62  21.6   9.9  19.7
F62A  GBN  92 278   661    93   1.9   5.2   4.3
F62A  GGN 108 291   259    79  11.8  16.3  15.7
F62A H61A 226  45   217    62   6.9  16.3  12.4
F62A H62A 213  32   174    93   3.5  14.9  12.1
F62A H63A 182   2   137    62  10.9  11.2  12.2
F62A H64A 157 338   151    62  16.5   6.1  13.9
F62A H65A 134 315   190    62   8.9  11.5  11.0
F62A  HAL 103 288   519    91   7.1   8.4   9.9
F62A HANN  89 272   248    93   5.4  15.8  11.3
F62A HOLY  74 257   279    62   3.6   9.2  11.3
F62A I57A 246  62   499    62   3.6   3.1   8.0
F62A I60A 230  48   348    62   4.6  10.4   8.7
F62A I62A 206  25   249    93   3.3  12.3  14.0
F62A I63A 194  13   211    93   6.5  10.8  18.1
F62A I64A 173 353   221    62   8.9  11.3  11.5
F62A  ICQ  26 208   451    93   7.0   6.1   7.3
F62A J59A 235  52   450    93   2.3   7.6   3.6
F62A J62A 207  26   331    62   1.7   9.2   7.7
F62A J63A 197  16   304    59   0.8  11.5   5.3
F62A JOSY 119 302   360    31   4.7   5.7  10.0
F62A K60A 222  39   480    62   6.3  10.0  10.4
F62A K62A 208  26   402    93   5.3  11.9  11.9
F62A L65A 181   1   430    62   4.8   4.1   6.8
F62A LATQ 308 126   272    93  12.3  11.3  12.9
F62A  LMN  89 273   401    93   1.7  10.4  14.8
F62A LSQQ 306 121   634    93  10.1   1.1   5.5
F62A M66A 182   1   515    62   3.0   2.8   2.7
F62A NATG  45 230   722    92   3.6   2.0   4.1
F62A PLVO 263  78   564    93   9.0   2.5   8.9
F62A QM16 115 297   175    50   3.9  10.6  10.4
F62A QM38 341 161   209    62   6.5  11.9  13.3
F62A QM50 336 155   307    31   1.5  11.4   9.0
F62A QM60 326 144   443    31   2.1   6.5   3.7
F62A QMM5   9 189   557    62   1.5   1.5   2.7
F62A SUSY  92 275   353    62   1.8  10.9   7.9
F62A VLDQ 296 110   644    62   7.4   4.4   8.5
F62A  WES 196  15   405    93   5.0   6.9  10.4
F62A WODY 100 284   424    62   4.6  14.9  11.2
F64A G57A 263  78   525    62  11.3   2.7   8.9
F64A G59A 259  75   388    62  10.2   0.9   6.2
F64A G61A 257  74   256    62  11.8   4.6  11.1
F64A G62A 248  66   185    93  14.3  13.0  17.1
F64A G63A 230  50   129    62   7.9  12.8  13.4
F64A  GBN  93 278   535    93   3.0  10.6   8.3
F64A  GGN 125 306   144    79   8.6  17.1  19.5
F64A H61A 243  61   318    62   1.6   6.6   6.1
F64A H62A 238  56   263    93   3.2   9.6   6.2
F64A H63A 225  44   188    62   2.4   9.0   9.9
F64A H64A 207  26   152    62   7.8  16.1  17.2
F64A H65A 176 356   130    62  12.7   7.2  11.1
F64A HANN  88 270   123    93  11.1  14.0  14.3
F64A HOLY  62 244   163    62   8.9  10.8  17.7
F64A I57A 252  67   615    62   8.2   3.3   7.5
F64A I60A 242  58   450    62   4.2   5.0   8.5
F64A I62A 228  46   323    93   1.5   9.2   9.2
F64A I63A 222  40   268    93   3.5  10.5  14.7
F64A J59A 244  59   556    93   6.0   8.9   8.9
F64A J62A 224  42   402    62   4.6  10.5   8.7
F64A J63A 218  36   360    59   3.7  13.0  11.3
F64A JOSY 133 315   256    31   5.6  15.0  14.7
F64A K60A 233  49   571    62   5.5   5.2   9.0
F64A L63A 212  29   516    62   1.6   7.5   4.5
F64A L65A 198  17   447    62   1.9   7.7   6.5
F64A LATQ 298 115   379    93  20.5   9.3  17.8
F64A  LMN  89 271   275    93   4.6   9.8  10.2
F64A LSQQ 302 115   741    93   7.5   5.8   8.7
F64A M66A 196  15   531    62   6.0   4.0   4.5
F64A MALY  89 273   388    62   3.2   9.1  10.8
F64A N62A 219  35   687    90   3.0   5.6   4.8
F64A NATG  38 222   642    92   5.0   4.4   5.2
F64A QM16 157 337    79    50   7.6  25.3  14.2
F64A QM38 317 136   278    62  12.8   7.1  13.2
F64A QM50 320 137   378    31   6.7  10.3   9.4
F64A QMM5 357 176   555    62   9.1   4.9   9.2
F64A SUSY  93 275   227    62   8.7   6.2  11.0
F64A VLDQ 293 106   760    62   9.5   2.4   8.6
F64A  WES 213  31   454    93   0.9   7.7   8.6
F64A WODY 105 288   300    62   8.5  14.9  15.6
G57A G59A  90 272   142    62  15.1   9.7  15.1
G57A G61A  85 267   272    62  10.3  12.3  14.3
G57A G62A  86 269   350    62   3.3   8.7   9.9
G57A G63A  88 272   422    62   3.4   7.4   7.6
G57A  GBN  83 273  1057    62   1.3   6.6   3.6
G57A  GGN  87 273   641    62   4.0   6.5   6.4
G57A H61A 104 286   250    62   8.5  13.5  15.5
G57A H62A 100 282   308    62  11.5   9.5  11.9
G57A H63A  95 279   394    62   5.5  11.6  11.4
G57A H64A  94 278   458    62   1.7   9.9   7.2
G57A H65A  92 277   534    62   3.6   6.8   6.5
G57A  HAL  89 277   901    62   2.4   6.2   6.9
G57A I60A 135 317   194    62   9.6  11.8  16.7
G57A I62A 114 296   321    62   8.0  11.3  14.4
G57A I63A 107 290   369    62   4.4   5.2   5.8
G57A I64A 105 289   445    62   2.0   3.1   0.6
G57A  ICQ  47 233   762    62   1.1   0.4   0.9
G57A J59A 168 348   186    62  11.7  11.0  14.0
G57A J62A 128 311   328    62  10.2   7.7   9.8
G57A J63A 122 304   372    59   5.3   6.8   8.9
G57A JOSY  94 281   717    31   0.7   6.4   5.0
G57A K60A 162 343   290    62   9.2  10.1  12.3
G57A K62A 140 322   350    62   2.6   7.1   9.3
G57A L63A 142 324   452    62   3.7   9.7   8.7
G57A L65A 129 312   525    62   5.8   8.4  11.9
G57A LATQ  33 215   305    62   6.4   2.3   5.7
G57A  LMN  80 268   800    62   3.1   9.4   7.5
G57A LSQQ 342 160   465    62   4.6   8.9   8.7
G57A M66A 136 319   581    62   0.9   6.3   5.2
G57A N62A 165 346   480    59   4.7   3.0   5.7
G57A NATG  53 242  1078    61   5.4   1.8   4.0
G57A PLVO 268  87   165    62  13.0   7.2  14.6
G57A QM16  86 271   553    50   3.5   1.7   5.9
G57A QM38  47 230   427    62  10.6   2.1   6.0
G57A QM50  33 216   446    31   4.6   4.0   6.0
G57A QM60  15 196   469    31   2.1   7.2   3.5
G57A QMM5  34 218   787    62   3.3   3.6   1.2
G57A SUSY  81 268   751    62   3.4   5.0   5.2
G57A  WES 134 317   422    62   4.0   4.7   7.4
G57A WODY  86 274   812    62   2.2   4.8   2.3
G59A G61A  80 261   132    62   6.1  10.5   9.6
G59A G62A  85 267   209    62   3.4   9.9   8.9
G59A G63A  88 270   280    62   7.4  14.7  17.9
G59A  GBN  84 272   916    62   0.8   6.0   4.7
G59A  GGN  87 272   499    62   2.3  10.5   7.8
G59A H61A 122 302   117    62   9.9  18.3  14.5
G59A H62A 109 290   170    62   8.9  12.7  11.7
G59A H63A 100 282   253    62   4.4   7.7   7.0
G59A H65A  95 278   392    62   6.9   7.1   8.4
G59A  HAL  90 277   759    62   1.2   5.9   3.7
G59A HANN  78 262   509    62   0.0   8.4   4.4
G59A HOLY  71 255   546    62   4.9   5.6   6.6
G59A I57A 238  56   234    62   1.9   7.5   6.0
G59A I60A 184   4   138    62   7.4  13.1  13.6
G59A I62A 132 313   199    62  10.4  13.7  16.6
G59A I63A 118 300   236    62   7.8  14.2  14.2
G59A I64A 113 296   310    62   5.1  10.3  12.0
G59A  ICQ  40 224   666    62   1.6   1.5   4.3
G59A J59A 211  30   208    62  11.2   7.1  10.8
G59A J62A 152 332   233    62   9.8  11.3  13.2
G59A J63A 139 321   261    59   6.7  10.6  12.7
G59A JOSY  97 282   575    31   1.6   7.3   3.8
G59A K60A 192  11   280    62   0.2   9.5  14.8
G59A K62A 164 345   279    62  12.8  11.6  12.9
G59A L63A 160 341   379    62   5.2   5.7   8.7
G59A L65A 142 324   423    62   5.8   5.3   6.7
G59A LATQ   7 187   258    62   0.6   7.2   4.5
G59A  LMN  80 266   660    62   0.7   7.0   6.5
G59A LSQQ 328 145   528    62   8.0   8.6  10.0
G59A M66A 149 331   491    62   4.8   0.2   5.3
G59A MALY  81 268   772    62   1.4   7.3   5.1
G59A N62A 183   3   462    59   2.9   5.0   1.7
G59A NATG  50 237   969    61   1.5   0.6   2.1
G59A PLVO 271  88   307    62   7.9   2.4  10.5
G59A QM38  31 213   339    62  10.3   7.2   9.9
G59A QM50  17 198   388    31   2.2   3.0   1.0
G59A QM60 359 178   455    31   3.2   4.2   2.5
G59A QMM5  25 209   719    62   2.8   3.7   3.7
G59A SUSY  81 266   611    62   2.8   7.4   7.9
G59A VLDQ 316 133   492    62   9.6   1.2   8.0
G59A  WES 153 334   335    62  14.9   5.3  14.1
G59A WODY  87 273   670    62   2.5   4.0   5.5
G61A G62A  95 276    78    62   6.9  17.3  16.2
G61A G63A  96 278   151    62   7.1  20.6  20.1
G61A  GBN  85 273   784    62   1.7   5.4   3.7
G61A H61A 201  20    90    62   9.5  15.0  16.6
G61A H62A 159 340    84    62  15.8   5.8  15.0
G61A H63A 120 301   136    62   2.6  15.4   9.7
G61A H64A 111 292   195    62   8.7  12.2  18.3
G61A H65A 103 285   267    62   8.5  12.6  11.8
G61A  HAL  94 279   630    62   1.2   6.3   8.7
G61A HANN  78 262   377    62   1.0   9.6   8.1
G61A HOLY  69 252   416    62   2.5   3.7   3.4
G61A I57A 247  64   360    62   3.2   4.3   4.6
G61A I60A 222  41   213    62   9.1  14.8  13.2
G61A I62A 174 355   157    62   1.4  12.5   7.9
G61A I63A 151 332   156    62  12.3  17.1  14.5
G61A I64A 135 316   213    62  13.7  19.3  17.5
G61A  ICQ  33 216   570    62  10.4   5.9  11.0
G61A J59A 231  49   312    62   0.2  15.8   8.1
G61A J62A 186   6   230    62   7.3   5.6   6.1
G61A J63A 171 351   225    59  12.0   2.1   8.9
G61A JOSY 103 286   451    31   1.9   5.7   3.3
G61A K60A 213  32   352    62   5.3   9.4   8.8
G61A K62A 191  11   296    62   5.4   7.6  11.1
G61A L63A 181   1   380    62   1.3   2.7   4.2
G61A L65A 161 342   380    62   7.6   4.4  10.1
G61A LATQ 338 157   253    62  12.5  13.2  15.8
G61A  LMN  81 265   528    62   1.4   3.6   1.6
G61A LSQQ 317 133   589    62   2.6   3.3   4.5
G61A M66A 165 346   461    62   3.2   4.7   5.2
G61A MALY  82 268   641    62   4.0   3.5   5.9
G61A N62A 199  17   509    59   0.9   3.0   2.1
G61A NATG  46 233   857    61   3.0   3.2   0.9
G61A PLVO 268  84   437    62   7.3   1.8   6.8
G61A QM16  90 273   281    50   0.5   9.3   6.2
G61A QM38  11 191   271    62  11.7   8.6  11.8
G61A QM50 358 178   348    31   8.3   4.0  11.0
G61A QMM5  17 199   651    62   6.4   3.4   7.7
G61A SUSY  82 266   479    62   2.9  10.9  12.9
G61A VLDQ 306 122   575    62   7.1   4.7   8.7
G61A  WES 177 357   322    62   7.2   6.5   9.5
G62A G63A  99 279    73    62   8.4  21.5  18.7
G62A  GBN  85 271   707    93   0.1   9.3   5.9
G62A H61A 235  55   135    62   9.0  15.1  17.5
G62A H62A 215  34    87    93  10.9  13.8  14.8
G62A H63A 147 328    73    62  21.8  17.1  20.3
G62A H64A 121 302   122    62  12.5  12.4  12.9
G62A H65A 107 289   189    62   6.1  14.9  11.3
G62A HANN  75 257   303    93   4.9  11.9  16.8
G62A I60A 236  54   267    62   9.4  12.3  12.8
G62A I62A 203  23   162    93  12.9  12.7  15.3
G62A I63A 182   2   130    93   9.7  13.0  15.0
G62A I64A 153 334   161    62  16.2  15.5  16.7
G62A J59A 240  57   372    93   6.9   6.6   7.1
G62A J62A 205  24   244    62   2.0  13.7  14.6
G62A J63A 192  11   220    59   5.5   8.7   7.4
G62A JOSY 105 288   373    31   4.2   9.5   8.2
G62A K60A 224  42   395    62   2.1  11.5   9.0
G62A K62A 206  25   315    93   6.0  13.3  12.3
G62A L65A 174 354   356    62   8.0   6.9  10.3
G62A LATQ 325 143   297    93   2.3   8.8   8.7
G62A  LMN  79 263   453    93   4.6  10.3  10.0
G62A LSQQ 313 129   649    93   4.6   2.7   3.8
G62A M66A 176 356   441    62   2.3   9.4   6.1
G62A N62A 208  26   533    90   1.8   7.6   6.9
G62A PLVO 270  85   515    93  11.7   1.5   8.4
G62A QM16  89 271   203    50   3.5  10.1  11.5
G62A QM38 355 175   274    62   5.7   1.9   7.5
G62A QM50 347 166   365    31  11.0   5.2  10.1
G62A QM60 335 153   488    31   0.7   2.8   3.2
G62A SHEY  88 274   672    62   0.1   5.5   3.3
G62A SUSY  80 264   403    62   1.7   9.9   6.3
G62A VLDQ 303 118   643    62   9.6   5.6   9.6
G62A WODY  90 274   462    62   2.3   9.0   6.7
G63A  GBN  84 270   637    62   0.8   8.5   6.5
G63A  GGN  89 271   218    62   3.6  14.8  11.3
G63A H61A 251  69   194    62  13.2  14.1  16.6
G63A H62A 244  63   136    62  10.8  12.3  13.4
G63A H63A 213  33    60    62   7.9  23.3  14.8
G63A H64A 149 329    61    62  17.3  14.1  17.4
G63A H65A 113 294   118    62  11.1  20.6  16.5
G63A  HAL  94 278   479    62   3.8   6.1   7.3
G63A HANN  68 250   239    62   5.4   7.0  11.6
G63A HOLY  56 239   291    62   9.1   4.5   6.7
G63A I60A 246  63   325    62   5.1   5.3   6.8
G63A I62A 225  44   194    62   3.9   6.8   8.0
G63A I63A 213  33   141    62   4.4  13.2  13.8
G63A I64A 181   1   133    62  10.4  21.4  14.5
G63A J59A 247  63   431    62   7.3   6.5  11.4
G63A J63A 210  29   235    59   2.5  11.5   7.0
G63A JOSY 107 290   301    31   3.8   8.2  12.3
G63A K60A 233  50   441    62   1.8   3.9   2.2
G63A K62A 219  37   344    62   7.1  10.9  12.3
G63A L63A 205  23   395    62  10.5  11.4  14.0
G63A L65A 186   6   345    62   5.7   8.7   8.9
G63A LATQ 317 135   351    62   9.5   7.1   8.9
G63A  LMN  76 259   385    62   1.7  12.8  10.8
G63A LSQQ 311 125   710    62  10.2   1.0   8.5
G63A M66A 186   5   430    62   4.3   3.6   6.7
G63A MALY  79 263   496    62   4.9   6.2   8.7
G63A N62A 215  33   561    59   0.9   4.6   5.7
G63A PLVO 272  87   587    62   8.2   1.4   8.0
G63A QM16  85 266   132    50  10.6  11.9  13.1
G63A QM38 342 161   300    62   7.6   8.0   9.6
G63A QM50 338 156   398    31   5.5   9.2   7.3
G63A QM60 329 147   531    31   0.4   5.7   2.6
G63A QMM5   5 186   640    62   0.3   3.3   4.8
G63A SHEY  87 273   600    62   1.3   3.1   4.0
G63A SUSY  77 260   334    62   7.2  10.9  11.2
G63A VLDQ 302 116   710    62   8.2   3.2  10.9
G63A  WES 205  24   333    62   6.7  10.2  12.1
G63A WODY  89 272   390    62   5.1  12.7  10.1
 GBN H61A 267  80   827    62   4.9   1.6   4.0
 GBN H62A 266  80   766    93  12.7   5.5  10.7
 GBN H63A 266  80   676    62   4.6   2.9   5.4
 GBN H64A 265  79   613    62   9.3   3.9   7.6
 GBN H65A 264  79   536    62   4.8   1.8   6.0
 GBN  HAL 243  62   185    91   9.9  11.9  16.5
 GBN HANN 279  95   413    93   9.1   1.7   8.4
 GBN HOLY 290 106   403    62   7.1   4.6   7.1
 GBN I57A 267  77  1132    62   5.9   2.6   4.8
 GBN I60A 264  75   950    62   0.6   2.6   1.9
 GBN I62A 261  74   797    93   3.6   3.2   4.6
 GBN I63A 261  75   734    93   4.4   0.3   6.2
 GBN I64A 258  73   665    62   7.0   5.6   7.8
 GBN  ICQ 319 134   630    93   5.6   2.0   3.9
 GBN J59A 263  74  1055    93   5.6   4.6   7.0
 GBN J62A 257  70   856    62   4.7   2.4   6.7
 GBN K60A 257  68  1038    62   0.8   0.7   1.0
 GBN K62A 254  67   911    93   5.3   3.7   4.7
 GBN L63A 248  61   904    62   1.8   3.3   4.5
 GBN L65A 244  58   783    62   2.4   2.7   2.3
 GBN  LMN 282 100   262    93  13.5   8.7  12.7
 GBN LSQQ 295 103  1237    93   1.9   0.1   0.8
 GBN MALY 287 106   150    62  13.5   5.3  12.2
 GBN N62A 247  59  1090    90   0.7   1.6   1.3
 GBN PLVO 274  83  1221    93   5.6   0.7   2.9
 GBN QM38 293 106   759    62   1.7   2.3   3.5
 GBN QM60 299 111   986    31   0.6   2.0   2.3
 GBN QMM5 321 135   811    62   2.4   3.8   3.5
 GBN SHEY 231  50    48    62  14.8  14.0  16.0
 GBN SUSY 278  95   308    62   9.1   1.5   7.0
 GBN WODY 263  81   250    62  17.9   3.1  14.4
 GGN H62A 261  78   346    79  19.2   3.9  13.3
 GGN H63A 260  78   257    62  19.3   7.5  20.2
 GGN H64A 255  73   195    62  16.6   7.6  15.4
 GGN H65A 248  67   120    62  17.6  10.9  15.6
 GGN  HAL 101 283   262    77   0.1   7.4   5.1
 GGN HANN   4 184    85    79   8.6  11.4  10.1
 GGN HOLY  10 191   159    62  16.6  16.5  21.8
 GGN I57A 263  76   713    62   7.1   5.2   7.8
 GGN I60A 257  72   532    62   5.3   3.4   6.3
 GGN I62A 250  67   383    79  11.3   1.9  10.4
 GGN I63A 250  67   320    79   9.4   4.0   9.1
 GGN I64A 240  58   259    62   4.2  12.5  12.0
 GGN  ICQ 356 176   491    79   6.1   1.9   6.6
 GGN J59A 256  71   638    79   5.3   5.2   5.4
 GGN J62A 244  60   450    62   6.0   5.2   7.8
 GGN JOSY 145 326   116    31  11.0  13.4  14.4
 GGN K62A 240  56   512    79   4.9   4.1   5.9
 GGN L63A 228  45   529    62   7.4   9.2   8.0
 GGN L65A 218  36   430    62   5.4  11.7   9.7
 GGN LATQ 301 117   522    79  10.5   9.1  10.4
 GGN  LMN  62 244   179    79   5.4   7.2   8.8
 GGN LSQQ 303 116   885    79   6.4   3.3   5.2
 GGN M66A 213  31   505    62   4.7   4.4   8.7
 GGN MALY  73 256   283    62   3.3   8.0   6.3
 GGN N62A 232  47   712    76   2.7   4.0   1.9
 GGN NATG  26 209   649    78   8.1   3.5   7.1
 GGN PLVO 273  86   805    79   9.5   3.5   7.9
 GGN QM16 277  96    88    50  19.5  11.4  20.1
 GGN QM38 314 131   419    62   9.9   5.1  14.2
 GGN QM50 317 133   519    31   5.9   0.5   5.9
 GGN QM60 315 130   667    31   0.3   0.6   1.0
 GGN QMM5 348 166   653    62   5.4   6.1   8.1
 GGN SHEY  88 271   382    62   2.0   8.0  10.4
 GGN SUSY  58 239   129    62  16.3  13.1  16.6
 GGN VLDQ 296 108   902    62   8.8   1.7   7.4
 GGN WODY  90 272   172    62   2.2  11.8  11.4
H61A H62A  85 265    62    62  16.9  27.1  22.6
H61A H63A  84 265   151    62   7.0  10.4   9.2
H61A H64A  86 267   215    62   8.6   7.6   8.8
H61A H65A  85 268   293    62   6.1  14.1  14.8
H61A  HAL  86 272   662    62   3.4   7.2   7.3
H61A HANN  68 251   432    62   7.0   8.5   9.9
H61A HOLY  61 244   481    62   3.5   3.7   3.3
H61A I57A 259  76   305    62  10.2   1.3   6.6
H61A I60A 236  55   133    62   8.4  17.4  12.6
H61A I62A 147 327    86    62  20.0  22.7  24.4
H61A I63A 116 297   120    62  13.3  19.3  17.2
H61A I64A 109 291   195    62   4.7  15.2  14.6
H61A  ICQ  31 214   659    62   8.5   5.2  10.1
H61A J59A 241  59   238    62   3.6  13.5   9.2
H61A J62A 176 356   144    62   6.3  15.8   9.2
H61A J63A 153 334   154    59   9.3  16.4  13.3
H61A K62A 187   7   208    62   8.3   9.1  10.6
H61A L63A 175 355   297    62   7.9  10.0   9.5
H61A L65A 151 332   316    62   7.9  14.1  13.4
H61A LATQ 349 168   325    62   8.1   7.5  10.8
H61A  LMN  73 258   579    62   1.4   4.7   4.5
H61A LSQQ 324 141   634    62   4.8   4.0   4.4
H61A M66A 157 339   391    62   5.3   8.0   9.7
H61A MALY  75 261   688    62   0.6   1.9   2.2
H61A N62A 198  17   419    59   4.6   5.1   6.8
H61A NATG  44 230   939    61   2.5   1.1   4.1
H61A PLVO 280  96   411    62   9.5   3.1   9.1
H61A QM16  75 258   323    50   7.0   6.1   9.8
H61A QM38  13 194   360    62   0.3   5.8   5.9
H61A QM50   3 183   432    31   5.0   0.1   8.6
H61A QMM5  17 200   741    62   4.5   1.8   2.5
H61A SHEY  82 269   789    62   3.9   8.5   9.9
H61A SUSY  73 258   528    62   5.0   3.6   4.4
H61A VLDQ 314 130   606    62   8.6   5.7   8.7
H61A  WES 168 349   243    62  13.5   5.9  10.8
H61A WODY  81 266   578    62   0.1  10.6   6.8
H62A H63A  83 264    89    62  13.8  21.6  19.3
H62A H64A  87 268   154    62   8.1  11.8  11.6
H62A H65A  86 268   231    62   2.5  11.6  11.5
H62A HANN  66 249   374    93   2.8  10.9   8.9
H62A I57A 260  77   367    62  14.2   1.7  13.7
H62A I60A 245  64   189    62  14.0   7.4  14.4
H62A I62A 191  10    79    93  19.8  18.7  23.8
H62A I63A 142 322    74    93  20.4  14.2  21.6
H62A I64A 120 301   142    62   2.7  14.0   9.1
H62A  ICQ  27 210   624    93   2.9   4.6   7.5
H62A J59A 246  64   295    93   9.7   7.0  13.4
H62A J62A 200  19   159    62   9.6  16.0  19.0
H62A J63A 177 358   144    59   7.0  14.5  18.6
H62A JOSY  93 277   411    31   2.5   8.2   7.3
H62A K60A 226  44   310    62   7.3  10.2   7.0
H62A K62A 203  22   229    93   6.2  15.6  11.8
H62A L63A 187   7   303    62   6.0  10.7  10.6
H62A L65A 162 343   297    62   9.2   7.4   8.7
H62A LATQ 339 157   337    93  11.1  14.7  14.6
H62A  LMN  72 256   519    93   4.6   7.6   8.6
H62A LSQQ 320 136   667    93   3.2   6.0   6.3
H62A MALY  75 260   628    62   2.6   3.8   5.0
H62A NATG  42 228   893    92   3.4   2.3   5.3
H62A PLVO 278  94   471    93  13.7   6.2  11.3
H62A QM16  73 256   263    50   4.5   6.1   6.7
H62A QM38   4 184   345    62   7.1   7.6  13.7
H62A QM50 355 175   428    31   5.4   2.4   4.7
H62A SHEY  82 268   727    62   0.7   7.0   5.5
H62A SUSY  72 256   468    62   6.4   7.2   8.0
H62A VLDQ 311 126   647    62   7.4   8.1   9.2
H62A  WES 183   3   244    93   8.2  10.5  18.4
H62A WODY  81 266   517    62   4.6   9.6   9.5
H63A H64A  92 272    65    62  19.9  19.9  23.8
H63A H65A  88 269   142    62   7.1  16.9  13.3
H63A  HAL  88 273   511    62   3.9   3.5   1.2
H63A HANN  61 243   290    62   4.7   0.1   6.0
H63A HOLY  52 235   347    62   3.7   0.3   1.6
H63A I60A 252  70   275    62  10.8   7.8  13.5
H63A I62A 230  49   136    62   2.8  12.6  15.5
H63A I63A 213  32    81    62  11.7  17.8  19.2
H63A I64A 159 339    88    62  16.9  12.3  19.1
H63A J59A 251  68   382    62   5.2   4.9   7.7
H63A J62A 222  41   214    62   2.0  13.5  10.8
H63A JOSY  96 279   323    31   1.2  10.8   7.5
H63A K60A 235  53   385    62   2.8   5.9   6.6
H63A K62A 219  38   284    62   4.2  10.8  10.5
H63A L63A 203  22   336    62   6.1  14.0  11.1
H63A L65A 180   0   292    62  13.2  11.1  13.3
H63A LATQ 326 144   370    62   4.4  12.0   9.8
H63A  LMN  70 254   431    62   5.2   6.7   7.1
H63A LSQQ 315 130   720    62   7.8   4.9  10.3
H63A M66A 181   1   378    62   6.3   3.5   6.5
H63A MALY  74 259   539    62   2.8   3.7   7.4
H63A N62A 215  33   500    59   6.5   6.4   7.1
H63A PLVO 277  92   558    62   4.1   2.7   4.7
H63A QM16  69 250   175    50   7.2   4.5  14.0
H63A QM38 350 169   341    62   2.4  10.1   7.7
H63A QM50 344 163   435    31   9.7   4.7   7.2
H63A QM60 335 152   560    31   2.9   1.7   0.4
H63A QMM5   7 188   694    62   3.4   0.8   3.0
H63A SHEY  82 268   638    62   0.2   8.6   7.2
H63A SUSY  70 254   380    62   3.1   8.7   8.6
H63A VLDQ 306 121   711    62   8.1   5.4   9.8
H63A  WES 203  22   273    62   0.3  14.2   8.9
H63A WODY  82 265   427    62   5.9  11.2  10.8
H64A H65A  85 266    77    62  14.0  15.7  15.3
H64A  HAL  88 272   447    62   0.9   5.2   3.9
H64A HANN  54 235   237    62   8.3   9.6  15.2
H64A HOLY  45 227   300    62  15.2   4.6  12.0
H64A I57A 264  79   520    62  12.6   3.2   8.0
H64A I60A 256  73   337    62   9.2   7.4   9.0
H64A I62A 244  63   189    62   8.1   9.7  10.8
H64A I63A 239  58   127    62  11.9  18.0  16.0
H64A I64A 203  22    87    62   6.6  19.6  15.8
H64A  ICQ  15 196   562    62   2.5   2.8   5.6
H64A J59A 255  71   443    62   1.7  10.5   7.7
H64A J62A 234  52   261    62   8.8   9.4  10.2
H64A J63A 225  44   212    59   8.3  17.6  15.9
H64A JOSY  98 280   259    31   2.8  11.7   8.1
H64A K60A 241  58   439    62   6.9   7.8   7.7
H64A K62A 229  47   328    62   3.9  13.6  10.4
H64A L63A 213  31   365    62   3.5   9.3   9.6
H64A L65A 193  13   298    62   6.6   9.2   9.1
H64A LATQ 319 137   411    62   7.3   9.6  14.0
H64A LSQQ 312 127   768    62   5.9   3.7   6.1
H64A MALY  72 257   478    62   1.9   1.6   2.7
H64A N62A 222  39   539    59   4.0   9.5   8.4
H64A PLVO 277  91   622    62   8.3   2.1   7.1
H64A QM16  57 238   118    50  10.0  11.5  11.9
H64A QM38 340 159   360    62   4.8   8.8  14.0
H64A QM50 337 155   459    31   1.0   5.3   4.1
H64A QMM5   2 183   690    62   1.1   5.5   7.1
H64A SHEY  82 267   574    62   2.1   7.2   6.1
H64A SUSY  67 249   321    62   9.8   5.8   7.9
H64A VLDQ 304 118   765    62   6.8   2.5  11.7
H64A  WES 215  33   303    62   3.3  10.5  10.0
H64A WODY  80 264   364    62   2.6  10.8  11.6
H65A  HAL  89 273   369    62   2.7   2.1   4.3
H65A HANN  41 222   176    62  12.3  11.1  15.2
H65A HOLY  34 215   246    62   6.9   4.6   7.4
H65A I60A 259  75   414    62   2.7   8.1   7.5
H65A I63A 250  68   199    62  11.1   6.9   9.0
H65A I64A 233  52   140    62   9.2  16.7  17.0
H65A  ICQ   8 188   542    62   1.3   6.3   3.8
H65A J63A 236  54   276    59   4.4   6.5   6.7
H65A JOSY 104 286   184    31   2.3  13.2  16.0
H65A K60A 245  61   510    62   9.6   1.9   4.9
H65A K62A 236  54   393    62   2.2   6.5   5.0
H65A L63A 222  40   417    62   2.6   7.6   8.2
H65A L65A 207  26   330    62   6.9   4.3   5.6
H65A LATQ 312 129   461    62   5.7   4.7   5.6
H65A LSQQ 309 123   823    62   5.0   1.9   5.6
H65A N62A 227  44   597    59   0.9   3.1   2.6
H65A NATG  31 215   744    61   3.1   0.6   2.6
H65A PLVO 276  90   698    62   7.4   1.1   5.3
H65A QM16  22 202    62    50  13.1   8.7  14.2
H65A QM38 330 148   387    62   6.5   0.3   2.5
H65A QM60 324 140   630    31   2.1   3.7   4.1
H65A QMM5 357 176   685    62   3.8   1.8   4.0
H65A SHEY  82 267   497    62   6.9  12.3  14.8
H65A SUSY  62 244   249    62   3.3   8.2   7.2
H65A VLDQ 301 114   827    62  10.9   3.1   9.1
H65A  WES 225  43   357    62   2.0  17.6  10.3
H65A WODY  80 262   287    62   6.6  12.0  13.0
 HAL HANN 300 118   285    91  15.8   6.2  10.9
 HAL HOLY 314 132   307    62  14.0   7.9  14.8
 HAL I57A 270  81   966    62   4.8   4.5   4.7
 HAL I63A 266  81   561    91  11.1   1.5  10.7
 HAL I64A 263  79   489    62   5.3   0.0   4.6
 HAL  ICQ 334 151   611    91   4.5   1.7   3.0
 HAL J59A 265  78   884    91  10.2   4.1   9.4
 HAL J62A 260  74   678    62   4.4   3.3   5.1
 HAL J63A 259  73   619    59   6.6   3.1   4.1
 HAL JOSY 259  77   197    31  11.9   2.1  15.7
 HAL K60A 258  71   860    62   9.8   4.7  10.8
 HAL L63A 247  62   720    62   5.2   2.4   0.7
 HAL L65A 243  59   599    62   1.0   6.0   5.8
 HAL LATQ 296 110   774    91   8.4   4.0   6.3
 HAL  LMN 325 144   165    91  16.6  10.6  17.3
 HAL LSQQ 300 111  1131    91   3.4   2.5   4.1
 HAL M66A 237  53   652    62   5.4   4.0   4.3
 HAL MALY   8 188   130    62  14.4  12.6  15.1
 HAL NATG   5 186   631    90   3.3   2.7   1.2
 HAL PLVO 277  88  1066    91   6.7   2.8   6.4
 HAL QM16 282  99   350    50   3.1   3.7   5.9
 HAL QM38 304 118   654    62   7.3   3.0   6.5
 HAL QM50 307 121   747    31   1.0   2.3   1.1
 HAL QM60 308 121   896    31   1.6   0.4   2.3
 HAL QMM5 332 149   792    62   4.4   0.9   3.1
 HAL SHEY  66 247   138    62  10.7  11.0  12.9
 HAL SUSY 310 129   188    62  14.1  10.8  15.1
 HAL VLDQ 295 105  1156    62   2.5   0.9   2.7
 HAL  WES 251  66   673    91   2.7   6.4   4.2
 HAL WODY 302 121    99    62  15.8   7.1  19.2
HANN HOLY  18 198    75    62  16.4  15.1  21.1
HANN I60A 249  64   563    62   3.4   5.3   4.3
HANN I62A 240  57   424    93   2.2   9.1   1.5
HANN I63A 237  55   363    93   6.5   4.6   5.5
HANN I64A 227  45   314    62   2.9   7.4   9.7
HANN  ICQ 355 174   407    93   4.7  10.7   9.8
HANN J59A 249  64   669    93   4.1   6.3   7.1
HANN J62A 235  52   498    62   7.5   2.5   1.9
HANN J63A 231  48   448    59   0.7   1.8   1.3
HANN JOSY 161 342   189    31  10.4   3.6   7.1
HANN K60A 240  55   674    62   5.7   6.1   5.8
HANN K62A 233  49   564    93   2.7   6.9   8.1
HANN L65A 213  31   503    62   2.1   7.5   9.3
HANN LATQ 292 108   490    93   9.2   2.6   7.8
HANN  LMN  90 272   152    93   2.0  11.2  13.3
HANN LSQQ 298 111   846    93   6.6   4.8   7.4
HANN MALY  91 273   265    62   3.0  10.6   9.6
HANN N62A 227  42   772    90   0.3   4.7   4.8
HANN NATG  30 213   572    92   0.1   6.6   2.6
HANN PLVO 267  80   811    93   4.7   4.2   9.6
HANN QM16 231  51   119    50   7.2  12.3  11.8
HANN QM38 304 121   370    62   6.7   9.6  11.4
HANN QM60 309 124   615    31   4.0   0.6   1.4
HANN QMM5 345 164   572    62   2.3   5.1   4.3
HANN SHEY 101 284   383    62   4.4   6.3   4.8
HANN SUSY 100 280   105    62  11.6  13.8  14.7
HANN VLDQ 291 103   873    62   4.2   5.7   4.7
HANN  WES 225  42   533    93   5.8   4.5   5.2
HANN WODY 117 299   186    62  12.2   9.0  11.0
HOLY I57A 252  65   777    62   6.3   3.8   5.1
HOLY I60A 243  59   614    62   3.5   6.1   6.3
HOLY I62A 234  51   483    62   5.3  11.8   9.5
HOLY I64A 222  40   382    62   0.2  10.2   8.0
HOLY  ICQ 350 169   339    62   2.2   8.1   6.0
HOLY J59A 245  59   719    62   3.2   3.6   4.6
HOLY J62A 231  47   559    62   3.1   4.3   3.9
HOLY J63A 227  44   513    59   1.5   6.6   4.2
HOLY K60A 236  51   732    62   3.8   6.0   7.4
HOLY K62A 229  45   627    62   3.6   6.2   4.9
HOLY L63A 220  37   661    62   3.7   4.4   5.7
HOLY L65A 211  29   576    62   0.3   6.8   4.3
HOLY LATQ 284  99   490    62   5.5   6.2   7.9
HOLY  LMN 120 301   148    62   9.1  15.1  15.2
HOLY LSQQ 293 106   836    62   2.5   0.2   2.2
HOLY MALY 108 290   254    62   7.6   7.5  13.9
HOLY N62A 225  40   839    59   2.4   4.8   5.7
HOLY NATG  32 214   498    61   9.6   4.2   7.6
HOLY PLVO 263  75   841    62   4.4   0.7   5.6
HOLY QM16 219  38   186    50   2.8  15.7  10.6
HOLY QM38 293 109   357    62   6.7   3.2   7.0
HOLY QM50 300 116   444    31   3.1   0.5   2.6
HOLY SHEY 112 296   381    62   2.3   6.7   5.9
HOLY SUSY 138 319   120    62   9.7  11.8  17.5
HOLY VLDQ 286  98   872    62   4.1   2.1   4.2
HOLY  WES 222  38   601    62   0.9   3.6   4.2
HOLY WODY 138 319   212    62  10.0   9.4  12.1
I57A I60A  92 274   191    62   9.3  15.9  15.1
I57A I62A  90 273   347    62   4.3   9.8   9.1
I57A I63A  86 270   408    62   3.6  13.2   9.8
I57A I64A  88 272   484    62   2.3   5.1   3.9
I57A J59A 119 300   107    62   9.4  16.1  15.0
I57A J62A 103 286   321    62  11.9  12.7  14.8
I57A J63A 100 283   377    59   6.5   5.9  10.7
I57A JOSY  84 271   773    31   3.9   8.6   8.6
I57A K60A 135 316   205    62   7.8  17.4  11.9
I57A K62A 116 298   312    62   8.0  13.3  14.1
I57A L63A 123 306   403    62   9.8  10.4  15.3
I57A L65A 113 297   504    62   3.0   6.8   5.7
I57A LATQ  29 211   444    62   8.8   0.4   5.9
I57A  LMN  72 260   883    62   8.9   8.8   9.1
I57A LSQQ 350 169   578    62   4.0   4.2   5.4
I57A M66A 121 305   542    62   5.1  10.2  10.1
I57A MALY  74 262   993    62   3.5   2.7   1.0
I57A N62A 151 332   380    59   6.3   6.5   9.6
I57A NATG  50 239  1201    61   1.6   0.0   0.9
I57A PLVO 318 137   166    62  15.1  19.4  19.4
I57A QM16  74 260   628    50   0.6   7.8   8.0
I57A QM38  40 224   559    62  11.2   3.9  10.3
I57A QM60  16 198   608    31   2.6   6.3   4.7
I57A QMM5  32 217   925    62   1.5   3.8   5.5
I57A SHEY  78 268  1094    62   2.4   5.9   6.1
I57A SUSY  73 260   832    62   2.6   6.7   4.5
I57A VLDQ 342 160   500    62   3.1   3.5   7.7
I57A  WES 115 298   393    62  13.3  13.2  15.8
I57A WODY  78 265   883    62   4.5  10.4   9.0
I60A I62A  88 269   157    62   7.8  21.7  14.1
I60A I63A  83 265   219    62   1.0  13.7  12.5
I60A I64A  87 270   294    62   6.0   6.8   2.7
I60A  ICQ  34 218   781    62   3.5   1.9   3.4
I60A J59A 247  66   107    62  14.1  14.2  14.4
I60A J62A 119 300   138    62  11.9  15.2  20.6
I60A J63A 109 290   190    59   6.7  13.5  16.6
I60A JOSY  83 268   585    31   0.2   5.6   5.0
I60A K60A 200  19   145    62  15.4  18.6  24.6
I60A K62A 146 327   157    62  10.9  11.5  13.9
I60A L63A 147 329   259    62   5.1  15.9  10.7
I60A L65A 126 308   332    62   8.8   4.3  12.6
I60A LATQ   6 186   395    62  10.1   1.7   7.7
I60A M66A 137 319   387    62   3.5   8.2   8.4
I60A MALY  71 258   815    62   4.0   6.3   8.7
I60A N62A 183   3   324    59   4.9   4.6   9.5
I60A PLVO 295 112   329    62  14.2   5.9  11.2
I60A QM16  68 252   451    50   5.4   7.1   6.5
I60A QM38  23 205   466    62  10.5   5.7   7.9
I60A QM50  13 195   523    31   2.5   3.1   3.9
I60A QMM5  22 205   849    62   3.0   4.7   4.4
I60A SHEY  77 265   910    62   3.9   4.6   6.6
I60A SUSY  69 254   656    62   0.0   6.3   4.3
I60A VLDQ 326 143   594    62   9.1   9.9   6.7
I60A  WES 135 316   228    62  11.0   8.8  10.0
I60A WODY  76 262   700    62   1.5   6.9   6.9
I62A I63A  72 252    64    93  10.8  11.7  12.3
I62A I64A  87 268   137    62   7.8   9.1   9.1
I62A  ICQ  25 208   700    93   4.6   3.2   4.0
I62A J59A 261  79   260    93  10.1   2.9   7.4
I62A J62A 208  28    82    62  13.7  16.8  15.6
I62A J63A 162 343    69    59  20.3  14.0  17.1
I62A K60A 237  55   250    62   0.0  13.2   9.4
I62A K62A 209  28   153    93   2.4  14.8  12.1
I62A L63A 186   6   225    62  10.4   6.8   9.8
I62A L65A 152 333   230    62   9.7  11.1  18.1
I62A LATQ 344 163   406    93   3.7   6.4   9.5
I62A  LMN  65 249   561    93   2.5   1.0   4.2
I62A M66A 161 342   307    62   8.0   7.5   8.6
I62A MALY  69 254   666    62   4.3   1.0   4.0
I62A N62A 209  28   371    90   4.0   6.4  11.3
I62A NATG  39 225   962    92   2.2   0.8   3.6
I62A PLVO 288 104   475    93   7.5   7.6   6.9
I62A QM16  60 242   307    50   7.8   1.5   5.4
I62A QM38   5 185   424    62   2.1   0.6   5.3
I62A QM50 357 177   505    31   8.9   6.4  11.2
I62A QM60 346 165   608    31   3.8   6.8   6.3
I62A QMM5  13 195   798    62   3.8   0.4   1.8
I62A SHEY  76 263   756    62   5.4   3.9   4.4
I62A SUSY  64 248   510    62   0.5   6.3   2.6
I62A VLDQ 316 132   690    62   4.2   1.8   5.8
I62A  WES 180 360   165    93   4.0   9.9  11.9
I62A WODY  73 258   548    62   4.8   8.7   7.9
I63A I64A 101 281    77    62   5.5  14.9  13.0
I63A  ICQ  21 204   659    93   2.2   2.0   0.9
I63A J59A 260  77   323    93  16.7   8.3  16.8
I63A J62A 228  47   135    62   6.7  19.4  14.6
I63A J63A 205  25    95    59   1.3  18.7  13.5
I63A JOSY  85 268   366    31   8.9  10.7  11.7
I63A K60A 240  58   312    62   3.4   6.7   9.3
I63A K62A 222  40   204    93   4.0  12.7  10.0
I63A L63A 199  19   257    62   1.8   6.1  10.0
I63A L65A 169 349   229    62  10.5  11.0  18.5
I63A LATQ 336 154   408    93   5.3  11.8  10.2
I63A  LMN  64 248   498    93   4.8   2.7   6.0
I63A LSQQ 321 136   742    93   1.0   5.5   5.6
I63A M66A 173 353   312    62   3.2   8.1   7.7
I63A N62A 215  33   420    90   2.2  12.1   8.1
I63A NATG  38 223   909    92   3.9   1.4   3.5
I63A PLVO 284 100   528    93   3.5   2.2   1.4
I63A QM16  57 239   245    50   5.9   3.2   6.1
I63A QM38 357 177   403    62   5.2   5.8   8.8
I63A QM50 351 170   491    31   2.5   4.0   5.2
I63A QM60 341 159   607    31   2.9   1.9   4.6
I63A SHEY  77 263   693    62   2.7   8.3   6.4
I63A VLDQ 312 127   720    62   7.3   2.7   8.8
I63A  WES 198  18   195    93   3.3  12.1  10.3
I63A WODY  74 258   484    62   4.1   7.9   6.6
I64A J59A 264  81   396    62   9.9   2.0   9.7
I64A J62A 247  66   192    62   6.0   6.7   9.0
I64A J63A 239  58   137    59  12.5  15.4  15.8
I64A JOSY  81 264   293    31   1.0  16.5   9.3
I64A K60A 249  66   374    62  13.1   2.3   9.1
I64A K62A 237  56   253    62   7.5   8.0  11.4
I64A L63A 216  35   280    62   4.1  12.7   9.7
I64A L65A 189   9   213    62   7.2  10.7  10.8
I64A LATQ 329 146   456    62   2.9   2.5   5.4
I64A M66A 188   8   298    62   2.5   3.8   3.1
I64A N62A 225  42   458    59   1.4   5.8   3.9
I64A NATG  34 219   876    61   1.1   3.7   3.0
I64A PLVO 284  99   605    62   6.4   3.6   4.9
I64A QM16  42 224   196    50   7.3   7.5   9.6
I64A QM50 343 162   523    31   7.5   6.3   7.8
I64A QM60 335 153   649    31   0.1   2.2   1.7
I64A QMM5   4 185   772    62   2.3   2.7   4.4
I64A SHEY  75 260   623    62   3.6   9.4  10.3
I64A SUSY  58 240   388    62   5.7   0.4   3.4
I64A VLDQ 310 124   787    62   6.9   6.0   9.2
I64A WODY  70 253   416    62   0.6   5.8   3.2
 ICQ J59A 222  37   872    93   3.6   6.1   3.6
 ICQ J62A 208  25   782    62   2.4   4.3   4.8
 ICQ JOSY 170 351   592    31   3.5   1.3   6.2
 ICQ K60A 216  31   922    62   2.5   8.0   5.9
 ICQ K62A 209  25   853    93   1.6   3.2   4.5
 ICQ L63A 203  20   915    62   4.0   1.8   3.2
 ICQ LATQ 242  58   472    93   5.8   2.6   6.3
 ICQ  LMN 155 336   448    93   6.6   2.8   7.1
 ICQ LSQQ 270  82   708    93   7.0   2.6   6.0
 ICQ N62A 209  25  1071    90   5.0   5.8   4.5
 ICQ NATG  73 257   332    92   2.8   6.3   5.4
 ICQ PLVO 240  53   892    93   1.7   2.0   0.2
 ICQ QM16 186   6   482    50   1.2   0.3   3.8
 ICQ QM50 251  67   344    31   6.3   5.2   8.8
 ICQ QM60 267  83   442    31   5.7   1.0   4.3
 ICQ QMM5 324 143   183    62  10.0   9.1  14.0
 ICQ SHEY 139 323   630    62   1.9   5.1   8.8
 ICQ SUSY 161 343   445    62   3.8   7.1   6.0
 ICQ WODY 157 339   530    62   2.4   4.7   7.3
J59A J62A  96 278   220    62   9.1  21.5  16.8
J59A J63A  93 275   278    59   5.4  12.9  14.0
J59A JOSY  80 266   688    31   3.4   5.9   5.6
J59A K60A 152 332   107    62  12.1  10.8  15.7
J59A K62A 115 296   205    93  11.5  13.3  22.5
J59A L63A 126 308   297    62  12.4   6.9  13.1
J59A L65A 112 295   398    62   6.8   7.7  10.8
J59A  LMN  68 254   813    93   2.1   3.5   1.4
J59A LSQQ 344 162   650    93   3.5   3.5   5.6
J59A M66A 123 306   435    62   1.2   3.0   3.0
J59A N62A 163 343   294    90   4.8   6.1   8.6
J59A PLVO 311 130   270    93  11.9  12.2  14.3
J59A QM16  67 252   557    50   0.1   3.3   0.5
J59A QM38  30 213   548    62   4.6   2.7   6.9
J59A QM50  21 203   592    31   0.3   3.7   3.7
J59A QM60   8 189   640    31   1.3   1.0   1.9
J59A SHEY  75 264  1015    62   5.2   3.4   4.3
J59A SUSY  68 254   762    62   2.4   3.8   0.6
J59A VLDQ 335 153   583    62   5.9   5.7   8.6
J59A  WES 114 296   286    93   8.1  14.7  15.2
J59A WODY  74 260   806    62   3.1   3.8   5.4
J62A J63A  84 265    60    59  13.6  22.8  19.7
J62A JOSY  74 258   481    31   1.2   7.2   7.7
J62A K60A 249  68   183    62  13.9  13.1  17.8
J62A K62A 209  29    71    62   7.2  21.6  16.4
J62A L63A 174 354   152    62  12.7  14.2  12.3
J62A L65A 132 313   196    62  11.3  13.6  13.0
J62A LATQ 351 170   468    62   8.0   4.5   7.1
J62A M66A 147 328   259    62   0.4   9.1   4.7
J62A MALY  64 250   730    62   1.2   3.5   0.1
J62A N62A 209  28   289    59   5.6  14.7  12.6
J62A NATG  38 225  1042    61   3.5   2.8   3.8
J62A PLVO 297 114   467    62  12.2   6.9  11.0
J62A QM16  53 236   379    50   4.0   2.5   3.8
J62A QM50   1 181   576    31   2.9   2.7   7.1
J62A QM60 350 169   671    31   2.1   2.0   3.1
J62A SHEY  72 258   813    62   6.0   7.4   9.3
J62A SUSY  59 244   578    62   0.2   0.7   6.1
J62A VLDQ 322 138   720    62   2.2   3.3   4.8
J62A  WES 157 337   102    62  13.8  17.7  20.8
J62A WODY  68 253   608    62   2.7   2.1   3.8
J63A JOSY  73 257   422    28   1.3   8.5   8.4
J63A K60A 253  71   241    59   9.9   1.3  12.1
J63A K62A 235  54   116    59   8.4  17.5  16.1
J63A L63A 196  15   163    59   6.7  16.2  15.9
J63A L65A 148 329   162    59   7.2  11.5  10.9
J63A LATQ 344 163   475    59   6.5   0.5   4.0
J63A LSQQ 327 142   787    59   4.6   5.7   5.0
J63A M66A 161 341   237    59   1.6   4.3   6.5
J63A MALY  63 248   674    59   3.2   0.9   3.5
J63A N62A 218  36   327    56   1.7  11.2   6.2
J63A NATG  36 222  1001    58   1.6   0.7   1.6
J63A PLVO 294 110   518    59   9.8   3.7   9.7
J63A QM16  48 230   329    47   6.6   3.8   7.4
J63A QM38   2 182   489    59   7.8   4.7   7.3
J63A QM50 356 175   572    31   0.3   4.0   6.0
J63A QM60 346 164   677    31   2.0   5.6   4.0
J63A SUSY  57 241   524    59   2.7   0.8   5.8
J63A VLDQ 319 134   753    59   2.4   2.4   3.7
J63A  WES 191  11   101    59   9.4  14.8  13.8
J63A WODY  66 251   551    59   5.8   0.5   4.8
JOSY K60A 257  71   663    31   6.3   3.4   6.5
JOSY L65A 234  52   412    31   7.1   5.4   5.9
JOSY LATQ 306 121   630    31  10.4   4.9   8.6
JOSY LSQQ 306 118   993    31   2.4   1.8   4.3
JOSY M66A 227  44   475    31   4.0   1.8   3.8
JOSY N62A 241  56   715    28   1.0   4.9   3.0
JOSY PLVO 279  92   881    31   7.8   0.1   6.3
JOSY QM38 317 134   533    31   5.8   7.6   5.3
JOSY QMM5 345 163   761    31   5.5   4.7   5.1
JOSY SHEY  72 255   333    31   2.1   6.9   5.8
JOSY SUSY  16 196   168    31  11.3   3.0  16.3
JOSY VLDQ 300 111  1004    31   5.7   5.8   4.3
JOSY  WES 246  62   478    31   1.2   6.4   4.1
JOSY WODY  49 230   142    31   6.1   1.0   1.7
K60A K62A  87 268   136    62  12.5  14.5  16.7
K60A L63A 113 295   206    62  13.2  13.2  14.7
K60A L65A 100 283   323    62   3.7  11.4   9.2
K60A LATQ   9 190   537    62   0.2   2.5   2.0
K60A  LMN  61 247   809    62   3.1   2.1   3.7
K60A LSQQ 343 160   755    62   0.4   1.5   2.9
K60A M66A 115 297   346    62   7.2   7.8  12.0
K60A N62A 169 350   190    59  13.2  11.2  16.5
K60A PLVO 317 135   372    62  13.7   6.5  13.0
K60A QM16  57 241   557    50   4.6   1.5   2.3
K60A QM38  22 204   611    62   5.7   4.5   8.0
K60A QM50  14 196   667    31   4.8   3.2   5.2
K60A QM60   3 184   729    31   1.3   0.4   0.3
K60A SHEY  70 258   996    62   2.6   2.2   3.9
K60A SUSY  60 246   759    62   5.4   4.1   5.2
K60A VLDQ 335 153   689    62   1.9   8.8   4.9
K60A  WES  96 278   213    62   7.8  11.9  18.5
K60A WODY  66 253   791    62   4.2   1.5   4.0
K62A L63A 150 330   103    62  15.8  23.5  20.9
K62A L65A 111 292   193    62   3.4  10.8  10.4
K62A LATQ 355 175   526    93   8.3   3.1   5.9
K62A  LMN  57 242   691    93   2.0   3.5   1.7
K62A LSQQ 334 151   800    93   3.6   4.7   6.4
K62A M66A 131 313   234    62  13.5   9.3  11.9
K62A N62A 208  28   218    90  10.6  15.4  15.2
K62A NATG  37 224  1113    92   0.5   1.6   1.8
K62A PLVO 306 122   470    93  11.1   9.9  16.3
K62A QM50   4 184   640    31   4.8   0.0   4.2
K62A QM60 354 173   728    31   0.6   4.4   0.8
K62A QMM5  15 197   946    62   2.4   2.4   0.3
K62A SHEY  68 255   867    62   1.5   3.9   3.6
K62A SUSY  56 240   641    62   2.0   3.0   3.7
K62A  WES 112 293    81    93  10.8  17.4  21.5
L63A L65A  81 262   130    62  11.0  13.6  15.5
L63A LATQ 352 171   620    62   4.1   0.8   4.3
L63A  LMN  49 233   704    62   4.5   4.3   4.9
L63A LSQQ 334 150   903    62   6.2   2.6   5.7
L63A M66A 118 299   140    62  10.3   8.3  10.1
L63A MALY  54 240   794    62   3.7   0.3   1.7
L63A N62A 237  56   187    59   9.5   8.0   8.9
L63A PLVO 310 127   566    62   7.5   5.5   7.5
L63A QM16  37 220   475    50   4.3   1.9   3.0
L63A QM38   5 186   649    62   4.4   5.4   5.8
L63A QM50 360 180   727    31   3.4   1.9   2.8
L63A SHEY  62 248   858    62   4.4   1.5   2.2
L63A SUSY  47 231   656    62   2.4   2.6   0.5
L63A VLDQ 328 143   853    62   0.7   5.0   2.5
L63A  WES  22 202    63    62  20.0  17.0  19.0
L63A WODY  55 240   667    62   3.2   2.2   5.0
L65A LATQ 341 159   633    62   3.3   6.1   5.9
L65A  LMN  43 227   598    62   6.3   7.0   4.2
L65A M66A 185   5    86    62   8.0  13.8  10.9
L65A N62A 248  66   310    59   8.5   5.8   7.3
L65A PLVO 303 118   658    62   3.1   4.2   4.5
L65A QM16  25 206   392    50   0.6   1.5   2.7
L65A QM38 355 174   631    62   1.3   2.1   2.7
L65A SHEY  59 245   737    62   2.0   2.9   3.7
L65A  WES 291 110   112    62  14.4  14.7  19.0
LATQ  LMN 103 288   634    93   3.3   5.0   2.8
LATQ LSQQ 302 119   363    93   7.1   4.6   6.5
LATQ M66A 162 344   712    62   3.4   7.2   5.6
LATQ MALY 100 287   743    62   3.1   2.8   3.3
LATQ N62A 185   4   719    90   2.3   7.1   5.7
LATQ NATG  63 250   799    92   0.9   5.6   3.9
LATQ PLVO 233  50   421    93   3.6   4.9   6.4
LATQ QM16 121 305   444    50   1.8   5.7   6.2
LATQ QM38  77 258   149    62   7.5  13.6  17.1
LATQ QM50  36 217   141    31  14.9   9.0  13.2
LATQ QM60 348 168   203    31   2.0   0.6   0.8
LATQ QMM5  36 219   482    62   4.0   2.5   3.1
LATQ SUSY 106 291   593    62   8.7   4.3   6.1
LATQ VLDQ 285 102   383    62  12.3   7.4  12.0
LATQ  WES 168 349   567    93   4.6   5.1   4.1
LATQ WODY 109 295   675    62   3.6   6.1   5.9
 LMN LSQQ 296 107   983    93   6.9   1.8   4.8
 LMN M66A 222  38   668    62   5.5   3.5   5.8
 LMN MALY  93 274   113    62   7.1  21.1  15.4
 LMN N62A 235  49   889    90   0.6   4.6   3.4
 LMN NATG  16 198   515    92   2.2   4.2   4.3
 LMN PLVO 269  80   963    93   5.4   2.3   4.2
 LMN QM16 255  73   256    50   5.7   6.9   2.8
 LMN QM38 296 111   504    62   6.8   6.8   7.5
 LMN QM50 301 116   592    31   2.4   2.7   3.5
 LMN SHEY 109 291   235    62   5.2   8.0  10.7
 LMN SUSY 253  72    51    62  11.2   9.3  11.9
 LMN VLDQ 289 100  1017    62   1.6   1.2   1.8
 LMN  WES 236  51   648    93   5.4   5.2   3.5
 LMN WODY 172 352    85    62  12.2  11.4  14.2
LSQQ M66A 146 331  1019    62   3.2   4.0   4.1
LSQQ N62A 162 344   944    90   4.0   3.4   3.7
LSQQ PLVO 181   1   447    93   4.2   5.9   7.6
LSQQ QM38 106 291   479    62   3.2   6.8   5.6
LSQQ QM50  98 282   398    31   1.1   5.7   2.3
LSQQ SUSY 109 297   946    62   1.3   3.9   5.3
LSQQ VLDQ 211  30   112    62   3.6  19.8  13.3
LSQQ  WES 147 331   862    93   6.3   2.7   5.5
LSQQ WODY 111 300  1032    62   3.8   2.5   4.3
M66A MALY  45 230   744    62   2.3   2.6   5.9
M66A PLVO 309 124   703    62   3.5   4.8   6.0
M66A QM16  21 203   473    50   2.6   3.5   2.5
M66A SHEY  54 240   789    62   2.7   3.7   2.6
M66A  WES 322 141   159    62   1.4  11.0  11.3
M66A WODY  44 228   616    62   2.2   2.3   4.7
MALY NATG   4 185   501    61   0.1   1.9   2.9
MALY PLVO 270  81  1076    62   5.6   2.7   2.0
MALY QM38 293 107   610    62   1.2   0.8   2.4
MALY QM60 300 113   840    31   4.7   3.3   4.7
MALY SHEY 124 305   130    62   1.2  13.4   9.0
MALY SUSY 268  86   162    62   5.0   4.6   8.4
MALY  WES 242  57   741    62   6.9   2.3   3.2
MALY WODY 233  52   128    62   9.0   9.3   9.5
N62A PLVO 328 146   543    90   7.5   6.2   7.4
N62A QM16  42 225   654    50   3.7   1.1   2.8
N62A QM38  15 196   778    59   4.8   3.3   4.5
N62A QM50   9 190   843    31   1.9   1.3   1.6
N62A QM60   1 181   915    31   1.2   1.5   2.6
N62A SHEY  60 247  1044    59   2.7   3.0   4.3
N62A  WES  47 229   241    90  12.9   7.1  11.3
N62A WODY  54 240   853    59   6.6   0.6   3.3
NATG QM16 216  32   683    49   1.4   0.8   1.2
NATG QM38 247  61   656    61   5.0   3.7   5.9
NATG QM60 265  77   768    30   0.9   3.3   1.8
NATG QMM5 281  96   429    61   8.4   0.9   8.3
NATG SHEY 174 354   576    61   3.8   2.5   4.5
NATG SUSY 202  20   544    61   3.2   2.1   4.2
NATG VLDQ 264  72  1111    61   5.8   1.0   5.4
NATG  WES 220  34  1094    92   2.1   4.2   1.3
PLVO QM38  56 241   561    62   6.4   5.4   8.6
PLVO QM50  46 230   558    31  10.0   6.8   6.9
PLVO QMM5  41 227   893    62   5.0   2.3   2.0
PLVO SHEY  84 275  1186    62   0.2   1.8   2.1
PLVO SUSY  81 269   914    62   2.7   0.7   3.2
PLVO VLDQ 352 171   354    62   8.8   5.8  12.0
PLVO  WES 120 304   549    93   6.2   8.8  11.1
QM16 QM38 322 140   353    50   3.4   4.0   8.4
QM16 QM50 323 140   454    31   6.7   5.1   7.8
QM16 QMM5 355 174   630    50   6.7   3.4   8.7
QM16 SHEY  89 273   469    50   1.1   7.6   5.1
QM16 SUSY  73 255   205    50   0.9   4.9   3.3
QM16 VLDQ 297 110   819    50   2.2   2.5   4.2
QM16  WES 222  40   415    50   0.9  10.3   6.5
QM16 WODY  92 274   259    50   4.7   8.4  14.7
QM38 QM50 324 143   101    31  11.4  10.8  14.6
QM38 SHEY 109 296   738    62   2.7   4.1   2.9
QM38 SUSY 116 300   468    62   2.8   5.8   5.5
QM38 VLDQ 279  94   519    62   9.0   2.8   5.5
QM38  WES 184   3   589    62   7.0   2.5   5.5
QM38 WODY 119 303   555    62   7.3   7.9   9.4
QM50 QM60 305 124   149    31   8.5   1.9   6.0
QM50 SHEY 113 300   823    31   3.5   5.2   6.9
QM50 SUSY 120 305   560    31   1.4   6.6   4.8
QM50 VLDQ 269  85   453    31   9.7   5.0  10.7
QM50  WES 178 358   670    31   2.4   1.7   2.7
QM60 SHEY 113 302   969    31   2.4   3.5   2.4
QM60 WODY 121 308   798    31   1.8   3.9   0.7
QMM5 VLDQ 249  62   712    62   4.0   2.8   1.9
QMM5 WODY 153 336   709    62   2.8   2.2   5.4
SHEY SUSY 285 102   277    62   9.0   5.9   9.6
SHEY VLDQ 291 100  1251    62   1.2   3.0   3.9
SHEY  WES 251  65   811    62   1.9   6.3   3.6
SUSY VLDQ 291 102   976    62   0.8   0.9   3.3
SUSY WODY 139 319    91    62   9.7  17.1  13.4
VLDQ WODY 104 294  1058    62   2.0   4.3   5.5
 WES WODY  58 243   615    62   3.9   3.3   6.5
