 A11 ALLY 132 316   557    30   5.4   6.1   6.9
 A11 BATG  88 271   313    61   4.3   8.9  11.9
 A11 CHEG  90 277   725    60   2.3   5.4   5.6
 A11 D56A 268  85   346    60  14.7   6.0  13.2
 A11 D59A 259  77   127    60   9.9   5.5  10.6
 A11 D60A 237  56    66    60  15.2  13.8  15.1
 A11 D62A 101 282    89    61  13.1  18.8  17.3
 A11 D63A  97 279   160    60  13.5  11.5  14.0
 A11 DRLN  72 261   968    61   4.4   1.9   5.8
 A11 E55A 261  77   455    60  12.1   8.4  13.2
 A11 E58A 249  67   254    60  13.6   7.8  16.9
 A11 E62A 143 324    86    61  11.0  19.1  17.1
 A11 EDEY 105 291   638    60   1.2   4.3   2.5
 A11 EMMW 142 324   353    55   8.8   8.0   9.8
 A11 F57A 247  64   380    60   7.8  11.3  10.6
 A11 F60A 224  43   195    60   2.6  10.2   7.7
 A11 F61A 204  23   154    60   5.2   3.8   5.0
 A11 F62A 173 353   151    61  16.7   7.5  14.3
 A11 F64A 137 318   209    61  18.2  16.4  18.7
 A11 G57A 239  56   440    60   4.6   4.9   6.2
 A11 G61A 206  25   241    60   0.2   8.6  13.5
 A11 G63A 169 350   241    60   4.8   9.4  10.9
 A11  GBN 104 290   699    61   0.3   5.9   3.5
 A11  GGN 131 314   350    61   2.9  12.2  11.9
 A11 H61A 205  23   331    60  12.9   6.3  10.4
 A11 H62A 194  14   306    61   1.2   5.8   4.9
 A11 H63A 177 358   287    60   0.9   4.7   6.0
 A11 H64A 165 346   299    60  14.2   5.8  15.1
 A11 H65A 151 333   321    60  13.1   1.1  12.1
 A11 HANN 119 301   303    61  11.0   9.4  13.8
 A11 HOLY 104 287   295    60   4.9   8.5  11.6
 A11 I57A 231  47   563    60   3.1   1.2   1.5
 A11 I60A 214  32   448    60   4.0   1.0   2.1
 A11 I63A 185   5   356    61   4.3   7.1   7.3
 A11 I64A 173 353   372    60   0.1   5.7   5.1
 A11  ICQ  39 222   333    61   3.1   2.2   1.6
 A11 J62A 196  15   464    60   4.9   0.9   0.7
 A11 J63A 189   9   446    56   8.7   2.7   6.1
 A11 JOSY 134 317   464    30   0.7   9.2   9.0
 A11 K60A 211  28   591    60   7.3   1.0   6.7
 A11 K62A 198  17   534    61   2.1   8.1   5.1
 A11 L63A 191  10   608    60   1.0   2.5   1.6
 A11 L65A 179 359   579    60   4.0   5.1   8.2
 A11 LATQ 276  94   196    61  15.1   6.5  13.8
 A11  LMN 109 292   441    61   1.8   6.1   8.5
 A11 LSQQ 294 109   543    61   5.4   4.4   5.5
 A11 MALY 105 290   549    60   0.4   4.2   5.8
 A11 NATG  55 241   639    61   7.1   2.2   6.5
 A11 PLVO 248  63   585    59   2.3   3.0   5.6
 A11 QM16 142 323   285    60   4.9   3.3   8.9
 A11 QM38 314 134    69    60  10.0  15.0  14.4
 A11 QMM5  14 195   413    60   5.2   2.8   5.2
 A11 SUSY 113 297   403    60   4.0   8.4   6.8
 A11 VLDQ 283  98   577    60  11.4   0.1   6.4
 A11  WES 190   9   547    61   7.4   1.8   3.5
 A11 WODY 117 301   489    60   8.2   2.6   5.0
 A64 BATG 101 283   295    61   5.0  10.9  11.4
 A64 CHEG  96 283   706    60   2.0   1.6   4.0
 A64 D56A 259  75   377    60  18.2   4.0  12.8
 A64 D59A 239  57   173    60   5.7   9.2   9.0
 A64 D60A 218  37   128    60   2.4   7.0   4.8
 A64 D62A 142 323   104    61   9.7   9.1  15.1
 A64 D63A 122 304   161    60   5.5   7.8   9.3
 A64 DRLN  76 265   927    61   2.7   5.2   6.1
 A64 E55A 254  70   492    60  12.8   1.4   9.7
 A64 E58A 239  57   304    60   3.2   2.9   3.6
 A64 E62A 168 348   137    61   8.5   6.6   9.1
 A64 E64A 134 316   221    60  13.1  14.8  14.5
 A64 EDEY 112 297   637    60   3.3   2.1   4.8
 A64 EMMW 151 332   394    55  11.5   5.1  10.9
 A64 F60A 218  36   259    60   1.5  10.0   7.2
 A64 F61A 203  22   222    60  10.8  12.3  15.9
 A64 F62A 182   1   215    61  12.1   5.6  10.7
 A64 F64A 151 332   248    61   6.5   7.2   9.1
 A64 G57A 234  50   495    60   1.9   8.8   4.7
 A64 G59A 221  38   396    60   2.3   6.1   4.1
 A64 G61A 205  23   309    60   4.5   8.1   8.8
 A64 G62A 190   9   294    61  13.5   8.8  12.7
 A64 G63A 176 356   302    60   7.3   7.3   6.9
 A64  GGN 141 323   381    61  12.5   8.1  13.0
 A64 H61A 204  22   399    60   4.7   3.9   5.3
 A64 H62A 196  15   375    61   5.4   6.1   6.8
 A64 H63A 182   2   352    60   7.6   8.8   9.4
 A64 H64A 171 352   358    60   9.4   1.4   6.5
 A64 H65A 159 341   370    60   6.9  12.2   9.6
 A64  HAL 124 308   601    60   7.4   3.2   8.8
 A64 HANN 131 313   322    61   6.0  15.0  12.9
 A64 HOLY 118 300   297    60   4.8   7.3   8.6
 A64 I57A 228  44   622    60   1.6   3.8   3.6
 A64 I62A 195  14   453    61   6.6   2.3   5.2
 A64 I63A 188   7   423    61   0.5   5.3   3.5
 A64 I64A 177 357   435    60   8.3   7.6  10.3
 A64  ICQ  45 227   270    61   7.0   4.1   5.1
 A64 J59A 218  35   603    61   0.8   5.9   3.6
 A64 J62A 197  16   533    60   6.2   6.1   7.6
 A64 JOSY 141 324   497    30   7.1   2.3   7.2
 A64 K60A 210  27   658    60   4.4   1.4   4.4
 A64 K62A 199  17   602    61   6.2   2.1   4.1
 A64 L65A 181   1   644    60   0.3   2.5   4.1
 A64 LATQ 258  76   223    61  16.6  11.6  16.6
 A64  LMN 118 301   445    61   6.1   4.6   5.6
 A64 LSQQ 287 102   542    61   7.0   7.6   9.3
 A64 MALY 112 297   547    60   3.8   1.7   4.4
 A64 NATG  60 245   585    61   6.4   8.3   7.8
 A64 PLVO 243  58   633    59   6.7   5.5   6.5
 A64 QM16 152 334   327    60   1.3   3.8   2.9
 A64 QM38 257  76    74    60  10.9   6.7  12.1
 A64 QM50 297 115   147    30  12.0  10.7  12.7
 A64 QMM5  13 194   345    60   0.7  14.9  10.6
 A64 SHEY 113 299   677    60   6.8   5.9   7.5
 A64 SUSY 123 306   413    60   5.6   4.7   5.7
 A64 VLDQ 277  91   588    60   3.2   6.4   6.2
 A64  WES 191  10   615    61   4.3   5.2   7.4
 A64 WODY 125 309   503    60   1.6   8.2   6.0
ALLY CHEG  44 227   486    30   3.4   5.2   8.7
ALLY D59A 307 122   640    30   4.7   2.5   6.3
ALLY D60A 310 126   577    30   5.7   5.1   6.3
ALLY D62A 322 139   483    30   5.7   0.3   7.5
ALLY D63A 328 146   435    30   6.9   5.9   7.4
ALLY DRLN  41 226   845    30   0.8   7.6   4.3
ALLY E58A 297 111   707    30   5.0  10.5  10.0
ALLY E62A 314 131   472    30  10.1   4.8  11.5
ALLY E64A 325 143   367    30   6.6   2.0   8.6
ALLY F57A 290 103   793    30   1.2   2.1   1.4
ALLY F60A 297 112   595    30   2.5   6.2   7.5
ALLY F61A 300 116   528    30   3.0   9.7   4.8
ALLY F64A 314 131   349    30  16.3   1.0  10.3
ALLY G59A 286 100   661    30   3.1   1.7   0.9
ALLY G61A 291 106   539    30   2.0   5.3   6.9
ALLY G62A 293 109   462    30   1.9   2.2   3.0
ALLY G63A 295 111   391    30   2.3   6.1   7.4
ALLY  GGN 318 137   207    30  10.3  10.6  11.2
ALLY H64A 288 105   344    30   2.5   4.7   9.2
ALLY H65A 294 112   273    30   7.2  11.5   9.2
ALLY  HAL  50 231   156    30   5.5   7.0   5.0
ALLY HANN 332 150   272    30   2.2  10.4  10.2
ALLY I57A 275  88   849    30   5.5   0.8   3.5
ALLY I62A 274  90   502    30   3.5   7.1   5.8
ALLY  ICQ 346 165   664    30   2.4   5.6   4.0
ALLY J63A 266  82   486    26   4.0   3.9   3.2
ALLY JOSY 309 128    94    30  11.2  12.1  12.5
ALLY K62A 261  76   592    30   4.8   1.6   3.3
ALLY L63A 251  66   572    30   2.9   2.5   2.4
ALLY LATQ 307 121   723    30   7.7   1.9   5.0
ALLY  LMN   5 186   236    30   4.4   1.9   1.5
ALLY LSQQ 307 118  1086    30   3.8   0.8   3.0
ALLY M66A 238  55   498    30   0.9   2.1   1.0
ALLY MALY  31 212   266    30   5.5   4.4   8.5
ALLY N62A 248  63   757    30   3.7   1.5   4.2
ALLY PLVO 283  94   964    30   0.4   3.2   4.8
ALLY QM16 307 125   279    30   0.3   2.2   0.7
ALLY QM38 316 132   626    30   8.9   6.5   7.7
ALLY QMM5 342 159   837    30   3.0   6.8   7.5
ALLY SHEY  57 239   292    30   4.3   3.0   7.6
ALLY VLDQ 301 112  1097    30   0.2   1.6   0.4
ALLY WODY  13 193   155    30   6.2  14.6  11.0
BATG CHEG  95 279   412    60   6.6   9.9  12.1
BATG D56A 271  85   660    60   9.6   1.8   8.8
BATG D59A 268  84   439    60   6.9   3.4  10.3
BATG D60A 266  82   371    60  10.5   8.8  12.4
BATG D62A 266  83   228    61  10.7  10.3  12.9
BATG D63A 261  80   157    60  12.7   9.3  12.2
BATG DRLN  68 254   672    61   5.1   2.8   5.9
BATG E55A 267  80   767    60   8.6   2.6   8.6
BATG E58A 262  77   560    60   8.5   3.3  10.3
BATG E62A 256  73   274    61  17.6   9.8  13.2
BATG E64A 235  54   165    60   6.4   8.2  10.1
BATG EMMW 201  20   305    55   6.3   1.5   8.2
BATG F57A 259  73   681    60   8.5   4.8   9.9
BATG F60A 254  70   474    60   8.1   3.3   9.6
BATG F61A 251  67   404    60  11.6   6.5  14.2
BATG G57A 254  68   730    60   5.7   4.4   5.5
BATG G61A 244  60   476    60   4.8   2.1   4.3
BATG G63A 230  48   365    60   3.3   6.8   6.7
BATG  GBN 119 302   407    61  11.7   4.3  10.7
BATG  GGN 194  14   247    61   6.1   7.5   6.6
BATG H62A 235  51   496    61   1.0   4.2   2.3
BATG H63A 228  45   423    60   1.0   0.9   1.4
BATG H65A 211  30   333    60   4.9   8.4   6.2
BATG  HAL 146 328   350    60   3.6   7.0   7.1
BATG HANN 200  19   164    61   3.4  12.6   7.3
BATG HOLY 200  20    89    60   4.1  19.6  10.6
BATG I57A 247  60   835    60   2.1   5.8   4.8
BATG I62A 229  46   559    61   1.7   6.2   5.2
BATG I64A 218  36   466    60   0.4   4.1   1.5
BATG  ICQ 341 160   265    61   3.5   7.4   5.7
BATG JOSY 179 359   335    30   4.6   3.1   6.3
BATG K60A 233  47   805    60   3.8   3.9   5.4
BATG K62A 226  41   707    61   2.2   4.7   4.9
BATG L65A 210  27   663    60   2.7   4.3   2.9
BATG LATQ 274  89   508    61  11.7   4.5  10.0
BATG  LMN 148 329   185    61  11.8   8.6  19.2
BATG LSQQ 288 100   835    61   0.1   4.3   0.4
BATG M66A 207  25   743    60   8.0   2.7   5.3
BATG MALY 127 309   265    60  11.3  10.8  13.2
BATG N62A 223  38   920    60   5.4   0.7   4.2
BATG NATG  34 217   411    61   3.8   8.6   7.0
BATG PLVO 258  70   886    59   9.6   1.5   7.6
BATG QM38 279  95   364    60  10.8   5.3  10.7
BATG QM50 289 105   438    30   6.0   0.6   6.2
BATG QMM5 334 152   444    60   2.5   1.7   6.4
BATG SHEY 126 309   394    60   4.9   8.6   8.4
BATG SUSY 164 345   180    60   5.8   0.4  13.7
BATG VLDQ 281  92   882    60   4.8   2.8   5.1
BATG WODY 155 336   265    60   9.7   9.3  11.8
CHEG D59A 276  87   850    60   6.5   1.0   7.5
CHEG D62A 276  90   638    60   2.1   7.1   7.7
CHEG E55A 274  83  1177    60   0.9   4.3   2.2
CHEG E58A 272  83   966    60   3.0   3.0   2.4
CHEG E62A 271  85   677    60   4.4   4.1   7.6
CHEG E64A 268  83   550    60  10.6   0.4   7.2
CHEG EMMW 249  64   577    54   2.9   5.5   5.7
CHEG F57A 269  79  1084    60   1.7   1.5   3.4
CHEG F60A 268  80   872    60   8.3   0.9   4.7
CHEG F61A 267  80   798    60   6.1   1.6   5.7
CHEG F62A 265  79   722    60   9.4   0.9   7.2
CHEG G57A 265  75  1124    60   4.4   3.7   3.6
CHEG G61A 263  75   856    60   4.1   3.8   4.2
CHEG G62A 261  73   783    60   4.3   4.5   4.4
CHEG H63A 255  69   766    60   7.1   4.7   5.8
CHEG H64A 253  67   707    60   6.1   2.3   5.6
CHEG H65A 251  66   634    60   5.7   6.5   3.9
CHEG  HAL 224  42   331    60   1.9   5.1   3.0
CHEG HANN 260  75   480    60   5.6   1.5   4.7
CHEG HOLY 268  84   444    60   8.2   0.4   6.8
CHEG I57A 260  70  1214    60   5.6   1.0   7.0
CHEG I60A 256  67  1041    60   4.6   2.4   4.2
CHEG I62A 253  65   896    60   0.0   1.1   0.8
CHEG I64A 249  62   771    60   5.5   4.1   5.4
CHEG  ICQ 304 119   576    60   7.2   2.6   3.5
CHEG J59A 256  66  1148    60   4.3   2.2   3.1
CHEG J63A 248  61   908    56   2.1   1.1   0.9
CHEG JOSY 238  54   504    30   6.1   2.0   1.0
CHEG K60A 251  61  1144    60   4.8   3.0   6.0
CHEG K62A 247  59  1023    60   3.2   0.2   1.0
CHEG L63A 242  54  1029    60   6.1   1.9   4.4
CHEG L65A 238  51   915    60   0.7   2.8   2.1
CHEG LATQ 278  90   920    60   5.2   0.8   5.2
CHEG  LMN 253  70   335    60   3.9   4.7   4.4
CHEG LSQQ 288  95  1241    60   6.6   2.9   7.9
CHEG M66A 234  48   976    60   2.8   2.4   2.4
CHEG MALY 242  60   235    60   5.1   6.0   6.0
CHEG N62A 242  53  1216    59   0.8   2.9   0.7
CHEG NATG 339 157   418    60  13.2   5.2   8.4
CHEG PLVO 267  75  1285    58   1.7   1.9   1.1
CHEG QM38 281  93   776    60   2.4   0.1   4.4
CHEG QM50 286  98   844    30   8.3   1.0   6.2
CHEG QMM5 310 124   746    60   6.4   2.6   5.4
CHEG VLDQ 283  90  1294    60   6.2   3.0   5.2
CHEG  WES 244  56   977    60   1.0   2.7   0.0
CHEG WODY 240  57   363    60   4.0   2.3   3.7
D56A D59A  90 272   222    60   7.7  12.9  12.8
D56A D60A  92 274   292    60   1.7   7.9   6.3
D56A D62A  87 272   433    60   0.6  10.3   6.9
D56A D63A  88 273   505    60   7.9  11.1   9.5
D56A DRLN  73 266  1304    60   1.6   3.0   3.2
D56A E55A 237  56   119    60   9.1   8.9   9.2
D56A E58A 123 304   136    60   9.8  15.7  16.5
D56A E62A  95 279   402    60   8.5   2.1   2.7
D56A E64A  95 280   534    60   3.1   3.7   1.7
D56A EMMW 112 297   623    54   6.5   6.0   5.2
D56A F60A 118 300   246    60  14.8  10.0  12.1
D56A F61A 111 294   313    60   3.7   7.2   8.4
D56A F62A 107 291   389    60  11.7   8.9  11.4
D56A F64A 103 287   509    60   1.4   4.3   6.4
D56A G57A 185   5   217    60   7.1   4.5  11.8
D56A G59A 150 331   250    60  12.3   5.6  14.5
D56A G61A 127 309   317    60  11.0  15.6  16.4
D56A G62A 120 303   385    60   8.7   6.1   8.8
D56A G63A 117 300   452    60   6.5   2.2   4.1
D56A  GBN  95 285  1037    60   3.6   4.6   2.8
D56A  GGN 106 292   648    60   4.0   0.6   5.2
D56A H61A 141 323   357    60  11.3   8.8  14.4
D56A H62A 133 316   392    60   6.1  12.3   9.8
D56A H63A 124 308   452    60   4.6  11.0  12.8
D56A H64A 120 304   506    60   1.3   2.6   4.6
D56A H65A 115 300   569    60   5.1   6.5   8.3
D56A HANN  99 285   627    60   1.9   2.5   1.7
D56A HOLY  92 278   636    60   7.4   5.5   8.9
D56A I57A 192  11   353    60   4.2   5.5   3.3
D56A I60A 162 343   374    60   8.9   8.2   8.3
D56A I62A 142 324   443    60   7.4   2.5   5.9
D56A I63A 134 317   466    60  13.0   5.6  12.8
D56A I64A 129 313   530    60   6.6   5.1   8.2
D56A  ICQ  61 246   620    60   3.9   4.0   4.9
D56A J62A 150 332   484    60   6.1   1.8  10.7
D56A L63A 155 338   628    60   2.9   3.9   4.1
D56A L65A 144 328   671    60   2.8   3.3   4.2
D56A LATQ  75 257   154    60   7.6  15.0  16.1
D56A  LMN  96 283   775    60   3.4   8.5   8.2
D56A LSQQ 324 143   278    60  10.1   9.9  14.4
D56A M66A 148 332   742    60   8.1   1.0   7.4
D56A N62A 171 352   687    59   2.4   1.8   3.2
D56A PLVO 220  38   286    58   3.4  11.5   8.6
D56A QM16 109 294   564    60   3.4   1.2   3.3
D56A QM50  56 238   277    30  13.1  10.1  12.1
D56A QMM5  44 228   607    60   4.3   5.1   1.6
D56A SHEY  98 287  1009    60   1.1   3.9   2.9
D56A SUSY  98 285   732    60   3.1   4.4   5.4
D56A VLDQ 300 118   259    60  12.1   7.1  13.2
D56A  WES 151 333   585    60   6.0   2.2   4.9
D59A D60A  98 279    70    60  23.5  20.0  24.0
D59A D62A  87 269   212    60  11.2  13.1  13.9
D59A D63A  88 271   284    60  10.6   5.3   6.8
D59A DRLN  72 262  1094    60   2.0   3.1   3.6
D59A E55A 261  78   328    60   8.4   4.3  10.6
D59A E58A 238  57   131    60  15.4  14.1  21.4
D59A E62A 103 285   182    60   4.3  21.7  13.2
D59A EDEY 100 287   754    60   1.7   0.9   1.7
D59A EMMW 125 308   425    54   2.0  11.9   6.0
D59A F57A 240  58   257    60   9.4  10.0  13.3
D59A F60A 184   4   116    60   6.2  16.5  14.0
D59A F61A 150 331   132    60  10.6  17.6  15.8
D59A F62A 130 311   189    60  11.0  15.5  15.2
D59A F64A 114 297   297    60  13.7   8.4  15.8
D59A G57A 230  48   323    60   4.5  12.7   8.9
D59A G61A 173 353   193    60   3.5   6.2   5.4
D59A G62A 153 334   223    60   6.5   8.9  13.0
D59A G63A 140 322   271    60   7.2   4.0   7.0
D59A  GGN 117 300   440    60   2.8   3.6   4.7
D59A H61A 182   1   276    60   7.2   7.7   7.4
D59A H62A 169 349   276    60   5.1   3.3   5.2
D59A H63A 151 332   296    60  14.7   0.1  15.9
D59A H64A 141 323   332    60   7.3   7.5   8.0
D59A H65A 131 314   379    60   5.1   7.9  11.2
D59A  HAL 109 295   692    60   2.9   7.7   7.5
D59A HANN 106 290   409    60   5.2   3.8   2.4
D59A HOLY  95 279   414    60   4.7  10.5   8.0
D59A I57A 223  40   454    60   6.0   3.2   8.7
D59A I60A 198  17   370    60   3.2   8.3   7.0
D59A I62A 173 354   350    60   1.5   5.0   2.8
D59A I63A 163 344   343    60   9.8  10.8  12.5
D59A I64A 153 334   384    60  12.2   3.6   8.8
D59A  ICQ  49 232   439    60   6.0   4.8   5.3
D59A J62A 180 360   420    60   3.4   7.2   2.5
D59A J63A 172 352   419    56   3.7   4.8   9.3
D59A JOSY 122 306   547    30   1.8   4.7   3.3
D59A K60A 199  18   514    60   5.4   4.7   5.1
D59A K62A 184   4   484    60   5.4   2.6   6.9
D59A L63A 178 358   572    60   7.5   0.7  10.7
D59A LATQ 301 120    83    60  11.1  16.7  15.0
D59A  LMN 101 286   555    60   3.4   4.8   2.0
D59A LSQQ 303 119   446    60   5.3   3.8   4.8
D59A M66A 167 349   653    60   0.8   0.4   2.2
D59A NATG  58 245   758    60   3.6   4.9   8.0
D59A QM16 122 305   361    60   0.9   3.0   3.3
D59A QM38  45 225   105    60  14.5  15.2  18.2
D59A QM50   5 185   156    30   2.9   0.0   8.7
D59A QM60 336 154   265    30   4.7   4.5   6.1
D59A QMM5  26 209   481    60   5.0   5.2   5.6
D59A SHEY 102 289   789    60   3.2   0.7   4.1
D59A SUSY 104 289   513    60   7.8   3.1   5.1
D59A VLDQ 289 104   464    60  11.4   7.0   9.3
D59A  WES 175 356   515    60   6.5   6.6   7.6
D59A WODY 108 293   594    60   0.8   9.2   4.0
D60A D62A  82 263   144    60   2.6  20.1  12.8
D60A D63A  85 267   215    60   8.3  11.6  10.8
D60A DRLN  70 260  1032    60   0.4   1.7   1.1
D60A E55A 264  81   396    60   8.6   7.5   8.7
D60A E58A 252  71   190    60   9.5   5.4   9.4
D60A E62A 106 287   112    60   7.4  12.0  12.7
D60A EDEY 101 287   684    60   4.5   6.5   8.3
D60A EMMW 131 314   364    54   3.1   0.1   8.1
D60A F57A 248  66   315    60  15.2   2.5  10.8
D60A F61A 183   3   105    60   4.3   3.2   5.4
D60A F62A 147 327   135    60  13.6   6.7  12.1
D60A G57A 239  56   373    60   8.9   7.9   8.9
D60A G59A 221  40   268    60   6.2   7.8   9.1
D60A G61A 195  14   187    60   1.2   7.7  11.8
D60A G62A 171 351   191    60   1.3   5.8   5.0
D60A G63A 153 334   224    60   3.4   8.3   6.1
D60A  GBN 100 286   745    60   4.7   7.3   7.9
D60A  GGN 121 304   374    60  11.2   3.1   9.1
D60A H61A 197  16   277    60   9.3   3.2   9.5
D60A H62A 184   4   261    60   4.8   5.6   5.5
D60A H65A 139 321   323    60   8.3   5.7  11.3
D60A  HAL 111 297   624    60   6.7   4.3   8.3
D60A HANN 108 291   340    60   4.2   7.0   7.7
D60A HOLY  96 279   344    60   1.1   6.6   6.9
D60A I57A 230  47   497    60   4.8   3.4   1.5
D60A I62A 186   5   339    60   5.3   3.8   3.1
D60A I63A 175 355   319    60   5.0   6.8   2.7
D60A I64A 163 344   348    60   9.9   9.2  11.3
D60A  ICQ  42 224   397    60   8.0   2.9   4.2
D60A J59A 218  35   475    60   4.9   1.1   2.6
D60A J62A 190   9   416    60   2.5   3.5   4.5
D60A J63A 182   2   404    56   0.9   0.4   4.8
D60A JOSY 126 309   483    30   3.6   2.7   3.5
D60A K60A 207  25   532    60   3.7   5.4   5.6
D60A K62A 193  12   483    60   6.2   2.7   5.3
D60A LATQ 291 110   150    60  15.1  16.4  18.6
D60A  LMN 102 286   485    60   4.0   1.7   5.1
D60A LSQQ 300 116   511    60   8.4   1.8   5.1
D60A M66A 174 355   631    60   7.5   0.5   4.7
D60A MALY  99 285   595    60   3.4   6.4   7.1
D60A QM16 128 311   298    60   9.3   0.4  10.3
D60A QM38   4 184    85    60   2.7  11.3   7.8
D60A QM60 325 143   308    30   5.2   0.1   1.4
D60A QMM5  19 200   464    60   6.1   3.8   8.3
D60A SHEY 103 289   719    60   1.2   3.7   2.2
D60A VLDQ 288 103   533    60   4.6   6.1   6.2
D60A  WES 184   3   504    60   6.4   4.0   4.1
D60A WODY 110 295   525    60   5.1   3.6   5.6
D62A D63A  94 274    72    60  10.6  15.4  14.8
D62A DRLN  70 259   891    61   0.1   5.8   3.9
D62A E55A 265  80   540    60  11.1   4.7   9.4
D62A E58A 258  75   333    60  10.8   4.4  14.4
D62A E62A 215  35    63    61  16.6  13.0  19.0
D62A E64A 128 309   119    60  17.3  12.5  19.8
D62A EDEY 107 292   550    60   6.9   4.5   6.5
D62A EMMW 154 335   291    55   8.2   4.4   8.2
D62A F57A 254  70   456    60  10.3   1.3   7.5
D62A F60A 242  60   255    60  10.3  10.3  12.2
D62A F61A 231  50   193    60  19.5  19.7  20.6
D62A F62A 208  28   149    61  11.8  11.3  18.1
D62A F64A 158 339   146    61  11.4  13.1  13.0
D62A G57A 247  62   509    60   8.4   3.0   7.7
D62A G61A 225  43   277    60   4.4  12.1   9.2
D62A G62A 209  28   237    61   0.4   7.0   6.3
D62A  GBN 105 290   610    61   4.4   4.3   4.8
D62A  GGN 141 323   277    61  10.1   7.3  13.5
D62A H61A 219  37   362    60   4.0   7.7   7.8
D62A H62A 211  30   323    61   1.7   7.9   6.7
D62A H63A 196  16   280    60   4.2   4.6   3.1
D62A H64A 183   3   272    60   7.1   1.9   4.4
D62A H65A 166 347   272    60   9.4   7.0   9.6
D62A  HAL 121 305   503    60   4.4   6.4   7.8
D62A HANN 126 308   220    61   9.0   8.1  15.7
D62A HOLY 106 288   207    60   2.4   8.3   6.8
D62A I57A 238  54   623    60   3.4   4.8   2.3
D62A I63A 200  19   357    61   0.4   3.6   3.9
D62A I64A 188   7   354    60   3.7   8.4   5.3
D62A  ICQ  25 207   302    61   1.2   1.1   0.4
D62A J59A 229  45   587    61   4.2   1.4   3.9
D62A J62A 208  26   480    60   2.6   8.3   6.2
D62A J63A 201  20   452    56   8.8   1.1   6.1
D62A JOSY 142 324   393    30   8.6   5.1   7.7
D62A K60A 219  36   626    60   1.1   3.7   3.9
D62A K62A 208  26   551    61   4.6   9.7   7.7
D62A L65A 188   8   567    60   3.8   3.8   5.6
D62A  LMN 111 294   353    61   2.6  11.9  10.6
D62A LSQQ 293 107   630    61   4.4   0.0   2.8
D62A MALY 106 290   460    60   1.1   9.5   3.1
D62A N62A 209  26   769    60   4.3   2.5   5.5
D62A NATG  50 235   581    61   1.9   3.6   3.3
D62A PLVO 253  67   661    59  11.8   6.0  11.5
D62A QM16 157 338   225    60   2.5   5.3   5.6
D62A QM38 297 115   151    60  13.6   3.1   8.9
D62A QM50 308 126   245    30   2.0   6.0   5.2
D62A QM60 308 124   394    30   3.1   3.1   6.6
D62A QMM5   2 183   419    60   7.5   2.4   6.1
D62A SHEY 109 294   587    60   1.7   0.6   1.7
D62A SUSY 117 300   317    60   3.3  11.9   7.1
D62A VLDQ 284  97   665    60  10.9   3.5   7.1
D62A WODY 121 305   405    60   1.1   8.6   7.4
D63A E55A 267  81   611    60   9.2   3.2   6.9
D63A E58A 261  78   402    60   6.9   7.2   7.6
D63A E62A 247  66   118    60  11.1   8.1  10.1
D63A E64A 163 343    72    60  14.3  16.7  19.3
D63A EDEY 110 294   480    60   6.9   4.5   6.1
D63A EMMW 169 349   264    54   6.0   3.6   8.9
D63A F57A 257  73   524    60   7.0   3.2  10.4
D63A F60A 249  67   318    60   6.8   3.2   6.5
D63A F61A 243  61   251    60   8.4   7.7   8.6
D63A F62A 229  48   191    60   0.6   9.8   4.1
D63A F64A 188   8   132    60   6.4   6.1   8.9
D63A G57A 251  66   574    60  10.2   2.9   8.4
D63A G61A 235  52   328    60   6.2   3.5   4.6
D63A  GBN 107 292   540    60   1.6   8.9   5.8
D63A  GGN 155 336   235    60   7.6   7.8  10.5
D63A H61A 228  45   408    60   6.0   3.3   4.1
D63A H63A 210  29   304    60   1.9   7.6   8.6
D63A H64A 198  18   280    60   7.1   4.8   5.7
D63A  HAL 126 309   441    60   4.7  13.2   9.2
D63A HANN 141 322   165    60   7.8  11.0  11.4
D63A HOLY 114 295   138    60   6.2  14.4  11.1
D63A I57A 242  57   683    60   4.7   0.1   2.4
D63A I60A 231  47   539    60   0.1   3.7   1.5
D63A I62A 217  35   433    60   2.8   3.2   4.0
D63A I63A 211  29   384    60   3.2   9.0   2.7
D63A J59A 234  49   640    60   2.5   4.4   2.2
D63A J62A 216  33   514    60   1.6   6.7   4.2
D63A J63A 210  28   478    56   7.9   7.3   8.0
D63A JOSY 151 333   349    30  10.2   4.1   8.7
D63A K60A 225  41   671    60   4.4   0.7   1.9
D63A K62A 215  32   585    60   5.8   7.7   9.6
D63A L63A 207  25   639    60   1.9   3.4   3.1
D63A L65A 196  15   577    60   1.3   3.7   5.2
D63A LATQ 278  94   356    60   7.0   6.0   7.8
D63A LSQQ 292 105   698    60   4.2   7.9  10.3
D63A M66A 195  13   662    60   2.3   3.5   1.8
D63A MALY 109 292   391    60   2.5   8.8  11.6
D63A N62A 214  31   803    59   4.3   3.1   4.7
D63A QM16 177 357   204    60   5.4   2.2  10.7
D63A QM38 290 108   219    60   4.0  10.7  11.3
D63A QM50 301 118   307    30   6.8   6.3   7.5
D63A QM60 303 119   456    30   3.5   4.5   4.8
D63A QMM5 353 173   426    60   5.5   5.7   5.6
D63A SHEY 112 296   518    60   2.8   2.6   3.1
D63A SUSY 125 306   253    60   4.8   7.7   6.5
D63A VLDQ 284  96   736    60   6.7   4.6   8.9
D63A  WES 207  25   576    60   0.5   7.9   1.3
D63A WODY 128 310   343    60   7.2   9.4   9.0
DRLN E55A 264  71  1419    60   3.4   2.9   3.5
DRLN E62A 256  68   943    61   0.7   6.0   4.1
DRLN E64A 252  64   834    60   1.3   4.8   3.1
DRLN F57A 260  67  1346    60   4.8   3.2   5.3
DRLN F60A 257  66  1144    60   3.6   0.8   5.2
DRLN F61A 255  65  1076    60   1.9   0.4   2.7
DRLN F62A 253  64  1008    61   1.5   0.1   2.9
DRLN F64A 249  61   898    61   5.0   3.1   3.1
DRLN G57A 257  65  1399    60   3.0   3.5   3.6
DRLN G61A 253  62  1147    60   1.2   5.5   5.3
DRLN G63A 248  59  1026    60   2.5   3.7   5.6
DRLN  GGN 240  54   843    61   2.6   3.5   3.8
DRLN H61A 250  59  1216    60   1.7   2.2   2.8
DRLN HANN 245  58   791    61   0.9   5.1   4.2
DRLN I57A 254  61  1507    60   1.8   4.0   4.2
DRLN I62A 246  56  1215    61   5.5   2.5   4.5
DRLN I64A 242  53  1101    60   2.8   4.4   2.6
DRLN  ICQ 276  89   709    61   8.0   2.1   6.6
DRLN J63A 243  53  1237    56   2.1   3.6   2.9
DRLN JOSY 233  46   854    30   3.7   1.5   2.2
DRLN K60A 246  54  1465    60   4.7   0.9   2.1
DRLN K62A 243  52  1353    61   1.9   0.8   2.1
DRLN LATQ 265  74  1150    61   4.8   0.2   3.4
DRLN  LMN 238  53   667    61   4.4   6.5   6.7
DRLN LSQQ 276  82  1417    61   2.3   1.9   3.3
DRLN MALY 231  47   585    60   2.9   3.3   7.2
DRLN N62A 240  48  1555    60   2.4   1.7   1.9
DRLN NATG 289 105   399    61   2.5   4.5   8.4
DRLN PLVO 260  65  1552    59   1.8   2.5   3.3
DRLN QM16 244  57   909    60   2.3   0.8   1.2
DRLN QM38 265  75  1001    60   4.8   3.4   5.5
DRLN QM60 276  84  1152    30   2.7   0.6   2.2
DRLN QMM5 287  98   827    60   2.5   3.0   0.2
DRLN SHEY 218  35   570    60   0.5   0.4   1.2
DRLN SUSY 240  54   715    60   4.3   1.7   3.4
DRLN  WES 240  50  1314    61   4.5   0.1   3.3
DRLN WODY 232  47   712    60   6.5   3.4   4.2
E55A E58A  91 273   214    60   4.5   8.6   6.4
E55A E62A  86 270   501    60   2.9   1.4   3.5
E55A E64A  87 273   632    60   2.3   6.3   6.5
E55A EMMW 103 289   698    54   3.6   4.9   5.9
E55A F57A 124 305   127    60   8.2  10.6  14.5
E55A F60A  98 281   321    60   0.7   7.2   6.5
E55A F61A  96 280   394    60   4.4   6.8   6.8
E55A F62A  95 280   474    60   6.6   3.5  11.3
E55A G57A 151 331   172    60  13.5  10.6  13.2
E55A G59A 123 305   271    60   7.8   4.2   9.5
E55A G62A 106 290   451    60   6.6   9.9  10.0
E55A G63A 104 289   522    60   2.7   7.5   5.3
E55A  GBN  91 281  1132    60   6.0   0.7   3.1
E55A  GGN  98 285   731    60   1.9   2.1   5.0
E55A H61A 122 305   388    60   9.0  10.3   9.0
E55A H62A 117 300   436    60   6.4   7.3   9.9
E55A H63A 111 295   510    60   0.4   2.0   1.0
E55A H65A 105 291   640    60   0.2   2.1   2.1
E55A  HAL  97 286   993    60   3.0   2.3   2.7
E55A HANN  92 278   720    60   0.6   4.0   4.1
E55A HOLY  86 273   736    60   6.4   9.1  12.7
E55A I60A 142 324   362    60  12.1   8.9  15.6
E55A I62A 126 309   469    60   8.7   8.8  12.9
E55A I64A 117 301   578    60   1.6   4.4   1.1
E55A  ICQ  59 246   739    60   3.2   0.4   5.8
E55A J59A 159 340   354    60   5.2   4.9   6.5
E55A J62A 135 318   491    60   9.6   9.7  10.6
E55A J63A 130 314   528    56   1.8   1.4   1.5
E55A K60A 157 339   460    60   7.6   6.5   8.3
E55A K62A 143 326   519    60   9.7   7.3   7.8
E55A L63A 144 327   622    60  11.0   0.4   4.3
E55A L65A 134 318   686    60   6.2   3.0   7.9
E55A LATQ  66 249   270    60   5.8   8.5   7.9
E55A LSQQ 347 166   298    60  10.3   5.2   7.9
E55A M66A 138 322   748    60  10.4   3.8   8.1
E55A N62A 160 342   648    59   1.5   6.1   5.5
E55A PLVO 207  26   176    58   9.3   9.1   8.8
E55A QM16  99 285   645    60   4.8   3.8   3.7
E55A QM38  69 253   418    60   5.8  12.3  11.2
E55A QM50  55 238   396    30   1.1   1.0   3.1
E55A QM60  33 215   364    30   7.4   1.4   4.2
E55A QMM5  45 230   724    60   6.3   6.5   2.8
E55A SHEY  93 283  1102    60   3.2   1.2   3.9
E55A VLDQ 327 146   232    60   6.8  10.2  10.0
E55A  WES 138 322   589    60   9.3   1.0   6.0
E55A WODY  96 284   898    60   0.9   2.9   3.0
E58A E62A  83 266   290    60   7.9  13.9  16.5
E58A E64A  87 271   419    60   9.3  12.2  14.0
E58A EMMW 110 294   491    54   5.8   7.8   9.0
E58A F57A 241  60   126    60  11.0  14.1  14.5
E58A F60A 113 294   112    60  10.6  17.0  20.5
E58A F61A 103 285   182    60   2.4  15.3   7.8
E58A F62A 100 283   261    60   7.0   0.2   4.5
E58A F64A  97 280   385    60   0.3   3.4   4.1
E58A G57A 224  43   194    60  12.9   6.4  11.5
E58A G59A 177 357   144    60   4.4   6.5   7.7
E58A G61A 131 312   182    60   7.9  11.2  16.7
E58A G62A 120 302   249    60   7.9  13.2  14.4
E58A G63A 115 297   317    60  11.5  11.8  11.9
E58A  GBN  92 281   919    60   4.6   1.6   3.1
E58A  GGN 103 288   520    60   5.6   8.4   8.8
E58A H61A 152 333   231    60  10.6   6.4   9.8
E58A H63A 126 308   317    60  11.5  13.1  12.9
E58A H64A 120 303   371    60   4.0   7.0   9.6
E58A H65A 114 297   435    60   4.8   2.2   5.6
E58A  HAL 101 288   781    60   3.3   1.8   3.4
E58A HANN  94 279   506    60   6.4   6.9   8.7
E58A HOLY  86 271   524    60   4.7   2.6   6.1
E58A I60A 180   0   281    60   6.7  14.4  11.4
E58A I62A 150 332   317    60   7.4   4.9   9.8
E58A I63A 140 322   334    60  17.8   7.1  12.6
E58A I64A 132 315   395    60  13.2   6.1  15.0
E58A  ICQ  50 234   569    60   3.5   5.0   4.1
E58A J59A 197  16   337    60   3.4   9.8   5.5
E58A J62A 161 342   368    60   8.4   1.2   4.4
E58A J63A 152 334   385    56   6.4   8.5   5.9
E58A JOSY 110 295   616    30   5.7   0.2   3.3
E58A K60A 187   6   420    60   2.0   2.0   3.2
E58A K62A 168 349   420    60   3.5   5.0   6.6
E58A L63A 164 346   518    60   1.3   3.3   1.0
E58A L65A 151 333   547    60   6.2   6.8   8.8
E58A LATQ  18 199   119    60  15.8   3.2  14.5
E58A  LMN  92 278   657    60   5.8   1.1   4.3
E58A LSQQ 318 136   408    60   7.4  10.7   9.0
E58A MALY  91 278   770    60   0.8   6.9   4.5
E58A N62A 182   1   605    59   1.5   4.6   7.3
E58A NATG  57 245   889    60   0.8   3.1   1.7
E58A PLVO 245  62   331    58   7.9   3.8   6.6
E58A QM16 105 289   434    60   1.3   2.0   5.3
E58A QM38  51 233   234    60  12.4   4.6  11.1
E58A QM50  28 209   257    30   8.2   6.5   9.9
E58A QM60 359 179   311    30   2.3   4.6   4.2
E58A SHEY  95 283   888    60   1.3   4.5   2.6
E58A SUSY  94 280   611    60   1.4   4.8   3.5
E58A VLDQ 302 119   395    60  11.2   6.0  10.4
E58A  WES 160 341   470    60   6.0   2.6   6.3
E58A WODY  99 285   685    60   3.0   2.2   7.4
E62A E64A  99 280   132    60   7.0  12.7  10.7
E62A F57A 259  75   409    60  12.3   5.8  12.3
E62A F60A 250  68   201    60  16.2   6.1  10.9
E62A F61A 238  57   134    60  12.5  13.7  13.0
E62A F62A 203  23    87    61   4.0  11.0   1.3
E62A F64A 132 313   124    61   4.4  14.6  13.1
E62A G57A 250  66   456    60  10.6   6.6   9.7
E62A G59A 240  58   332    60   1.1   8.0   5.1
E62A G62A 207  26   174    61   5.5  11.7  11.6
E62A G63A 183   3   167    60   4.7   7.7   9.2
E62A  GBN  99 285   634    61   7.3   0.0   2.0
E62A  GGN 128 310   267    61  11.7   6.7  10.4
E62A H64A 174 354   221    60   5.1   3.3   4.6
E62A  HAL 113 298   512    60   4.7   8.8   7.9
E62A HANN 110 292   228    61  12.0   9.6  12.1
E62A HOLY  91 274   235    60   2.3  12.7   8.5
E62A I57A 240  56   566    60   2.6   5.7   3.3
E62A I60A 225  42   427    60   1.3   7.6   4.5
E62A I62A 206  24   337    61   4.3   6.1   7.5
E62A I63A 197  16   297    61   5.4   4.8   6.2
E62A I64A 182   2   300    60   3.0   2.1   0.1
E62A  ICQ  27 208   364    61   6.3   1.5   5.0
E62A J59A 230  46   526    61   2.9   1.6   2.2
E62A J62A 206  25   418    60   4.0  12.9   6.2
E62A J63A 199  18   391    56   2.1   0.8   1.1
E62A JOSY 132 315   379    30   4.1   1.7   3.9
E62A K60A 219  36   564    60   2.6   5.9   2.6
E62A K62A 207  25   489    61   1.3   4.8   8.0
E62A L63A 198  17   554    60   7.0   0.0   1.8
E62A L65A 185   5   512    60   5.0   8.1   7.4
E62A LATQ 290 108   262    61  11.2   9.6  14.5
E62A  LMN 101 285   374    61   6.5   2.5   6.3
E62A LSQQ 299 113   620    61   8.4   7.2   9.5
E62A M66A 185   5   598    60   6.1   1.4   2.3
E62A N62A 208  25   707    60   4.7   4.6   5.1
E62A NATG  48 233   642    61   1.5   5.8   3.0
E62A PLVO 256  71   612    59   8.2   3.7  10.2
E62A QM16 142 323   199    60   1.0   2.1   3.2
E62A QM38 320 139   155    60  17.9   9.3  13.1
E62A QM50 322 140   256    30   6.2  11.1   9.4
E62A QM60 316 133   402    30   4.9   4.9   3.8
E62A QMM5   6 187   473    60   4.9   3.9   6.1
E62A SHEY 103 288   608    60   1.7   3.2   2.9
E62A SUSY 106 289   331    60   2.9   5.5   7.4
E62A VLDQ 289 103   645    60   3.5   2.4   2.5
E62A  WES 198  16   492    61   2.1   0.3   3.2
E62A WODY 112 296   413    60   2.2   7.9  10.6
E64A EMMW 171 351   192    54   5.9   1.6   6.8
E64A F57A 265  80   535    60   7.4   1.6   7.8
E64A F60A 263  80   322    60   9.9   5.8  15.0
E64A F61A 260  77   249    60  11.2   8.5  15.9
E64A F62A 251  70   175    60  12.4  10.1  15.4
E64A F64A 213  33    74    60  16.8  11.0  14.6
E64A G57A 258  73   575    60   7.7   1.0   8.9
E64A G59A 252  68   442    60   4.6   1.0   1.6
E64A G61A 248  65   314    60   2.9   2.2   5.7
E64A G62A 239  57   249    60   3.0   9.1   7.9
E64A G63A 225  43   201    60   0.4  11.5  10.1
E64A  GBN 101 285   503    60   8.1   0.7   6.4
E64A  GGN 152 332   164    60  10.0   9.8  13.0
E64A H61A 238  55   383    60   5.3   7.3   3.9
E64A H63A 222  41   260    60   8.2   9.9  11.7
E64A H64A 209  28   225    60   2.8  10.5   0.7
E64A  HAL 119 302   386    60   8.8   8.7   8.6
E64A HANN 126 306   101    60   9.1   9.7  16.0
E64A HOLY  83 264   105    60   6.6  19.6  16.0
E64A I57A 249  63   674    60   6.3   2.5   5.6
E64A I62A 226  43   395    60   7.3   5.5   8.8
E64A I63A 220  38   340    60   6.0   7.1   8.8
E64A  ICQ   7 187   348    60   4.6   3.2   5.1
E64A J59A 240  56   620    60   1.6   5.9   4.1
E64A J62A 223  40   474    60   2.4   1.5   7.8
E64A JOSY 149 330   279    30   8.4   8.4  10.9
E64A K60A 231  47   640    60   2.9   4.7   5.0
E64A K62A 222  38   544    60   5.5   6.2   5.2
E64A L63A 212  30   590    60   6.1   4.7   9.7
E64A  LMN 104 286   242    60   6.1   9.2  16.6
E64A LSQQ 296 110   746    60   7.4   6.9   7.8
E64A M66A 199  17   602    60   4.1   0.6   3.0
E64A MALY 100 283   353    60   0.4   7.6   8.2
E64A NATG  39 223   568    60   2.1   3.0   0.6
E64A PLVO 261  75   735    58   5.0   5.3   7.4
E64A QM16 184   4   135    60   1.1  15.4   7.8
E64A QM38 302 120   269    60  15.2   1.3  11.0
E64A QM50 309 126   364    30   9.1   4.9   8.4
E64A QM60 309 124   513    30   6.1   5.6   7.7
E64A QMM5 352 171   497    60   2.7   1.7   6.6
E64A SHEY 105 290   476    60   5.1   5.4   7.4
E64A SUSY 112 294   201    60   0.1   9.5   5.3
E64A  WES 213  31   527    60   2.5   1.7   7.1
E64A WODY 120 302   287    60   5.6  14.2  13.1
EDEY EMMW 260  77   413    54  13.5   3.9   9.3
EDEY F60A 278  91   752    60   2.8   0.2   0.7
EDEY F61A 278  92   678    60   0.9   1.3   1.8
EDEY F62A 278  92   598    60   2.8   2.1   1.3
EDEY F64A 278  94   472    60   4.0   3.1   4.4
EDEY G59A 271  83   853    60   3.8   0.1   1.6
EDEY G61A 272  85   721    60   5.1   5.3   4.7
EDEY G63A 269  84   574    60  13.0   1.5   9.7
EDEY  GBN  93 274    63    60  10.7  19.1  16.0
EDEY H61A 266  79   764    60   7.6   4.1   7.2
EDEY H62A 265  79   703    60   9.1   6.3   9.9
EDEY H63A 265  79   614    60   8.7   5.5   8.3
EDEY H64A 263  78   551    60   8.5   2.0   5.8
EDEY  HAL 229  48   134    60  11.2   5.3  11.0
EDEY HOLY 292 109   343    60   6.4   8.9   9.6
EDEY I57A 266  76  1069    60   9.5   1.9   7.1
EDEY I60A 262  75   888    60   7.0   6.6   7.0
EDEY I62A 260  73   736    60   8.8   6.2   9.9
EDEY I64A 256  71   604    60   8.1   2.2   5.8
EDEY  ICQ 322 139   587    60   5.5   4.0   4.2
EDEY J59A 262  73   993    60   3.6   2.1   3.1
EDEY J62A 255  69   796    60   4.1   7.1   8.3
EDEY J63A 254  68   738    56   5.1   5.7   9.3
EDEY JOSY 247  65   320    30   2.4   4.3   1.6
EDEY K60A 255  67   978    60   0.9   2.6   2.8
EDEY K62A 252  65   852    60   4.2   1.4   3.4
EDEY L63A 245  59   848    60   4.9   3.0   2.9
EDEY L65A 241  56   729    60   3.5   1.3   1.1
EDEY LATQ 289 101   832    60   6.9   3.1   3.6
EDEY  LMN 284 102   199    60  12.6   7.8  16.5
EDEY LSQQ 295 104  1178    60   5.3   1.1   7.3
EDEY M66A 236  51   785    60   0.9   0.0   1.9
EDEY MALY 296 116    90    60  12.7   9.1  15.6
EDEY N62A 245  57  1034    59   3.8   5.8   4.9
EDEY PLVO 273  83  1158    58   5.5   3.5   4.5
EDEY QM16 269  85   442    60   9.1   0.6   7.8
EDEY QM38 294 108   699    60   4.7   2.6   2.7
EDEY QM50 298 111   784    30   4.3   7.2   5.6
EDEY QM60 300 112   929    30   0.9   2.7   3.4
EDEY QMM5 324 139   770    60   1.0   3.7   3.0
EDEY SHEY 143 323    43    60  20.7  15.7  28.1
EDEY  WES 248  62   798    60   8.8   1.4   6.5
EDEY WODY 259  77   188    60  16.7   8.9  19.4
EMMW F57A 285 100   581    54   6.3   2.8   5.4
EMMW F60A 293 110   379    54   8.9   5.1   7.5
EMMW F61A 298 116   311    54   5.6   5.7   6.5
EMMW F62A 305 123   237    55   8.3   5.4   8.4
EMMW F64A 332 151   146    55   9.4  12.6  11.6
EMMW G57A 277  92   596    54   7.6   6.7   6.6
EMMW G59A 277  93   454    54   4.5   3.4   4.2
EMMW G62A 284 102   249    55   6.6   8.1   9.4
EMMW G63A 286 104   177    54  19.5   6.5  15.0
EMMW  GBN  78 263   475    55   0.9   8.0   7.8
EMMW  GGN  47 227    67    55  13.5  19.0  16.5
EMMW H61A 268  85   355    54  15.8   6.2  13.3
EMMW H62A 268  86   294    55  15.4   6.0  14.7
EMMW H64A 268  86   140    54  16.1  10.5  12.8
EMMW H65A 269  89    63    54  14.6  13.5  16.4
EMMW  HAL  90 273   307    54   3.5   9.6  10.3
EMMW HANN  22 203   141    55  16.2   6.2  14.4
EMMW HOLY  21 201   216    54   4.5  14.8   8.4
EMMW I57A 265  80   660    54   4.7   0.8   4.7
EMMW I60A 260  76   475    54  11.9   1.5   8.0
EMMW I62A 255  72   323    55  17.1   4.8  13.2
EMMW I63A 255  73   259    55  10.2   5.4   9.9
EMMW I64A 244  63   195    54  14.1   3.4   9.9
EMMW  ICQ   1 182   535    55   2.9   1.7   2.3
EMMW J59A 259  74   581    55  10.7   2.1   8.6
EMMW J62A 246  63   386    54   3.0   3.0   7.5
EMMW J63A 243  60   331    50   3.1   5.3   5.8
EMMW JOSY 113 294   125    24   6.1  15.3   9.5
EMMW K60A 248  64   568    54   4.1   3.6   3.5
EMMW K62A 241  58   447    55   5.6   6.7   7.1
EMMW L63A 228  45   462    54   3.8   9.2   8.7
EMMW L65A 216  34   364    54   2.9   2.0   1.5
EMMW LATQ 308 124   508    55   5.5   1.8   3.7
EMMW  LMN  58 239   244    55   3.9   4.2   1.5
EMMW LSQQ 307 120   871    55   1.2   2.2   4.6
EMMW M66A 211  29   441    54   4.0   7.1   6.9
EMMW MALY  68 251   344    54   0.1   7.9   7.0
EMMW N62A 232  48   646    54   6.7   0.2   5.2
EMMW PLVO 276  89   760    53   0.3   0.1   0.9
EMMW QM16 325 145    68    54   2.9  10.1  10.9
EMMW QM38 323 140   421    54   5.6   7.2  10.5
EMMW QM50 323 140   522    30   5.3   1.0   4.0
EMMW SHEY  82 266   434    54   0.5  10.1   9.2
EMMW SUSY  54 236   195    54   2.5  11.3   9.5
EMMW  WES 232  49   405    55  10.2   6.6  10.2
F57A F60A  84 266   213    60   3.5  17.9  14.0
F57A F61A  85 268   288    60   0.6  10.9   8.1
F57A F62A  87 270   367    60   6.9  10.5   8.7
F57A F64A  87 272   493    60   4.0   4.4   8.0
F57A G57A 196  16    82    60  12.3  11.9  10.8
F57A G59A 124 305   144    60  12.8  13.4  15.3
F57A G61A 102 285   254    60   7.1  15.6  11.5
F57A G62A 100 283   332    60   6.0   0.8   9.9
F57A G63A  99 283   404    60  10.5   0.1  14.0
F57A H61A 122 304   260    60  10.6  15.6  13.5
F57A H62A 115 298   310    60   8.4   9.2  13.4
F57A H63A 108 291   387    60   4.9   8.7   8.3
F57A  HAL  95 282   881    60   5.2   3.4   5.6
F57A HANN  86 272   615    60   1.4  10.9   9.0
F57A I60A 153 334   245    60   8.6   4.1   6.7
F57A I62A 128 310   342    60  10.3   5.1  11.7
F57A I63A 120 303   379    60   0.6  10.3  12.6
F57A I64A 116 300   452    60   5.0   9.6  11.0
F57A  ICQ  51 236   693    60   1.8   0.4   3.5
F57A J59A 177 357   261    60   2.3   0.8   1.9
F57A J62A 140 322   367    60   8.2  16.4  12.1
F57A J63A 133 316   402    56   7.3   6.8   8.0
F57A K60A 169 350   361    60   1.6   4.0   5.2
F57A K62A 150 332   401    60  12.9   2.6   9.3
F57A L63A 149 332   504    60   8.8   2.3   8.6
F57A L65A 137 320   562    60   6.6   7.9  10.1
F57A LATQ  39 221   228    60   5.8   2.0   6.7
F57A  LMN  86 273   768    60   2.6   7.3   6.0
F57A LSQQ 335 154   400    60   4.0   8.5   8.0
F57A M66A 142 325   626    60   5.5   3.6   4.1
F57A MALY  86 274   881    60   2.3   5.3   7.0
F57A N62A 169 350   551    59   2.1   3.5   2.1
F57A PLVO 246  64   205    58  14.8   6.2  13.4
F57A QM16  95 280   531    60   3.7   4.3   3.5
F57A QM50  37 220   369    30   7.5   4.0   7.7
F57A QMM5  36 220   710    60   4.1   2.0   2.1
F57A SHEY  90 279   995    60   0.8   1.4   2.9
F57A SUSY  88 274   720    60   1.8   2.9   6.2
F57A  WES 143 326   467    60   7.0   9.1   8.3
F60A F61A  89 270    74    60   6.9  15.4  11.3
F60A F62A  92 274   154    60   6.4  15.8  14.6
F60A F64A  91 274   280    60   9.9   5.6   7.6
F60A G57A 249  67   256    60   7.9   4.8  16.0
F60A G59A 225  44   138    60   6.1  12.1  12.1
F60A G61A 156 337    83    60   7.9   8.5   8.9
F60A G62A 126 307   139    60  12.8  17.5  17.3
F60A G63A 117 298   205    60   9.9  12.2  11.1
F60A  GBN  91 278   815    60   3.3   1.8   2.1
F60A  GGN 101 285   410    60   4.1   0.5   3.8
F60A H61A 179 359   161    60  10.7   3.1  13.1
F60A H62A 158 338   167    60  15.7   9.5  15.0
F60A H63A 133 315   209    60  20.7  11.4  17.6
F60A H64A 124 306   260    60   9.8   5.7  10.2
F60A H65A 115 297   323    60   0.7   4.6   8.0
F60A  HAL 100 286   672    60   5.5   0.9   5.3
F60A HANN  90 273   402    60   2.1   7.1   7.2
F60A HOLY  80 264   428    60   0.5   9.4   8.6
F60A I57A 234  51   370    60   3.5   9.6   2.5
F60A I60A 205  24   259    60   0.3   5.3   1.4
F60A I62A 168 348   238    60   4.8   7.6  12.1
F60A I63A 153 334   239    60   7.7   8.7  10.9
F60A I64A 140 322   292    60  11.5  14.4  16.1
F60A J59A 217  35   344    60   2.3   5.6  10.1
F60A J62A 178 358   305    60   1.7   7.6   5.7
F60A J63A 167 347   307    56   2.0   5.2   7.7
F60A L65A 160 341   463    60   3.4   1.1   4.9
F60A LATQ 338 158   170    60   6.2  11.8   9.8
F60A  LMN  89 274   554    60   6.9   7.4   8.2
F60A LSQQ 314 130   511    60   8.5   5.3   8.2
F60A M66A 164 345   543    60   2.4   5.6   4.6
F60A MALY  89 275   667    60   4.6   8.4   5.5
F60A N62A 193  12   573    59   6.3   2.8  10.1
F60A NATG  51 238   832    60   2.0   4.5   3.3
F60A PLVO 257  74   413    58   8.8   2.3   8.1
F60A QM38  23 204   207    60   8.9   2.3   9.4
F60A QM50   5 185   272    30   4.2   3.1   4.5
F60A QM60 344 163   371    30   6.3   0.3   8.0
F60A QMM5  22 204   590    60   3.8   5.3   3.6
F60A SUSY  91 275   507    60   2.3   4.8   4.9
F60A VLDQ 301 117   505    60   0.3   6.4   3.0
F61A F62A  96 277    80    60  15.0  21.9  22.9
F61A F64A  92 274   205    60   2.5  10.2  10.3
F61A G57A 254  71   327    60  12.0  10.7  10.9
F61A G59A 241  59   198    60  10.2   8.6  14.6
F61A G61A 209  28    87    60   5.8  12.7   7.0
F61A G62A 157 337    91    60  12.3  10.2  14.5
F61A G63A 131 312   144    60  11.5   9.7  21.9
F61A  GBN  91 278   741    60   5.7   5.4   7.7
F61A  GGN 105 288   338    60   5.4   3.9   5.9
F61A H61A 205  24   177    60  12.6  12.0  13.3
F61A H62A 185   5   156    60   0.2   4.4   5.9
F61A H63A 152 333   164    60  14.2  10.5  13.4
F61A H64A 136 317   203    60  16.3  11.4  19.0
F61A  HAL 102 287   599    60   4.2   1.5   3.2
F61A HANN  90 273   328    60   7.0  10.2   7.8
F61A HOLY  78 262   354    60   4.0   8.4   7.6
F61A I57A 240  57   432    60   1.2   7.8   5.1
F61A I60A 218  37   298    60   7.2   1.5   8.5
F61A I63A 171 352   216    60   7.5   7.2   7.6
F61A I64A 154 335   252    60  10.2  13.9  12.6
F61A  ICQ  34 217   483    60   6.5   3.5   7.1
F61A J59A 226  44   394    60   0.2   4.2   4.9
F61A J62A 192  12   312    60  11.4   7.7  11.6
F61A JOSY 114 298   435    30   1.6   2.1   3.5
F61A K62A 196  15   381    60  11.6   8.7  10.2
F61A L63A 186   6   459    60   0.7   2.9   0.7
F61A L65A 170 351   445    60   2.3   4.3   2.7
F61A LATQ 319 138   208    60  12.6  10.9  12.1
F61A  LMN  89 274   480    60   1.9  11.7  10.5
F61A LSQQ 309 125   566    60   7.5   1.4   7.7
F61A M66A 172 353   528    60   0.6   6.8   0.5
F61A MALY  89 275   593    60   1.1   5.1   4.9
F61A N62A 201  19   595    59   7.4   4.4   8.5
F61A PLVO 260  76   486    58   9.8   8.3   9.6
F61A QM16 109 291   252    60   1.2  10.9   6.3
F61A QM60 334 153   396    30   3.0   3.9   1.7
F61A SUSY  92 276   433    60   2.5   3.6   4.3
F61A VLDQ 298 113   569    60   4.4   3.4   2.3
F61A  WES 184   4   400    60   6.4   0.2   4.7
F61A WODY  99 283   504    60   5.0   4.6   5.2
F62A F64A  91 272   126    61  17.3  19.2  19.0
F62A G57A 259  76   402    60  17.1   6.4  14.0
F62A G59A 251  69   267    60  10.0   5.7   8.7
F62A G61A 241  60   140    60  10.8  11.2  12.8
F62A G62A 211  30    87    61   6.0  15.1   4.7
F62A G63A 163 343    91    60  15.5  11.2  14.0
F62A  GGN 108 291   259    61   3.5   3.0   8.4
F62A H61A 226  45   217    60  13.4  15.6  15.4
F62A H62A 213  32   174    61   5.8   8.7   7.7
F62A H63A 182   2   137    60   3.6   7.5   6.6
F62A H64A 157 338   151    60  11.8   7.5  12.4
F62A H65A 134 315   190    60  10.2   2.5   7.9
F62A  HAL 103 288   519    60   2.8   3.5   0.4
F62A HANN  89 272   248    61   2.8   6.6  13.4
F62A HOLY  74 257   279    60   2.2   6.9   5.2
F62A I57A 246  62   499    60   5.5   9.6   9.2
F62A I60A 230  48   348    60   2.4  11.5   2.7
F62A I62A 206  25   249    61   4.0   8.0   7.8
F62A I63A 194  13   211    61   1.9  15.7   8.2
F62A I64A 173 353   221    60   7.4   7.7   7.8
F62A  ICQ  26 208   451    61   4.0   5.1   8.6
F62A J59A 235  52   450    61   7.2   4.6   7.8
F62A J62A 207  26   331    60   2.1   4.2   9.6
F62A J63A 197  16   304    56   6.0   6.8   6.8
F62A JOSY 119 302   360    30   5.9   5.7   7.1
F62A K60A 222  39   480    60   2.2   9.8   5.8
F62A K62A 208  26   402    61   5.6  12.0  11.5
F62A L63A 197  16   467    60   3.3   8.7   5.0
F62A L65A 181   1   430    60   4.4   3.4   5.4
F62A LATQ 308 126   272    61  11.4   8.4  14.0
F62A  LMN  89 273   401    61   0.4  11.4  13.2
F62A LSQQ 306 121   634    61   3.4   4.5   4.5
F62A M66A 182   1   515    60   2.9   0.8   2.7
F62A MALY  89 274   514    60   0.0  10.6   7.8
F62A PLVO 263  78   564    59  10.6   1.9   7.6
F62A QM38 341 161   209    60  14.4  12.4  15.1
F62A QM50 336 155   307    30   1.3   3.7   3.0
F62A SUSY  92 275   353    60   2.7  14.5  10.6
F62A VLDQ 296 110   644    60   4.4  11.3   8.8
F62A WODY 100 284   424    60   3.7   1.6   1.8
F64A G57A 263  78   525    60   7.1   3.6   4.9
F64A G61A 257  74   256    60  14.5   8.7  16.5
F64A G62A 248  66   185    61   9.2   4.8   9.0
F64A G63A 230  50   129    60   7.8   7.4   8.5
F64A  GBN  93 278   535    61   6.9   8.3   9.1
F64A  GGN 125 306   144    61  11.5  12.3  14.6
F64A H61A 243  61   318    60  11.1   5.8  15.3
F64A H62A 238  56   263    61   8.1  10.0  11.9
F64A H63A 225  44   188    60   0.6  15.7   9.0
F64A H64A 207  26   152    60  13.5   4.7   9.4
F64A H65A 176 356   130    60  17.3   2.3  13.3
F64A  HAL 108 292   398    60   5.2   9.1   8.4
F64A HANN  88 270   123    61   5.3  12.2  10.0
F64A HOLY  62 244   163    60  16.9   7.2  17.2
F64A I60A 242  58   450    60   2.1   7.8   4.8
F64A I63A 222  40   268    61   5.7  11.3   9.0
F64A I64A 206  25   239    60   2.9   9.6   4.2
F64A J59A 244  59   556    61   3.6   3.0   2.7
F64A J62A 224  42   402    60   4.6  11.9   9.7
F64A J63A 218  36   360    56   2.4   7.3   2.8
F64A JOSY 133 315   256    30  10.0  10.5  10.4
F64A K62A 222  40   472    61   4.5   7.8   5.9
F64A L63A 212  29   516    60   7.5   4.1   8.0
F64A L65A 198  17   447    60   0.7   2.6   2.6
F64A LATQ 298 115   379    61   6.7   7.1  12.2
F64A  LMN  89 271   275    61   2.8  10.4  10.1
F64A LSQQ 302 115   741    61   6.8   6.2  10.3
F64A M66A 196  15   531    60   1.8   1.0   0.4
F64A MALY  89 273   388    60   4.5  13.7  10.7
F64A N62A 219  35   687    60   4.7   8.1   7.4
F64A NATG  38 222   642    61   4.0   2.6   5.1
F64A PLVO 265  79   688    59   2.6   0.4   3.7
F64A QM16 157 337    79    60  11.9  15.9  19.1
F64A QM38 317 136   278    60   7.3  10.0  11.7
F64A QM50 320 137   378    30   1.1   2.6   6.3
F64A SHEY  97 282   504    60   6.0   6.8   5.1
F64A VLDQ 293 106   760    60   6.4   0.3   3.9
F64A  WES 213  31   454    61   2.7   6.5   9.2
G57A G59A  90 272   142    60   7.8  13.3  12.8
G57A G62A  86 269   350    60   9.8   8.5   9.8
G57A  GBN  83 273  1057    60   3.4   1.2   3.0
G57A H61A 104 286   250    60   2.0   6.2  11.6
G57A H62A 100 282   308    60   2.6   4.1  10.5
G57A H64A  94 278   458    60   1.6   2.6   1.2
G57A H65A  92 277   534    60   0.2   6.2   1.0
G57A  HAL  89 277   901    60   1.3   3.4   0.9
G57A HANN  79 265   648    60   3.3   6.9  10.4
G57A HOLY  74 260   681    60   2.7   6.2   8.3
G57A I57A 203  22   140    60   7.6  12.6  18.5
G57A I60A 135 317   194    60  15.0   4.4  10.8
G57A I62A 114 296   321    60   1.5  11.1  11.9
G57A I64A 105 289   445    60   5.0   5.2   7.4
G57A J59A 168 348   186    60   7.8  11.9  12.1
G57A J62A 128 311   328    60  12.9   3.5  10.8
G57A J63A 122 304   372    56   4.5  10.0   9.1
G57A K60A 162 343   290    60   9.3   4.6   7.6
G57A K62A 140 322   350    60   9.5   6.2   9.4
G57A L63A 142 324   452    60   4.2   6.8   9.6
G57A L65A 129 312   525    60   8.3   0.4   3.9
G57A LSQQ 342 160   465    60   1.5   1.1   5.9
G57A M66A 136 319   581    60   7.1   5.9   7.3
G57A MALY  81 269   912    60   0.8   7.3   6.9
G57A NATG  53 242  1078    60   3.2   1.4   2.3
G57A PLVO 268  87   165    58  14.7  11.4  18.8
G57A QM16  86 271   553    60   1.2   7.2   5.1
G57A QM38  47 230   427    60  10.1   6.4  10.0
G57A QM60  15 196   469    30   8.1   4.4   7.2
G57A QMM5  34 218   787    60   0.4   3.2   2.8
G57A SHEY  85 274  1022    60   3.9   2.1   3.2
G57A SUSY  81 268   751    60   0.7   6.9   7.4
G57A VLDQ 329 147   403    60   5.6  10.9   9.5
G57A  WES 134 317   422    60   7.3   6.0   8.7
G57A WODY  86 274   812    60   0.6   7.1   5.2
G59A G61A  80 261   132    60   9.4  10.8  10.2
G59A G62A  85 267   209    60   1.2  18.3  12.8
G59A  GBN  84 272   916    60   4.2   4.0   5.7
G59A  GGN  87 272   499    60   0.3   5.6   1.2
G59A H61A 122 302   117    60  10.3   1.6   8.4
G59A H62A 109 290   170    60   3.2  16.3   9.5
G59A H64A  97 280   317    60   3.1   5.6   5.2
G59A HANN  78 262   509    60   4.2   4.9   7.1
G59A I57A 238  56   234    60   4.0   6.0   7.1
G59A I60A 184   4   138    60   2.1   3.7   0.7
G59A I62A 132 313   199    60  14.1   8.1  16.1
G59A I63A 118 300   236    60   8.1  10.2  10.4
G59A J59A 211  30   208    60   5.8   7.8  12.9
G59A J62A 152 332   233    60   7.5   4.3   7.4
G59A J63A 139 321   261    56   9.9   2.2   9.4
G59A K60A 192  11   280    60   6.2   8.6  12.2
G59A K62A 164 345   279    60   3.8   4.2   6.1
G59A L63A 160 341   379    60  10.9   2.9   7.8
G59A L65A 142 324   423    60   5.5   2.6   5.7
G59A LATQ   7 187   258    60   2.9  11.5  10.5
G59A  LMN  80 266   660    60   5.7   4.4   5.7
G59A LSQQ 328 145   528    60   3.4   5.7   6.4
G59A M66A 149 331   491    60   3.8   1.8   5.4
G59A N62A 183   3   462    59   6.7   0.8   2.7
G59A PLVO 271  88   307    58  12.7   1.7   8.6
G59A QM16  86 270   411    60   0.9   1.8   0.5
G59A QM38  31 213   339    60   2.8   3.1   4.3
G59A QM50  17 198   388    30   1.4   3.9   4.4
G59A QMM5  25 209   719    60   1.2   1.1   0.1
G59A SHEY  86 274   880    60   1.7   2.8   2.6
G59A SUSY  81 266   611    60   2.3   9.2   6.6
G59A VLDQ 316 133   492    60   2.9   9.7   7.4
G59A  WES 153 334   335    60  14.5   7.1  12.9
G61A G62A  95 276    78    60   8.5  15.6  13.4
G61A G63A  96 278   151    60   9.4  16.8  18.6
G61A  GBN  85 273   784    60   4.0   3.5   2.8
G61A  GGN  91 274   369    60   1.1   6.8   7.6
G61A H61A 201  20    90    60  14.3  12.8  13.5
G61A H62A 159 340    84    60  12.0  10.9  10.8
G61A H63A 120 301   136    60  12.1   8.9  12.7
G61A H64A 111 292   195    60   5.7   5.5   6.5
G61A H65A 103 285   267    60   7.4   4.7   9.0
G61A  HAL  94 279   630    60   2.6   7.8   8.0
G61A HANN  78 262   377    60   1.8  12.9  10.4
G61A HOLY  69 252   416    60   6.8  10.0  17.1
G61A I57A 247  64   360    60  11.2  11.9  12.5
G61A I60A 222  41   213    60   2.4   8.8   7.3
G61A I62A 174 355   157    60  11.3  11.0  11.3
G61A I63A 151 332   156    60  10.9   6.9  12.2
G61A I64A 135 316   213    60  13.6  16.7  16.9
G61A  ICQ  33 216   570    60  11.5   8.2  11.8
G61A J59A 231  49   312    60   4.2   8.4   9.4
G61A J62A 186   6   230    60   5.6   6.7   8.1
G61A J63A 171 351   225    56   0.5   2.5   4.7
G61A JOSY 103 286   451    30   7.2   8.2   8.1
G61A K60A 213  32   352    60   8.3   7.6  10.9
G61A K62A 191  11   296    60   4.1   5.8   9.3
G61A L63A 181   1   380    60   0.4   0.6  10.5
G61A L65A 161 342   380    60   6.8   5.0   9.3
G61A LATQ 338 157   253    60   7.7   5.4   7.7
G61A  LMN  81 265   528    60   9.7  13.5  11.7
G61A LSQQ 317 133   589    60   3.9   7.5   8.4
G61A M66A 165 346   461    60   5.7   1.6   7.1
G61A NATG  46 233   857    60   4.2   3.8   3.1
G61A QM16  90 273   281    60   8.1   5.6  10.0
G61A QM38  11 191   271    60   5.3  15.1  12.6
G61A QM60 343 162   453    30   1.2   7.5   4.1
G61A QMM5  17 199   651    60   2.7   1.5   6.2
G61A SUSY  82 266   479    60   1.5   8.8   7.4
G61A VLDQ 306 122   575    60   6.3   1.8   4.8
G61A WODY  90 275   540    60   6.9   5.1   7.7
G62A G63A  99 279    73    60  25.0  22.0  22.3
G62A  GBN  85 271   707    61   0.0   3.2   3.4
G62A  GGN  91 274   290    61   3.0  15.9   9.9
G62A H61A 235  55   135    60  15.1  13.6  23.2
G62A H62A 215  34    87    61  12.1   7.2   5.8
G62A H63A 147 328    73    60  20.4  12.6  19.2
G62A H64A 121 302   122    60  12.7   5.8  13.7
G62A H65A 107 289   189    60   4.9  11.9  10.9
G62A  HAL  94 279   552    60   3.0   5.5   5.6
G62A HANN  75 257   303    61   5.1  12.9   7.8
G62A HOLY  64 247   348    60   2.1   8.4   9.9
G62A I57A 253  69   431    60  12.6   3.2  10.4
G62A I60A 236  54   267    60   9.3   7.3  12.1
G62A I62A 203  23   162    61   2.7  10.3   6.3
G62A I64A 153 334   161    60  16.4   9.0  17.4
G62A  ICQ  26 208   538    61   3.0   2.8   3.4
G62A J59A 240  57   372    61   8.3   6.3   7.8
G62A J62A 205  24   244    60   3.7   6.9   4.1
G62A J63A 192  11   220    56   4.3   3.4   6.4
G62A K60A 224  42   395    60   7.8   2.8   4.0
G62A K62A 206  25   315    61   2.7   9.9   9.2
G62A L63A 194  13   383    60   5.4   9.6   3.6
G62A L65A 174 354   356    60  12.7   1.0   9.4
G62A LATQ 325 143   297    61  14.4   6.9  10.6
G62A  LMN  79 263   453    61   2.9  16.0  11.5
G62A LSQQ 313 129   649    61   8.3   1.1   5.9
G62A MALY  81 266   564    60   5.0   6.2   8.5
G62A N62A 208  26   533    60   0.7   7.6   5.8
G62A NATG  43 229   807    61   3.9   2.0   0.5
G62A PLVO 270  85   515    59   8.4   5.5   7.3
G62A QM16  89 271   203    60   4.0   4.8   6.0
G62A QM38 355 175   274    60   3.1   2.6   3.2
G62A QM50 347 166   365    30   6.6   2.4   4.8
G62A QM60 335 153   488    30   0.6   4.2   2.3
G62A QMM5  11 192   639    60   3.9   3.8   3.5
G62A SUSY  80 264   403    60   0.3  17.1  10.2
G62A VLDQ 303 118   643    60   5.8   5.5   5.9
G62A  WES 192  11   321    61   5.8   0.5   3.4
G62A WODY  90 274   462    60   1.9  10.3   7.1
G63A  GBN  84 270   637    60   3.8   7.7   3.5
G63A  GGN  89 271   218    60   3.5  18.3  14.5
G63A H61A 251  69   194    60  14.4  12.9  16.4
G63A H62A 244  63   136    60  15.3  10.3  16.3
G63A H63A 213  33    60    60   9.5  15.1  10.7
G63A H64A 149 329    61    60  15.3  10.0  16.8
G63A H65A 113 294   118    60  13.1  14.9  18.5
G63A  HAL  94 278   479    60   0.0   4.8   3.0
G63A HANN  68 250   239    60   4.7  13.8   9.8
G63A HOLY  56 239   291    60   0.4   5.2   8.5
G63A I57A 257  73   498    60   8.6   2.5  11.2
G63A I60A 246  63   325    60  10.5   9.7  12.2
G63A I62A 225  44   194    60   9.7   6.0   5.2
G63A I63A 213  33   141    60   8.4  11.7   9.4
G63A I64A 181   1   133    60   5.4   6.5   5.7
G63A J59A 247  63   431    60   7.5   9.6   9.7
G63A J62A 221  39   274    60   6.6  11.7  12.5
G63A J63A 210  29   235    56   5.9   6.3   6.7
G63A K60A 233  50   441    60   0.6   3.4   4.1
G63A K62A 219  37   344    60   3.0   7.9   7.8
G63A L63A 205  23   395    60   3.1   5.5   5.1
G63A L65A 186   6   345    60   6.7   6.6   7.5
G63A LATQ 317 135   351    60   7.0  12.5  12.5
G63A  LMN  76 259   385    60   1.5   9.4   6.7
G63A LSQQ 311 125   710    60   1.8   2.8   5.4
G63A N62A 215  33   561    59   3.7   8.2   6.7
G63A NATG  39 224   769    60   3.7   5.1   6.7
G63A PLVO 272  87   587    58   7.7   6.2   5.9
G63A QM16  85 266   132    60   9.3  12.7  24.6
G63A QM38 342 161   300    60   5.8   8.9   8.6
G63A QM60 329 147   531    30   0.5   1.8   1.1
G63A SHEY  87 273   600    60   5.2   9.8  12.3
G63A SUSY  77 260   334    60   8.8  12.1  17.2
G63A  WES 205  24   333    60   0.9   6.2  10.8
G63A WODY  89 272   390    60   0.9  11.4  11.2
 GBN  GGN 267  84   419    61  12.8   6.6  13.7
 GBN H61A 267  80   827    60   5.0   0.3   7.8
 GBN H62A 266  80   766    61   8.6   1.4   8.3
 GBN H65A 264  79   536    60   6.5   5.7   9.7
 GBN  HAL 243  62   185    60  11.9   8.3  12.3
 GBN HOLY 290 106   403    60   3.9   5.1   7.0
 GBN I57A 267  77  1132    60   5.5   3.6   8.2
 GBN I60A 264  75   950    60   8.5   0.1   6.2
 GBN I62A 261  74   797    61   7.2   2.4   6.5
 GBN I63A 261  75   734    61   5.2   2.3   6.9
 GBN I64A 258  73   665    60   6.9   3.2   8.9
 GBN  ICQ 319 134   630    61  10.0   0.8   6.8
 GBN J59A 263  74  1055    61   5.1   2.7   5.2
 GBN J62A 257  70   856    60   5.5   1.4   7.8
 GBN J63A 256  69   798    56   4.5   1.7   3.6
 GBN JOSY 252  69   378    30   2.2   3.4   4.6
 GBN L63A 248  61   904    60   5.2   0.2   3.1
 GBN L65A 244  58   783    60   2.1   3.6   3.2
 GBN  LMN 282 100   262    61  10.8   6.4   8.5
 GBN LSQQ 295 103  1237    61   4.3   0.1   2.7
 GBN MALY 287 106   150    60  18.0   9.0  16.2
 GBN N62A 247  59  1090    60   0.8   4.3   3.3
 GBN NATG 350 169   551    61   0.1   3.4   2.4
 GBN PLVO 274  83  1221    59   7.2   1.7   7.1
 GBN QM16 270  85   505    60   6.2   1.2   4.2
 GBN QM60 299 111   986    30   5.8   3.4   5.0
 GBN QMM5 321 135   811    60   4.4   2.9   4.2
 GBN SHEY 231  50    48    60  13.1  10.8  12.1
 GBN SUSY 278  95   308    60   9.4   2.6  12.8
 GBN VLDQ 290  98  1275    60   2.8   3.5   2.6
 GBN  WES 250  64   856    61   2.5   2.2   1.2
 GBN WODY 263  81   250    60  15.6   7.7  16.0
 GGN H61A 262  79   408    60  17.4   3.5  12.9
 GGN H62A 261  78   346    61  14.3   3.9  12.5
 GGN H63A 260  78   257    60  20.4   7.4  17.3
 GGN H65A 248  67   120    60  16.4  13.9  16.9
 GGN  HAL 101 283   262    60   4.9  12.1  19.8
 GGN HANN   4 184    85    61   6.5  17.6  17.4
 GGN HOLY  10 191   159    60  10.0   3.6  10.9
 GGN I57A 263  76   713    60   8.8   1.2  10.0
 GGN I60A 257  72   532    60  14.9   3.6  14.1
 GGN I62A 250  67   383    61   6.9   7.1   7.6
 GGN I63A 250  67   320    61   5.8   7.7  10.1
 GGN I64A 240  58   259    60   6.0   4.4   3.8
 GGN  ICQ 356 176   491    61  10.4   2.8   9.0
 GGN J59A 256  71   638    61  11.9   4.5  11.0
 GGN J63A 240  57   395    56   1.9   2.8   2.2
 GGN JOSY 145 326   116    30  13.9   4.7  18.9
 GGN K62A 240  56   512    61   7.6   2.6   6.6
 GGN L65A 218  36   430    60   4.5   7.3   4.8
 GGN LATQ 301 117   522    61   7.2   2.0   7.1
 GGN  LMN  62 244   179    61  10.4  14.4  16.6
 GGN LSQQ 303 116   885    61   3.5   9.4   8.5
 GGN MALY  73 256   283    60   3.3   6.8   5.4
 GGN N62A 232  47   712    60   0.2   1.0   1.1
 GGN NATG  26 209   649    61   2.9   3.9   4.7
 GGN PLVO 273  86   805    59   5.8   5.0   7.3
 GGN QM16 277  96    88    60  13.2  11.4  15.8
 GGN QM38 314 131   419    60  10.0   8.0  11.3
 GGN QMM5 348 166   653    60   1.8   8.5   6.6
 GGN SHEY  88 271   382    60   1.9  10.3  11.2
 GGN SUSY  58 239   129    60  10.9  11.5  15.5
 GGN VLDQ 296 108   902    60   1.6   3.9   3.7
 GGN WODY  90 272   172    60   6.9  16.4  20.3
H61A H62A  85 265    62    60  14.8  19.7  17.5
H61A H63A  84 265   151    60   3.2  13.4  16.6
H61A H64A  86 267   215    60   4.5  19.8  17.8
H61A H65A  85 268   293    60   0.1  16.6   9.1
H61A  HAL  86 272   662    60   5.9   7.6   9.8
H61A HANN  68 251   432    60   8.8  15.1  11.3
H61A HOLY  61 244   481    60   3.1   3.8   3.6
H61A I57A 259  76   305    60  10.6  11.7  10.5
H61A I60A 236  55   133    60  10.4  14.4  12.4
H61A I62A 147 327    86    60  17.9  22.1  23.1
H61A I63A 116 297   120    60  10.3  12.3  12.1
H61A I64A 109 291   195    60   9.9   7.8  13.7
H61A  ICQ  31 214   659    60   6.7   1.4   4.1
H61A J59A 241  59   238    60  10.7   6.7  11.5
H61A J62A 176 356   144    60   6.9   4.7  10.7
H61A J63A 153 334   154    56  11.5  15.1  20.7
H61A JOSY  91 276   472    30   7.9   4.7   9.3
H61A K62A 187   7   208    60   8.1   3.5   4.3
H61A L63A 175 355   297    60   5.7   5.9   6.3
H61A L65A 151 332   316    60   7.4  10.3  10.4
H61A LATQ 349 168   325    60   7.4   1.0   5.9
H61A  LMN  73 258   579    60   2.5   5.1   3.9
H61A LSQQ 324 141   634    60   3.6   8.6   5.1
H61A M66A 157 339   391    60   7.5   0.2   5.8
H61A MALY  75 261   688    60   3.5   5.7   7.9
H61A N62A 198  17   419    59   3.4   5.8   6.1
H61A PLVO 280  96   411    58   3.1   4.7   0.9
H61A QM16  75 258   323    60   0.5   9.8  14.1
H61A QM38  13 194   360    60   6.3   4.8   7.7
H61A QM60 349 168   527    30   6.9   0.8   3.7
H61A QMM5  17 200   741    60   1.5   0.6   0.2
H61A SHEY  82 269   789    60   3.8   7.0   8.0
H61A SUSY  73 258   528    60   2.6   7.6   3.0
H61A VLDQ 314 130   606    60   8.5   4.7  12.9
H61A  WES 168 349   243    60   4.7   3.9   5.4
H61A WODY  81 266   578    60   4.0  10.6   7.9
H62A H63A  83 264    89    60   3.5  10.2  14.7
H62A H64A  87 268   154    60   2.3  15.3  11.7
H62A  HAL  87 272   600    60   4.2   8.7   7.8
H62A HANN  66 249   374    61   6.4   8.8  10.1
H62A HOLY  58 241   426    60   1.0   2.2   1.0
H62A I57A 260  77   367    60   9.4   5.6  10.1
H62A I60A 245  64   189    60  12.4   8.4  12.9
H62A I62A 191  10    79    61   3.2  13.5  10.1
H62A I63A 142 322    74    61  16.0  11.9  15.4
H62A I64A 120 301   142    60  12.9  14.4  17.5
H62A  ICQ  27 210   624    61   6.5   2.1   6.5
H62A J59A 246  64   295    61   5.4   7.3  14.7
H62A J62A 200  19   159    60   5.8   8.2   9.0
H62A J63A 177 358   144    56  10.0   0.8   6.9
H62A JOSY  93 277   411    30   4.5   8.2   6.9
H62A K60A 226  44   310    60   7.6   8.2  10.4
H62A K62A 203  22   229    61   1.9  14.8  17.6
H62A L65A 162 343   297    60   2.8   8.6   7.2
H62A LATQ 339 157   337    61   4.8   5.2   7.0
H62A  LMN  72 256   519    61   2.0   6.6   7.0
H62A LSQQ 320 136   667    61   3.7   7.3   7.7
H62A NATG  42 228   893    61   4.2   1.9   2.7
H62A QM16  73 256   263    60   3.0  11.6   9.9
H62A QM38   4 184   345    60   2.8   3.6   5.3
H62A SHEY  82 268   727    60   3.1   5.4   4.7
H62A SUSY  72 256   468    60   2.4   8.6   9.1
H62A VLDQ 311 126   647    60   5.7   8.9  11.0
H62A WODY  81 266   517    60   5.2   9.0   9.2
H63A H64A  92 272    65    60  12.3  13.8  15.7
H63A H65A  88 269   142    60   9.6  18.9  15.0
H63A HANN  61 243   290    60   6.0  14.8  10.6
H63A I60A 252  70   275    60  16.4  12.2  17.3
H63A I62A 230  49   136    60  10.4  10.9  13.7
H63A I63A 213  32    81    60   9.7  20.5  16.1
H63A I64A 159 339    88    60  12.7  12.9  14.9
H63A J59A 251  68   382    60   9.1   6.2  10.7
H63A J62A 222  41   214    60   0.6   9.5   8.5
H63A J63A 209  28   175    56   6.1  11.5   9.1
H63A L63A 203  22   336    60   6.8  10.0  10.3
H63A L65A 180   0   292    60   8.9   2.2   3.9
H63A LATQ 326 144   370    60   8.5   6.7   9.0
H63A  LMN  70 254   431    60   3.7   5.9   7.4
H63A LSQQ 315 130   720    60   4.9   4.5   6.6
H63A MALY  74 259   539    60   2.5   9.3   8.3
H63A N62A 215  33   500    59   4.6   1.9   3.9
H63A PLVO 277  92   558    58   7.2   2.7   4.7
H63A QM16  69 250   175    60   8.7  12.8  13.0
H63A QM38 350 169   341    60   9.4  11.3  11.2
H63A QM50 344 163   435    30   1.9   3.6   0.7
H63A QMM5   7 188   694    60   0.1   2.2   3.0
H63A SHEY  82 268   638    60   4.2   7.4   5.6
H63A SUSY  70 254   380    60   3.7  12.3   9.7
H63A VLDQ 306 121   711    60   2.2   5.2   7.9
H63A  WES 203  22   273    60   0.7   6.4   2.7
H63A WODY  82 265   427    60   4.2  14.8  14.4
H64A H65A  85 266    77    60   2.0  15.3   8.2
H64A  HAL  88 272   447    60   4.8   6.2   6.2
H64A HOLY  45 227   300    60   5.6   6.2   4.8
H64A I60A 256  73   337    60  11.6   7.2  11.7
H64A I62A 244  63   189    60   8.7   9.5   9.2
H64A I63A 239  58   127    60  16.8  14.8  16.6
H64A I64A 203  22    87    60   5.6  18.6  13.3
H64A J59A 255  71   443    60   8.9   2.5   7.9
H64A J62A 234  52   261    60   6.5   9.2   8.9
H64A J63A 225  44   212    56   7.5   3.0   8.7
H64A K60A 241  58   439    60   0.4   4.8   1.6
H64A L65A 193  13   298    60   0.0   2.1   3.1
H64A LATQ 319 137   411    60   5.6   7.4   7.5
H64A  LMN  67 250   372    60   1.6   4.8   7.6
H64A LSQQ 312 127   768    60   7.0   4.5   7.6
H64A M66A 192  11   383    60   6.7   2.8   5.0
H64A N62A 222  39   539    59   3.5   4.5   4.3
H64A PLVO 277  91   622    58   2.6   3.0   4.2
H64A QM16  57 238   118    60   7.9   7.2  10.1
H64A QM38 340 159   360    60   8.1   6.7  12.2
H64A QM50 337 155   459    30   0.5   3.9   1.3
H64A SUSY  67 249   321    60   0.2  11.3   7.2
H64A VLDQ 304 118   765    60   3.2   2.6   4.5
H64A  WES 215  33   303    60   7.8   6.9   7.6
H65A  HAL  89 273   369    60   2.9  14.4  13.6
H65A HANN  41 222   176    60  13.4   4.8   2.4
H65A HOLY  34 215   246    60   8.2   8.1  13.6
H65A I62A 251  69   263    60  13.7   9.3  22.0
H65A I63A 250  68   199    60  11.5   6.9  11.5
H65A I64A 233  52   140    60  10.1  18.3  15.6
H65A  ICQ   8 188   542    60   3.8   3.0   3.6
H65A J59A 257  73   519    60   3.9   4.9   7.8
H65A J62A 242  59   329    60   4.8   9.1   8.3
H65A J63A 236  54   276    56   0.4   9.3   8.1
H65A JOSY 104 286   184    30  12.0   8.1   9.3
H65A L63A 222  40   417    60   7.1   6.5  10.1
H65A LATQ 312 129   461    60   9.9   8.9  10.7
H65A LSQQ 309 123   823    60   4.8   2.6   6.9
H65A MALY  71 254   403    60   4.2   7.7   7.0
H65A NATG  31 215   744    60   4.1   1.7   6.2
H65A QM16  22 202    62    60   8.1   3.1   2.6
H65A QM38 330 148   387    60   4.7  12.5  12.0
H65A QM60 324 140   630    30   2.8   4.0   5.1
H65A QMM5 357 176   685    60   5.5   4.0   5.6
H65A SHEY  82 267   497    60   1.6   8.0   6.6
H65A SUSY  62 244   249    60   1.4  12.4   7.4
H65A VLDQ 301 114   827    60   0.1   6.5   4.4
H65A  WES 225  43   357    60   5.1   5.8   8.4
H65A WODY  80 262   287    60   3.6  13.3  10.6
 HAL HOLY 314 132   307    60   8.0   8.1  13.8
 HAL I57A 270  81   966    60   5.9   1.7   6.9
 HAL I60A 267  80   779    60   5.2   2.2   6.2
 HAL I62A 265  80   624    60  10.8   3.0   7.5
 HAL I64A 263  79   489    60   9.7   5.9   8.7
 HAL  ICQ 334 151   611    60   5.0   1.1   7.1
 HAL J62A 260  74   678    60   7.4   3.7   5.3
 HAL JOSY 259  77   197    30  13.2   1.6  11.7
 HAL K60A 258  71   860    60   5.1   2.1   4.0
 HAL L65A 243  59   599    60   9.8   1.9   7.7
 HAL LATQ 296 110   774    60   7.1   6.4   5.6
 HAL  LMN 325 144   165    60   9.5  14.6  13.9
 HAL LSQQ 300 111  1131    60   3.2   4.1   6.0
 HAL MALY   8 188   130    60   8.5  15.6  14.4
 HAL N62A 246  60   906    59   3.8   0.7   4.8
 HAL NATG   5 186   631    60   1.2   2.6   7.3
 HAL PLVO 277  88  1066    58   1.8   0.4   3.5
 HAL QM16 282  99   350    60   1.5   1.8   2.4
 HAL QM38 304 118   654    60   8.1   3.0   6.6
 HAL QM50 307 121   747    30   5.3   2.2   3.4
 HAL QM60 308 121   896    30   2.7   2.6   3.0
 HAL SHEY  66 247   138    60   9.8  14.0  20.2
 HAL SUSY 310 129   188    60   8.6   2.4   7.4
 HAL WODY 302 121    99    60  10.3   9.6  11.6
HANN HOLY  18 198    75    60  12.1   8.4  15.2
HANN I57A 256  70   734    60  13.1   2.5   9.3
HANN I60A 249  64   563    60   8.1   2.4   8.7
HANN I62A 240  57   424    61   7.6   1.9   6.2
HANN I63A 237  55   363    61   7.5   3.8   6.9
HANN I64A 227  45   314    60   7.3   9.1  10.9
HANN J59A 249  64   669    61   6.2   4.6  10.0
HANN J63A 231  48   448    56   0.0   2.4   2.8
HANN JOSY 161 342   189    30  17.8   5.8  16.1
HANN K60A 240  55   674    60   2.6   7.3   4.9
HANN K62A 233  49   564    61   0.2   5.7   8.5
HANN L63A 223  39   592    60   3.3   4.8   4.2
HANN LATQ 292 108   490    61   4.1   0.4   4.3
HANN  LMN  90 272   152    61   3.8  14.4  12.2
HANN LSQQ 298 111   846    61   4.2   5.6   4.8
HANN MALY  91 273   265    60   3.9  11.6  15.0
HANN N62A 227  42   772    60   5.3   2.4   5.1
HANN PLVO 267  80   811    59   3.3   1.4   4.1
HANN QM16 231  51   119    60  16.9  16.0  17.1
HANN QM38 304 121   370    60   4.2   9.2   8.0
HANN QM50 309 125   465    30   5.2   4.6   6.2
HANN QM60 309 124   615    30   4.5   4.5   3.8
HANN QMM5 345 164   572    60   0.8   6.9   6.0
HANN SUSY 100 280   105    60   5.6  22.4  14.3
HANN VLDQ 291 103   873    60   5.0   3.8   5.8
HANN WODY 117 299   186    60   3.0   3.8   4.0
HOLY I57A 252  65   777    60   7.8   1.8   6.6
HOLY I62A 234  51   483    60   2.4   3.8   5.6
HOLY I64A 222  40   382    60   4.0   0.3   4.7
HOLY  ICQ 350 169   339    60   6.0   7.9  12.0
HOLY J59A 245  59   719    60   4.0   2.5   4.2
HOLY J62A 231  47   559    60   4.2   5.1   4.3
HOLY J63A 227  44   513    56   4.2   3.5   7.5
HOLY JOSY 172 352   254    30  11.9   4.1  11.4
HOLY K60A 236  51   732    60   5.5   5.3   2.6
HOLY L65A 211  29   576    60   0.5   4.7   5.2
HOLY  LMN 120 301   148    60   7.7   9.5  12.0
HOLY LSQQ 293 106   836    60   2.2   3.5   3.2
HOLY MALY 108 290   254    60   1.0  10.4   6.9
HOLY N62A 225  40   839    59   2.0   4.4   2.3
HOLY NATG  32 214   498    60   8.3   3.1   7.7
HOLY PLVO 263  75   841    58   5.8   4.6   2.6
HOLY QM16 219  38   186    60   0.3  13.4   6.8
HOLY QM50 300 116   444    30   9.4   6.2  11.3
HOLY QMM5 341 159   510    60   4.5  10.9  10.7
HOLY SHEY 112 296   381    60   1.2   6.5  12.6
HOLY SUSY 138 319   120    60  15.5  14.3  18.1
HOLY VLDQ 286  98   872    60   8.1   4.3   9.4
HOLY WODY 138 319   212    60  12.1   8.6  12.1
I57A I60A  92 274   191    60   6.5  12.9  10.3
I57A I62A  90 273   347    60   5.3  11.4   9.1
I57A I63A  86 270   408    60   0.3  12.8   9.2
I57A I64A  88 272   484    60   0.5   8.2   7.4
I57A J59A 119 300   107    60   8.8   9.3  14.0
I57A J62A 103 286   321    60   8.2   9.3  10.3
I57A J63A 100 283   377    56   6.7   0.0   6.4
I57A JOSY  84 271   773    30   3.4   1.5   1.7
I57A K60A 135 316   205    60  15.9   4.8  12.9
I57A K62A 116 298   312    60  10.5   6.1   7.5
I57A L63A 123 306   403    60   4.1   9.2   5.8
I57A L65A 113 297   504    60   3.7   7.2   8.6
I57A LATQ  29 211   444    60   4.4   3.3   5.4
I57A  LMN  72 260   883    60   0.4   7.8   3.5
I57A LSQQ 350 169   578    60   8.8   5.3   9.2
I57A MALY  74 262   993    60   2.5  10.6   7.4
I57A N62A 151 332   380    59   7.1   6.0   8.7
I57A PLVO 318 137   166    58   6.8   6.3  11.2
I57A QM16  74 260   628    60   4.0   7.9   9.4
I57A QM38  40 224   559    60   1.1   5.2   1.9
I57A SHEY  78 268  1094    60   3.5   2.8   4.0
I57A SUSY  73 260   832    60   4.8   9.1   9.2
I57A  WES 115 298   393    60  10.9   8.7  12.4
I57A WODY  78 265   883    60   5.3  12.2  11.0
I60A I62A  88 269   157    60   7.2  12.4  15.4
I60A I63A  83 265   219    60   4.4  19.5  16.5
I60A I64A  87 270   294    60   9.9  11.2  11.6
I60A  ICQ  34 218   781    60   2.7   1.0   2.5
I60A J59A 247  66   107    60  16.3  12.3  17.5
I60A J62A 119 300   138    60  12.6  13.3  16.7
I60A K60A 200  19   145    60   8.7  10.3  13.2
I60A K62A 146 327   157    60  18.8   5.8  11.7
I60A L63A 147 329   259    60  11.5  11.3  11.9
I60A L65A 126 308   332    60   9.1   9.9  11.5
I60A LATQ   6 186   395    60   4.5   6.8   6.8
I60A LSQQ 335 153   645    60   3.6   6.1   5.6
I60A M66A 137 319   387    60   9.0   7.5   9.6
I60A MALY  71 258   815    60   1.5   8.5   6.1
I60A N62A 183   3   324    59   0.4   6.2   0.1
I60A NATG  44 232  1069    60   3.6   5.7   4.8
I60A QM16  68 252   451    60   5.9  10.3   9.2
I60A QMM5  22 205   849    60   3.8   6.1   2.9
I60A SHEY  77 265   910    60   4.2   7.1   8.1
I60A VLDQ 326 143   594    60   3.4   9.8   7.1
I60A  WES 135 316   228    60  12.5  11.4  18.6
I60A WODY  76 262   700    60   3.3   8.3   9.1
I62A I63A  72 252    64    61   6.8  17.2  11.3
I62A I64A  87 268   137    60   8.4  15.1  16.5
I62A  ICQ  25 208   700    61   0.6   2.6   3.0
I62A J59A 261  79   260    61  12.2   4.3  10.1
I62A J62A 208  28    82    60   1.5  11.9   8.5
I62A J63A 162 343    69    56  14.6  15.4  15.9
I62A K62A 209  28   153    61   5.6   9.2   8.3
I62A L63A 186   6   225    60   0.4   6.2   4.3
I62A L65A 152 333   230    60   7.2  10.4   8.0
I62A LATQ 344 163   406    61   8.6   2.6   9.8
I62A  LMN  65 249   561    61   3.3   6.1   5.3
I62A M66A 161 342   307    60   9.5   2.5   6.3
I62A MALY  69 254   666    60   0.9   7.6   8.4
I62A N62A 209  28   371    60   3.4  10.4   7.1
I62A PLVO 288 104   475    59   5.9   9.5   8.8
I62A QM38   5 185   424    60  13.9   3.4  10.6
I62A QM50 357 177   505    30   1.4   3.4   2.1
I62A QMM5  13 195   798    60   6.9   5.3   6.6
I62A SHEY  76 263   756    60   0.8   5.4   3.6
I62A SUSY  64 248   510    60   5.8   7.1   5.9
I62A VLDQ 316 132   690    60   5.4   5.4   7.7
I62A WODY  73 258   548    60   4.1   7.2   7.2
I63A I64A 101 281    77    60   8.3  18.9  13.9
I63A  ICQ  21 204   659    61   3.1   3.7   4.4
I63A J62A 228  47   135    60   7.8  13.1  14.0
I63A J63A 205  25    95    56   2.1  14.2   9.0
I63A JOSY  85 268   366    30   7.4   4.5  10.3
I63A K62A 222  40   204    61   6.0  10.4  11.3
I63A L63A 199  19   257    60   4.6   7.5   5.4
I63A L65A 169 349   229    60   6.7   1.9   6.3
I63A LATQ 336 154   408    61   2.0   5.8   4.7
I63A  LMN  64 248   498    61   4.1   6.4   8.9
I63A LSQQ 321 136   742    61   0.7   3.2   2.2
I63A MALY  69 254   602    60   0.5   8.4   7.5
I63A N62A 215  33   420    60   2.5   2.7   5.0
I63A NATG  38 223   909    61   1.1   3.1   0.6
I63A QM16  57 239   245    60   6.2   3.5   7.5
I63A QMM5   9 191   767    60   1.1   5.2   4.9
I63A SHEY  77 263   693    60   1.5  10.2   8.0
I63A SUSY  64 247   447    60   5.5  11.9  10.4
I63A VLDQ 312 127   720    60   5.6   5.9   6.0
I63A  WES 198  18   195    61  13.2  12.6  13.7
I63A WODY  74 258   484    60   3.5  12.3  13.2
I64A  ICQ  15 197   648    60   8.1   3.4   5.5
I64A J59A 264  81   396    60  12.2   1.5   9.5
I64A J62A 247  66   192    60  14.3  11.5  15.1
I64A J63A 239  58   137    56  10.4  11.9  15.6
I64A K60A 249  66   374    60   8.9   6.7   9.8
I64A K62A 237  56   253    60   2.9   4.3   0.6
I64A L65A 189   9   213    60   3.5  10.4   7.9
I64A LATQ 329 146   456    60   2.1   8.9   9.5
I64A  LMN  59 242   438    60   4.1   7.1   4.4
I64A LSQQ 318 133   802    60   0.3   2.3   1.4
I64A M66A 188   8   298    60   2.1   6.4  15.9
I64A MALY  65 249   538    60   0.3   8.1   4.0
I64A NATG  34 219   876    60   1.2   3.8   0.4
I64A PLVO 284  99   605    58   5.5   3.4   4.9
I64A QM16  42 224   196    60   7.6   9.0  12.7
I64A QM38 348 167   428    60   5.8   6.9   3.4
I64A QM50 343 162   523    30   0.4   6.3   1.8
I64A QMM5   4 185   772    60   2.1   2.9   3.4
I64A VLDQ 310 124   787    60   3.6   5.6   5.9
I64A  WES 219  38   219    60   8.9   5.8   7.4
I64A WODY  70 253   416    60   1.6   9.9   8.6
 ICQ J59A 222  37   872    61   6.2   6.3   7.5
 ICQ J62A 208  25   782    60   2.1   3.5   5.7
 ICQ J63A 204  22   753    56   3.1   2.1   7.1
 ICQ JOSY 170 351   592    30   3.3   5.1   7.6
 ICQ K60A 216  31   922    60   1.9   6.9   5.4
 ICQ K62A 209  25   853    61   3.5   1.8   2.0
 ICQ  LMN 155 336   448    61   7.3   6.9  10.0
 ICQ LSQQ 270  82   708    61  12.0   3.7   9.9
 ICQ MALY 143 326   508    60   0.5   5.9   2.6
 ICQ NATG  73 257   332    61   6.0   6.8   7.1
 ICQ QM38 233  51   335    60   1.8   6.7   5.4
 ICQ QM60 267  83   442    30   2.2   1.9   2.0
 ICQ QMM5 324 143   183    60   7.6   5.5  14.4
 ICQ SHEY 139 323   630    60   3.3   7.3   6.8
 ICQ SUSY 161 343   445    60  10.6   1.4   8.0
 ICQ VLDQ 263  75   783    60   6.1   4.5   6.3
 ICQ WODY 157 339   530    60   4.3   6.5   6.1
J59A J62A  96 278   220    60   2.5  17.7  13.5
J59A J63A  93 275   278    56   4.1  13.4  16.0
J59A K60A 152 332   107    60  17.4  10.9  17.7
J59A K62A 115 296   205    61   7.4  11.7  11.0
J59A L63A 126 308   297    60  12.6  12.0  18.5
J59A L65A 112 295   398    60  10.9   5.6   9.5
J59A LATQ  17 198   456    61   5.4   4.9   4.6
J59A  LMN  68 254   813    61   3.6   6.1   5.5
J59A M66A 123 306   435    60   1.0   6.1   6.0
J59A MALY  70 258   921    60   2.9   3.9   4.2
J59A N62A 163 343   294    60   3.6   3.8   7.1
J59A PLVO 311 130   270    59   8.8   5.9   7.2
J59A QM16  67 252   557    60   2.6   5.1   7.1
J59A QM38  30 213   548    60   7.8   0.5   6.6
J59A QM60   8 189   640    30   0.0   0.2   1.3
J59A QMM5  26 210   927    60   4.3   2.1   2.1
J59A SHEY  75 264  1015    60   4.1   3.6   5.1
J59A SUSY  68 254   762    60   5.4   5.3   8.0
J59A VLDQ 335 153   583    60   5.1   2.6   5.3
J59A  WES 114 296   286    61   4.2   4.3   4.4
J59A WODY  74 260   806    60   5.1   8.6   6.6
J62A J63A  84 265    60    56  16.9  18.8  22.8
J62A K60A 249  68   183    60  10.1   3.7  13.0
J62A K62A 209  29    71    60   8.4  12.3   8.1
J62A L65A 132 313   196    60  17.3   7.0  15.4
J62A LATQ 351 170   468    60   9.0   2.1   4.6
J62A  LMN  60 245   628    60   7.1   4.0   5.6
J62A LSQQ 330 146   761    60   3.0   8.5   8.4
J62A M66A 147 328   259    60  11.8   1.2  10.2
J62A MALY  64 250   730    60   1.2   3.1   3.3
J62A N62A 209  28   289    59   7.6   6.3   8.4
J62A NATG  38 225  1042    60   2.5   0.3   2.4
J62A PLVO 297 114   467    58   6.8   0.8   6.9
J62A SHEY  72 258   813    60   2.2   4.6   4.8
J62A SUSY  59 244   578    60   0.7   6.6   3.3
J62A VLDQ 322 138   720    60   3.8  10.4   8.0
J62A  WES 157 337   102    60  14.5  16.4  16.1
J62A WODY  68 253   608    60   2.8   7.3   4.4
J63A K60A 253  71   241    56  11.5   4.5   7.4
J63A K62A 235  54   116    56   8.0  10.2  10.5
J63A L65A 148 329   162    56   6.7   6.1   7.1
J63A LATQ 344 163   475    56   1.0   1.4   3.6
J63A LSQQ 327 142   787    56   0.3  11.6   7.6
J63A M66A 161 341   237    56   6.5   4.3  10.0
J63A MALY  63 248   674    56   3.1   4.2   4.2
J63A NATG  36 222  1001    56   4.1   3.9   3.8
J63A QM38   2 182   489    56   7.4   4.5  10.4
J63A QM50 356 175   572    30   4.2   3.5   4.3
J63A QM60 346 164   677    30   2.0   5.4   4.6
J63A SHEY  71 257   755    56   0.9   4.0   2.3
J63A VLDQ 319 134   753    56   5.8   4.0   6.0
JOSY K60A 257  71   663    30   4.4   7.6   6.5
JOSY K62A 253  68   534    30   7.7   4.5   6.3
JOSY L65A 234  52   412    30   2.3   7.0   5.3
JOSY  LMN  28 209   201    30   6.7  13.6  14.7
JOSY LSQQ 306 118   993    30   1.3   2.1   2.8
JOSY N62A 241  56   715    30   3.1   1.7   4.2
JOSY NATG  19 201   712    30   1.5   1.3   0.9
JOSY PLVO 279  92   881    30   2.3   4.5   2.4
JOSY QMM5 345 163   761    30   2.6   5.2   5.3
JOSY SHEY  72 255   333    30   4.4   6.6   6.1
JOSY SUSY  16 196   168    30   2.1   6.1   4.8
JOSY VLDQ 300 111  1004    30   1.5   0.3   1.3
JOSY WODY  49 230   142    30   4.2   8.5   5.8
K60A K62A  87 268   136    60  11.3  16.8  17.3
K60A L63A 113 295   206    60  10.1   7.1  12.0
K60A L65A 100 283   323    60   7.1  10.4   9.6
K60A  LMN  61 247   809    60   2.4   6.3   4.7
K60A LSQQ 343 160   755    60   0.9   0.4   0.7
K60A M66A 115 297   346    60   6.1   4.9  10.4
K60A MALY  64 251   912    60   0.4   4.4   2.5
K60A N62A 169 350   190    59   5.8  15.0  16.5
K60A NATG  41 229  1202    60   2.1   2.8   1.9
K60A PLVO 317 135   372    58   8.0   4.1  10.9
K60A QM16  57 241   557    60   4.0   0.4   4.3
K60A QM38  22 204   611    60   4.7   7.9   4.8
K60A QMM5  21 205   993    60   3.0   2.2   4.6
K60A SHEY  70 258   996    60   2.5   1.6   3.3
K60A VLDQ 335 153   689    60   1.0   6.6   6.0
K60A  WES  96 278   213    60   7.8  17.6  13.7
K62A L63A 150 330   103    60  16.2  13.3  18.2
K62A L65A 111 292   193    60   8.7  12.8  13.9
K62A  LMN  57 242   691    61   3.1   7.8   5.3
K62A LSQQ 334 151   800    61   2.8   3.3   3.6
K62A M66A 131 313   234    60  10.1   6.7  12.3
K62A MALY  61 247   789    60   0.0   8.0   3.5
K62A N62A 208  28   218    60   5.1  10.1  13.0
K62A NATG  37 224  1113    61   4.8   3.5   5.1
K62A PLVO 306 122   470    59   4.0   7.5   6.5
K62A QM16  49 232   445    60   2.9   3.2   2.4
K62A QM38  11 192   567    60   7.4   0.6   7.1
K62A QM50   4 184   640    30   2.3   1.9   4.7
K62A QM60 354 173   728    30   3.7   2.2   5.3
K62A QMM5  15 197   946    60   0.6   0.6   0.6
K62A SHEY  68 255   867    60   1.8   1.0   2.2
K62A SUSY  56 240   641    60   1.5   4.5   2.9
K62A VLDQ 327 143   750    60   6.1   7.9   8.5
K62A  WES 112 293    81    61  11.9  14.3  20.3
K62A WODY  63 249   665    60   1.6   5.3   3.1
L63A L65A  81 262   130    60   6.5  15.0  15.3
L63A LATQ 352 171   620    60   0.8   3.9   1.8
L63A  LMN  49 233   704    60   1.7   1.6   3.5
L63A M66A 118 299   140    60  10.5   1.7  12.4
L63A MALY  54 240   794    60   1.3   2.5   2.3
L63A N62A 237  56   187    59   7.3   4.0   6.7
L63A NATG  33 219  1156    60   2.8   2.1   4.1
L63A PLVO 310 127   566    58   3.6   7.4   8.7
L63A QM16  37 220   475    60   6.6   5.5   8.4
L63A QM50 360 180   727    30   4.7   0.3   3.9
L63A QMM5  11 193  1021    60   4.7   4.1   4.3
L63A SHEY  62 248   858    60   3.6   2.7   4.1
L63A SUSY  47 231   656    60   2.5   2.7   2.4
L63A  WES  22 202    63    60  10.6   7.0  11.8
L63A WODY  55 240   667    60   6.2   3.3   6.3
L65A LATQ 341 159   633    60   4.8   1.2   1.9
L65A LSQQ 328 143   949    60   5.4   9.8  10.0
L65A M66A 185   5    86    60  11.7   3.4   7.6
L65A MALY  50 234   681    60   0.1   2.2   6.3
L65A N62A 248  66   310    59   8.9   7.9   9.5
L65A PLVO 303 118   658    58   0.3   4.6   4.7
L65A QM50 350 169   720    30   3.4   3.0   6.9
L65A QM60 343 161   834    30   2.2   5.5   3.6
L65A QMM5   5 186   984    60   3.7   1.6   4.5
L65A SHEY  59 245   737    60   1.6   2.7   5.0
L65A SUSY  41 224   553    60   2.3   1.6   1.2
L65A VLDQ 321 136   914    60   3.7  10.2   8.8
L65A  WES 291 110   112    60  10.6  12.2  11.5
L65A WODY  50 234   553    60   1.4   0.0   0.8
LATQ  LMN 103 288   634    61   2.3   4.9   6.4
LATQ M66A 162 344   712    60   2.3   3.3   5.5
LATQ MALY 100 287   743    60   0.7   4.9   2.4
LATQ N62A 185   4   719    60   9.6   1.7   9.1
LATQ NATG  63 250   799    61   1.5   2.4   1.8
LATQ PLVO 233  50   421    59   1.3   5.7   4.5
LATQ QM16 121 305   444    60   3.7   1.0   3.5
LATQ QM38  77 258   149    60   3.9  14.6  13.4
LATQ QM50  36 217   141    30  12.6   8.8  11.9
LATQ QMM5  36 219   482    60   4.6   2.5   1.7
LATQ SHEY 103 291   868    60   1.1   2.6   3.4
LATQ SUSY 106 291   593    60   1.0   3.3   3.2
LATQ VLDQ 285 102   383    60   9.2   6.9   8.7
LATQ  WES 168 349   567    61   2.2   6.9   7.0
LATQ WODY 109 295   675    60   3.2   5.9   6.6
 LMN LSQQ 296 107   983    61   1.9   6.0   5.1
 LMN M66A 222  38   668    60   2.5   2.4   0.5
 LMN MALY  93 274   113    60   7.7  14.1  14.8
 LMN N62A 235  49   889    60   0.8   6.5   3.5
 LMN NATG  16 198   515    61   3.7   9.7   7.1
 LMN PLVO 269  80   963    59   4.7   2.1   6.6
 LMN QM38 296 111   504    60   8.0   7.5  10.8
 LMN QM50 301 116   592    30   1.2   6.9   5.0
 LMN QM60 303 117   740    30   6.8   0.1   6.0
 LMN QMM5 333 150   629    60   6.1   1.8   4.5
 LMN SHEY 109 291   235    60   9.2   3.7   7.8
 LMN SUSY 253  72    51    60  20.0  12.7  17.0
 LMN WODY 172 352    85    60   7.2   7.9   7.0
LSQQ M66A 146 331  1019    60   6.1   3.9   6.8
LSQQ MALY 104 294  1088    60   4.6   4.0   7.2
LSQQ N62A 162 344   944    60   2.1   1.7   4.1
LSQQ NATG  77 268  1030    61   3.3   1.2   2.5
LSQQ PLVO 181   1   447    59   6.3   1.4   8.3
LSQQ QM16 119 305   807    60   5.5   7.1   7.0
LSQQ QM38 106 291   479    60   2.6   2.5   4.1
LSQQ QM50  98 282   398    30   7.2   1.2  10.3
LSQQ QM60  86 269   266    30   3.1   1.4   0.7
LSQQ QMM5  68 254   619    60   0.7   7.4   5.5
LSQQ SUSY 109 297   946    60   3.2   4.0   2.8
LSQQ VLDQ 211  30   112    60  11.6   9.5  15.2
LSQQ  WES 147 331   862    61   5.2   5.9   6.6
LSQQ WODY 111 300  1032    60   4.6   4.4   5.4
M66A NATG  27 212  1153    60   1.9   3.0   1.1
M66A PLVO 309 124   703    58   1.5   2.7   1.5
M66A QM38 356 175   715    60   0.7   1.3   2.6
M66A SHEY  54 240   789    60   2.7   1.7   4.6
M66A VLDQ 325 139   978    60   4.4   3.6   5.7
M66A  WES 322 141   159    60   9.9  14.3  14.2
MALY N62A 240  53   981    59   2.2   1.1   3.8
MALY NATG   4 185   501    60   3.3   3.5   6.1
MALY PLVO 270  81  1076    58   6.4   1.1   6.0
MALY QM16 261  78   365    60  11.9   3.3   8.9
MALY QM38 293 107   610    60   1.2   4.2   2.7
MALY SHEY 124 305   130    60   1.2  11.0   8.1
MALY SUSY 268  86   162    60  16.4  13.3  16.6
MALY VLDQ 289  98  1126    60   4.0   5.0   5.7
MALY  WES 242  57   741    60   4.3   4.0   5.1
MALY WODY 233  52   128    60   8.5  10.8  11.3
N62A NATG  35 223  1329    60   3.0   2.2   1.9
N62A PLVO 328 146   543    58   3.3  11.5  10.4
N62A QM16  42 225   654    59   1.5   3.0   1.7
N62A QMM5  17 200  1159    59   2.8   5.2   4.4
N62A SHEY  60 247  1044    59   3.0   2.4   4.7
N62A SUSY  48 234   840    59   5.0   4.8   2.6
NATG QM16 216  32   683    60   3.9   4.7   3.4
NATG QM38 247  61   656    60   3.8   5.7   6.3
NATG QMM5 281  96   429    60   4.2   0.3   6.5
NATG SHEY 174 354   576    60   5.2   8.3   6.2
NATG SUSY 202  20   544    60   4.7   4.9   5.4
NATG VLDQ 264  72  1111    60   0.9   2.2   5.2
NATG  WES 220  34  1094    61   1.4   6.1   5.5
NATG WODY 194  13   593    60   2.9   5.1   4.4
PLVO QM38  56 241   561    58   0.2   5.3   3.2
PLVO QM50  46 230   558    28   5.9   0.5   6.5
PLVO QM60  30 213   539    28   0.3   1.4   1.8
PLVO QMM5  41 227   893    58   3.1   1.6   1.3
PLVO SHEY  84 275  1186    58   2.4   6.0   6.3
PLVO SUSY  81 269   914    58   4.5   3.5   3.4
PLVO VLDQ 352 171   354    58   1.9   3.3   2.3
PLVO WODY  85 274   977    58   3.5   6.1   5.0
QM16 QM50 323 140   454    30   4.5   0.8   7.7
QM16 SUSY  73 255   205    60   4.0   8.4   9.0
QM16 WODY  92 274   259    60   0.9   7.3   4.5
QM38 QM50 324 143   101    30  12.9  17.8  17.7
QM38 SHEY 109 296   738    60   0.6   5.3   3.7
QM38 SUSY 116 300   468    60   8.3   1.9   5.3
QM38 VLDQ 279  94   519    60   7.6   3.2   6.4
QM38  WES 184   3   589    60   0.7   0.3   0.9
QM50 QM60 305 124   149    30   5.1   5.5   0.8
QM50 QMM5  36 218   341    30   7.9   2.2   4.2
QM50 SHEY 113 300   823    30   5.3   6.5   8.2
QM50 SUSY 120 305   560    30   5.8   3.0   5.8
QM50 VLDQ 269  85   453    30  10.0   4.0   9.4
QM50 WODY 122 307   649    30   2.8   3.4   3.4
QM60 QMM5  58 242   375    30   0.4   0.9   1.4
QM60 SHEY 113 302   969    30   2.1   3.2   3.3
QM60 SUSY 120 306   708    30   3.2   1.1   3.1
QM60 VLDQ 253  70   343    30   4.7   0.9   5.4
QM60  WES 168 349   770    30   5.6   0.2   2.0
QMM5 SHEY 139 324   813    60   5.4   1.1   2.2
QMM5 SUSY 155 338   622    60   6.4   6.3   8.4
QMM5 VLDQ 249  62   712    60   8.9   3.4   7.1
QMM5  WES 193  11   960    60   0.4   0.9   0.3
QMM5 WODY 153 336   709    60   6.8   4.0   6.2
SHEY VLDQ 291 100  1251    60   4.3   0.2   4.5
SHEY  WES 251  65   811    60   3.8   4.9   2.6
SHEY WODY 270  88   211    60   9.2   2.9   7.1
SUSY VLDQ 291 102   976    60   0.7   6.7   5.4
SUSY WODY 139 319    91    60  20.4  24.0  23.4
VLDQ  WES 140 324   819    60   7.7   3.0   8.4
VLDQ WODY 104 294  1058    60   1.2   4.4   1.1
