 A11  A64  19 200    69    62  17.4   8.8  13.0
 A11 CHEG  90 277   725    31   0.5   2.4   1.8
 A11 D56A 268  85   346    33  13.0   6.8  11.9
 A11 D59A 259  77   127    55   8.6   7.3  11.3
 A11 D60A 237  56    66    54  11.2   8.9  10.6
 A11 D62A 101 282    89    62  19.8  24.7  23.5
 A11 D63A  97 279   160    62   6.8  14.5  11.8
 A11 E55A 261  77   455    37  13.9   6.9  13.4
 A11 E58A 249  67   254    42  16.0   5.3  14.1
 A11 E62A 143 324    86    62  12.5  17.1  16.5
 A11 E64A 116 298   203    62   4.7  20.2  18.9
 A11 EDEY 105 291   638    62   4.9   8.1  12.1
 A11 EMMW 142 324   353    62  10.6  16.2  15.4
 A11 F57A 247  64   380    31  15.0   8.2  14.2
 A11 F61A 204  23   154    56  18.0  15.0  18.5
 A11 F62A 173 353   151    62  13.8  12.3  12.9
 A11 F64A 137 318   209    62  14.6  16.1  16.3
 A11 G57A 239  56   440    39   9.6   5.5  10.6
 A11 G61A 206  25   241    59   7.4   5.3   6.4
 A11 G62A 187   6   227    62   9.4   5.8   8.3
 A11 G63A 169 350   241    62  11.6  10.8  13.0
 A11  GBN 104 290   699    62   2.2   6.3   7.9
 A11  GGN 131 314   350    61   2.5  21.8  13.2
 A11 H61A 205  23   331    62   3.4   3.9   2.9
 A11 H62A 194  14   306    62   7.8   4.5   7.3
 A11 H63A 177 358   287    62   6.9   9.2   9.3
 A11 H64A 165 346   299    62  14.5  10.2  16.5
 A11  HAL 117 302   588    54   2.1   9.9   9.8
 A11 HANN 119 301   303    61  14.9  16.7  17.9
 A11 HOLY 104 287   295    62   9.8  19.4  17.9
 A11 I60A 214  32   448    62   7.1   9.9  12.0
 A11 I62A 194  13   385    62   2.7   5.5   4.0
 A11 I63A 185   5   356    62   3.2   7.9   8.1
 A11 I64A 173 353   372    62   5.6  13.0  11.3
 A11  ICQ  39 222   333    62   8.9   2.3   3.2
 A11 J62A 196  15   464    62   8.7   9.3   9.3
 A11 JOSY 134 317   464    51   1.7  10.0  11.3
 A11 K60A 211  28   591    31   3.1   3.0   4.7
 A11 K62A 198  17   534    62   3.8   4.5   6.8
 A11 L63A 191  10   608    62   2.9   2.3   3.7
 A11 L65A 179 359   579    62   4.4   7.6   6.7
 A11 LATQ 276  94   196    62  15.9  12.7  15.1
 A11  LMN 109 292   441    56   4.6   8.6   8.9
 A11 LSQQ 294 109   543    62   9.9   4.0   9.5
 A11 M66A 180 360   665    62   3.6   1.7   3.9
 A11 MALY 105 290   549    62   7.5  12.4  11.7
 A11 NATG  55 241   639    31   1.0   8.7   3.4
 A11 PLVO 248  63   585    62  14.9   1.5  12.9
 A11 QM16 142 323   285    62  14.1   9.3  14.4
 A11 QM38 314 134    69    62  29.9  20.5  23.4
 A11 QM50 320 139   170    57  14.1   6.4  10.1
 A11 QM60 314 131   317    55   4.8   8.2   7.8
 A11 QMM5  14 195   413    32   6.6   6.6   3.0
 A11 SHEY 107 293   676    62   2.4  10.0   9.5
 A11 SUSY 113 297   403    62   6.2  13.6  14.0
 A11 VLDQ 283  98   577    52  10.8   5.4  11.6
 A11  WES 190   9   547    62   1.9   8.6   7.3
 A11 WODY 117 301   489    62   5.6  12.4  10.3
 A64 BATG 101 283   295    33   8.2  17.0  20.3
 A64 CHEG  96 283   706    31   5.6   4.0   8.5
 A64 D56A 259  75   377    33  14.1   8.2  12.3
 A64 D59A 239  57   173    55  11.0   6.3   9.2
 A64 D60A 218  37   128    54   6.2   1.6   6.6
 A64 D62A 142 323   104    62  13.4  19.0  18.2
 A64 D63A 122 304   161    62  10.7  17.5  15.3
 A64 DRLN  76 265   927    33   2.9  10.0   7.1
 A64 E62A 168 348   137    62  10.8   0.9   6.4
 A64 E64A 134 316   221    62  12.1  13.0  13.6
 A64 EDEY 112 297   637    62   6.0   7.5  10.5
 A64 EMMW 151 332   394    62   8.6   5.0   7.8
 A64 F60A 218  36   259    43  11.7   0.6   9.2
 A64 F61A 203  22   222    56  16.0  11.0  14.8
 A64 F62A 182   1   215    62  12.6  15.1  10.5
 A64 F64A 151 332   248    62   6.9  12.1  10.2
 A64 G57A 234  50   495    39   3.2   9.2   7.3
 A64 G61A 205  23   309    59   6.8   7.1  10.0
 A64 G62A 190   9   294    62   1.3   1.3   2.7
 A64 G63A 176 356   302    62   7.4  10.1  11.0
 A64  GBN 110 296   695    62   3.0   8.2   8.2
 A64  GGN 141 323   381    61   6.5  10.6  11.7
 A64 H61A 204  22   399    62  10.7   8.2  11.1
 A64 H62A 196  15   375    62   5.4   7.0   6.6
 A64 H63A 182   2   352    62   7.4   6.5   8.6
 A64 H64A 171 352   358    62   4.6  11.5  15.3
 A64 H65A 159 341   370    62   4.4  15.0   9.4
 A64  HAL 124 308   601    54   7.7  11.1  12.4
 A64 HANN 131 313   322    61  10.2  18.6  18.3
 A64 HOLY 118 300   297    62   8.1  17.9  16.7
 A64 I57A 228  44   622    62   1.4   7.2   5.1
 A64 I60A 212  30   515    62   8.5   4.4   6.6
 A64 I63A 188   7   423    62   2.3   7.6   6.4
 A64 I64A 177 357   435    62   0.0  12.3   7.0
 A64  ICQ  45 227   270    62  10.4   1.0   5.5
 A64 J59A 218  35   603    62   3.9   9.2   7.6
 A64 J62A 197  16   533    62   1.0   2.7   3.4
 A64 J63A 191  10   514    62   0.6   6.3   7.3
 A64 JOSY 141 324   497    51   5.5   5.2   7.3
 A64 K60A 210  27   658    31   3.9   2.2   4.7
 A64 K62A 199  17   602    62   2.3   2.4   7.8
 A64 L63A 192  11   677    62   7.0   2.8   5.3
 A64 L65A 181   1   644    62   4.1   6.7   6.9
 A64 LATQ 258  76   223    62  17.4   9.8  15.4
 A64  LMN 118 301   445    56   5.8  10.1   9.8
 A64 LSQQ 287 102   542    62  12.5   1.3   8.9
 A64 MALY 112 297   547    62   3.7  11.5  14.9
 A64 NATG  60 245   585    31   7.1   7.6   6.9
 A64 PLVO 243  58   633    62   0.7   8.8   3.6
 A64 QM16 152 334   327    62   2.7   6.5   3.4
 A64 QM38 257  76    74    62  13.6   9.0  11.7
 A64 QM50 297 115   147    57  18.1  11.4  15.6
 A64 QM60 302 119   295    55  14.1   2.7  15.9
 A64 SHEY 113 299   677    62   5.8  11.2   9.9
 A64 SUSY 123 306   413    62   4.4  16.6  14.1
 A64 VLDQ 277  91   588    52   9.6   8.0   9.3
 A64 WODY 125 309   503    62  10.4  11.3  12.5
ALLY EDEY  48 230   290    31   1.4   0.1   2.2
ALLY G57A 284  97   801     8   0.0   2.6   2.3
ALLY H62A 283  99   493    31   1.2   0.8   1.7
ALLY H65A 294 112   273    31   2.1   4.2   4.2
ALLY  ICQ 346 165   664    31   1.5   0.0   2.6
ALLY LSQQ 307 118  1086    31   2.4   1.4   0.0
ALLY PLVO 283  94   964    31   1.6   0.1   3.4
ALLY QM60 317 131   873    24   0.5   0.5   0.2
BATG CHEG  95 279   412    31   2.4  11.4   4.4
BATG D56A 271  85   660    33   6.8   8.1   7.9
BATG D59A 268  84   439    33   6.3   5.0   7.6
BATG D62A 266  83   228    33  18.1   2.1  17.3
BATG D63A 261  80   157    33   8.8   9.5  17.4
BATG DRLN  68 254   672     5   3.5   4.9   3.7
BATG E55A 267  80   767    33   3.8   4.4   4.7
BATG E58A 262  77   560    33   7.8   0.2   6.8
BATG E64A 235  54   165    33   1.4  12.1   8.1
BATG EDEY 124 307   353    33   1.0  15.0  12.6
BATG EMMW 201  20   305    33   3.0   1.8   6.8
BATG F60A 254  70   474    33   8.8   3.6  11.4
BATG F61A 251  67   404    33   6.3   5.7   7.4
BATG F62A 244  61   336    33   9.6   2.5   9.2
BATG F64A 229  47   236    33   4.6   6.9   7.4
BATG G59A 249  64   601    33   1.9   5.9   3.4
BATG G61A 244  60   476    33   4.9   6.9   5.1
BATG G62A 238  55   414    33   1.2   6.4   3.5
BATG  GBN 119 302   407    33   6.6  15.0  16.0
BATG  GGN 194  14   247    32   4.1   6.5   5.1
BATG H63A 228  45   423    33   3.0   4.3   5.7
BATG H65A 211  30   333    33   6.7   9.1  10.3
BATG  HAL 146 328   350    27   6.6   9.6   6.7
BATG HANN 200  19   164    32   2.6   7.5  16.5
BATG HOLY 200  20    89    33   9.4  12.0  14.4
BATG I57A 247  60   835    33   5.7   3.4   3.2
BATG I62A 229  46   559    33   0.2   3.6   1.8
BATG I64A 218  36   466    33   3.5   1.7   5.3
BATG  ICQ 341 160   265    33   9.4   5.7   7.2
BATG J59A 240  54   785    33   3.7   5.7   5.3
BATG J62A 227  43   637    33   4.7   1.2   4.4
BATG J63A 223  40   593    33   4.4   4.0   2.4
BATG JOSY 179 359   335    22   8.9   2.8   6.4
BATG L63A 218  34   745    33   4.1   3.5   1.8
BATG L65A 210  27   663    33   1.6   7.3   6.1
BATG LATQ 274  89   508    33  12.9   2.9  13.0
BATG  LMN 148 329   185    27  12.7  10.2  15.5
BATG LSQQ 288 100   835    33   1.3   3.1   5.2
BATG MALY 127 309   265    33   3.3  12.3  15.6
BATG NATG  34 217   411    31   1.6   2.0   6.8
BATG PLVO 258  70   886    33   3.5   2.3   1.4
BATG QM16 213  32   272    33   3.6   8.8   4.6
BATG QM38 279  95   364    33   5.5   2.9   3.2
BATG QM50 289 105   438    33  16.8   2.1  13.3
BATG QMM5 334 152   444    32  10.1   6.6  11.6
BATG SHEY 126 309   394    33  11.1  12.1  13.4
BATG SUSY 164 345   180    33   5.5   6.8   7.0
BATG VLDQ 281  92   882    33   7.1   5.1   7.2
BATG WODY 155 336   265    33   3.9  12.9   9.9
CHEG D56A 277  86  1071    31   4.5   2.9   3.3
CHEG D59A 276  87   850    31   7.4   0.5   7.6
CHEG D60A 275  87   781    31  10.4   4.6  11.2
CHEG D62A 276  90   638    31   5.6   0.2   4.3
CHEG D63A 275  90   566    31   5.2   1.1   3.9
CHEG E55A 274  83  1177    31   5.4   1.5   5.6
CHEG E58A 272  83   966    31  10.3   3.0   8.8
CHEG E62A 271  85   677    31  13.7   3.6  11.6
CHEG EDEY 220  39   198    31   8.9   1.3  11.9
CHEG EMMW 249  64   577    31   1.2   0.9   2.8
CHEG F57A 269  79  1084    31   7.2   1.2   6.6
CHEG F60A 268  80   872    31   8.5   5.0   8.0
CHEG F61A 267  80   798    31   7.6   1.7   5.9
CHEG F62A 265  79   722    31   5.4   0.8   6.4
CHEG G57A 265  75  1124    31   4.5   7.2   6.2
CHEG G61A 263  75   856    31   7.5   0.1   5.8
CHEG  GBN 203  22   169    31   5.4   7.9   8.8
CHEG H61A 258  70   912    31   0.2   3.2   4.0
CHEG H62A 257  69   853    31   3.6   3.9   3.4
CHEG H63A 255  69   766    31   3.7   3.2   1.8
CHEG H65A 251  66   634    31   8.5   2.9   5.9
CHEG  HAL 224  42   331    25   0.8   1.9   5.7
CHEG HANN 260  75   480    30   3.7   4.7   1.0
CHEG HOLY 268  84   444    31   7.6   1.9   7.5
CHEG I57A 260  70  1214    31   4.3   2.6   5.1
CHEG I60A 256  67  1041    31   4.5   3.4   6.3
CHEG I62A 253  65   896    31   4.0   1.0   2.4
CHEG I63A 252  65   833    31   5.8   0.4   2.7
CHEG I64A 249  62   771    31   6.3   1.3   4.0
CHEG  ICQ 304 119   576    31  10.8   0.7  11.2
CHEG J59A 256  66  1148    31   5.2   2.5   7.6
CHEG J62A 250  62   963    31   3.4   1.8   3.2
CHEG J63A 248  61   908    31   1.7   4.2   4.5
CHEG JOSY 238  54   504    20   3.1   0.8   3.3
CHEG K60A 251  61  1144    31   5.1   1.0   1.8
CHEG K62A 247  59  1023    31   7.4   3.9   7.2
CHEG L63A 242  54  1029    31   6.6   0.3   6.2
CHEG L65A 238  51   915    31   6.6   3.4   7.3
CHEG LATQ 278  90   920    31   2.0   0.5   0.6
CHEG  LMN 253  70   335    25  10.8   0.8   6.4
CHEG M66A 234  48   976    31   0.3   0.6   2.4
CHEG MALY 242  60   235    31   2.3   9.4   5.2
CHEG NATG 339 157   418    31   7.5   1.6   6.9
CHEG PLVO 267  75  1285    31   3.0   1.5   2.6
CHEG QM38 281  93   776    31   9.2   1.4   8.7
CHEG QM50 286  98   844    31   4.0   5.0   5.7
CHEG QM60 290 101   980    31   2.2   1.7   1.0
CHEG VLDQ 283  90  1294    31   5.6   1.5   4.6
CHEG  WES 244  56   977    31   2.9   2.9   3.6
D56A D59A  90 272   222    33   5.7  13.0  13.9
D56A D62A  87 272   433    33   2.5  11.2   9.8
D56A D63A  88 273   505    33   6.1   7.4   7.8
D56A DRLN  73 266  1304     5   1.3  10.9   8.7
D56A E55A 237  56   119    33  26.5  10.5  23.1
D56A E58A 123 304   136    33   5.8  10.5  13.0
D56A E64A  95 280   534    33   5.6   5.1   7.8
D56A EMMW 112 297   623    33   5.0  16.2  14.2
D56A F57A 178 358   138    31  13.9  13.4  12.9
D56A F60A 118 300   246    33   5.3  16.2  14.6
D56A F61A 111 294   313    33  13.5  17.2  18.6
D56A F62A 107 291   389    33   9.6  14.2  16.2
D56A G57A 185   5   217    33   3.2   6.9   5.4
D56A G61A 127 309   317    33  10.6  14.7  22.3
D56A G62A 120 303   385    33  10.9  23.5  19.4
D56A G63A 117 300   452    33   4.4  15.7  13.0
D56A  GBN  95 285  1037    33   1.0  12.4   8.5
D56A H61A 141 323   357    33  13.6   7.0  12.8
D56A H62A 133 316   392    33   6.9  13.9  11.9
D56A H63A 124 308   452    33   2.4  10.6   8.6
D56A H64A 120 304   506    33   5.2   8.8   9.7
D56A H65A 115 300   569    33   0.6  10.5   8.0
D56A  HAL 103 291   907    27   3.0   6.9   6.3
D56A HANN  99 285   627    32   2.9   9.5   8.2
D56A HOLY  92 278   636    33   1.1   7.5   5.5
D56A I57A 192  11   353    33   6.5   6.1   5.8
D56A I60A 162 343   374    33   5.6   5.6   9.2
D56A I62A 142 324   443    33   1.7   8.5   7.6
D56A I63A 134 317   466    33  11.1  10.6  11.7
D56A I64A 129 313   530    33   9.1  11.3  12.6
D56A  ICQ  61 246   620    33   2.0  12.5   8.3
D56A J59A 177 357   399    33   0.6   9.0   3.9
D56A J62A 150 332   484    33   4.3   4.2   7.6
D56A J63A 144 327   509    33   3.9   5.7   4.1
D56A JOSY 111 298   748    22   1.7   2.4   2.8
D56A K60A 172 352   497    31   5.4   4.8   5.9
D56A L63A 155 338   628    33   7.6   0.3   6.6
D56A L65A 144 328   671    33   2.6   3.3   4.2
D56A LATQ  75 257   154    33   2.0  14.8  12.0
D56A  LMN  96 283   775    27   0.9   8.1   9.2
D56A LSQQ 324 143   278    33  10.4  15.9  18.5
D56A M66A 148 332   742    33   2.6   2.1   5.0
D56A MALY  95 283   887    33   4.0   5.3   8.4
D56A N62A 171 352   687    33   2.6   4.5   4.0
D56A PLVO 220  38   286    33   9.0   9.8  11.2
D56A QM16 109 294   564    33   0.3   8.7   4.5
D56A QM38  75 258   303    33   2.8  10.4  11.2
D56A QM50  56 238   277    33   6.3   9.5  14.3
D56A QM60  24 205   258    33   3.7   5.7   5.2
D56A SHEY  98 287  1009    33   3.0   6.9   5.2
D56A VLDQ 300 118   259    33  12.6  16.5  14.9
D56A  WES 151 333   585    33   4.1   4.6   3.5
D56A WODY 102 289   810    33   5.3   1.2   6.9
D59A D60A  98 279    70    54  18.2  19.0  24.9
D59A D62A  87 269   212    55  16.0   9.2  12.1
D59A D63A  88 271   284    55   4.8  12.1  11.7
D59A E55A 261  78   328    37  17.8   5.1  15.7
D59A E58A 238  57   131    42  18.0   4.8  16.6
D59A E62A 103 285   182    55   8.7  18.8  20.1
D59A E64A 101 284   313    55   8.9  13.8  14.3
D59A EDEY 100 287   754    55   7.9   5.6  10.1
D59A EMMW 125 308   425    55   9.3  18.1  18.5
D59A F57A 240  58   257    31  10.6  10.4  14.4
D59A F60A 184   4   116    43   7.1  20.9  17.6
D59A F61A 150 331   132    55  16.9  29.6  24.7
D59A F62A 130 311   189    55  11.4  21.8  18.7
D59A F64A 114 297   297    55   8.0  18.8  14.9
D59A G59A 206  25   238    45   2.9   5.1   9.1
D59A G61A 173 353   193    55  14.3   8.1  11.8
D59A G62A 153 334   223    55  14.2  12.2  15.4
D59A G63A 140 322   271    55  16.3  18.8  21.0
D59A  GBN  99 286   816    55   7.4   3.7   6.1
D59A  GGN 117 300   440    54   5.3  16.3  15.7
D59A H61A 182   1   276    55   2.6   7.9   3.5
D59A H62A 169 349   276    55   9.3   7.2   9.7
D59A H63A 151 332   296    55   9.0   6.2   9.0
D59A H64A 141 323   332    55   9.3   6.6  11.1
D59A H65A 131 314   379    55  13.8  18.4  18.6
D59A  HAL 109 295   692    47   1.5   8.9   9.7
D59A HANN 106 290   409    54   9.2   8.2  11.9
D59A HOLY  95 279   414    55   6.2   6.8  10.1
D59A I57A 223  40   454    55   6.8   0.5   1.9
D59A I60A 198  17   370    55  13.1  10.1  15.2
D59A I63A 163 344   343    55   4.5   6.7   8.4
D59A I64A 153 334   384    55  10.7   3.8   9.6
D59A J59A 209  27   446    55   8.6   2.6   6.8
D59A JOSY 122 306   547    44   0.7  12.7  10.7
D59A K60A 199  18   514    31   3.7   5.3   8.6
D59A K62A 184   4   484    55   3.9   4.1   6.0
D59A L63A 178 358   572    55   2.3   1.8   3.0
D59A L65A 165 346   571    55   0.8   6.8   4.5
D59A LATQ 301 120    83    55  24.9  14.3  21.2
D59A  LMN 101 286   555    49   3.2   7.3   5.6
D59A LSQQ 303 119   446    55  13.5  10.5  12.8
D59A M66A 167 349   653    55   1.2   4.7   4.6
D59A MALY  99 285   666    55   4.9  11.7  11.7
D59A N62A 192  10   688    55   3.7   7.7   8.9
D59A NATG  58 245   758    31   3.9   3.5   5.0
D59A PLVO 244  60   461    55   9.8   2.9   6.7
D59A QM16 122 305   361    55   6.3  13.8  12.3
D59A QM38  45 225   105    55   7.6   8.4   9.6
D59A QM50   5 185   156    55   3.8   4.4  12.1
D59A QM60 336 154   265    55   8.9  11.8  13.4
D59A SHEY 102 289   789    55   2.8   0.6   1.9
D59A SUSY 104 289   513    55   5.3  12.1  11.2
D59A VLDQ 289 104   464    52  15.7  10.9  14.5
D59A  WES 175 356   515    55   7.4  11.2  12.1
D59A WODY 108 293   594    55   6.5   8.5  10.2
D60A D62A  82 263   144    54   6.0   9.7  15.8
D60A D63A  85 267   215    54   4.1  10.7  10.6
D60A DRLN  70 260  1032    25   1.3   3.3   3.1
D60A E55A 264  81   396    37  12.6   1.1  10.1
D60A E58A 252  71   190    42  16.4   6.9  13.7
D60A E62A 106 287   112    54  15.4  18.1  19.8
D60A E64A 102 284   243    54   9.5  14.0  14.8
D60A EDEY 101 287   684    54   5.1   4.8   4.8
D60A EMMW 131 314   364    54   2.8  14.5  15.0
D60A F57A 248  66   315    31  12.2   2.7  10.8
D60A F60A 217  37   131    43   8.8   4.5  11.1
D60A F61A 183   3   105    54  15.7  12.5  12.6
D60A F62A 147 327   135    54  14.6  11.9  18.1
D60A F64A 120 301   230    54   6.9  18.5  28.3
D60A G57A 239  56   373    39   9.0   5.6   9.1
D60A G62A 171 351   191    54  12.2  16.0  15.4
D60A G63A 153 334   224    54  19.8   5.8  20.3
D60A  GBN 100 286   745    54   7.5   5.9   6.9
D60A  GGN 121 304   374    53   8.7  13.7  13.6
D60A H61A 197  16   277    54  15.8  12.4  10.8
D60A H62A 184   4   261    54   0.9  12.2  11.0
D60A H63A 164 345   260    54   5.3  10.9  11.3
D60A H64A 152 333   285    54  11.4   4.7   8.8
D60A H65A 139 321   323    54   8.6  14.4  11.7
D60A  HAL 111 297   624    46   3.3   7.3   9.1
D60A HANN 108 291   340    53   6.3  17.6  17.1
D60A HOLY  96 279   344    54   4.6   7.0  10.3
D60A I57A 230  47   497    54   0.5   4.7   2.4
D60A I60A 209  28   388    54   5.5   7.6   2.8
D60A I62A 186   5   339    54   5.9  13.2  10.0
D60A I63A 175 355   319    54   8.5   6.8   6.2
D60A I64A 163 344   348    54   9.8   7.4  11.5
D60A J59A 218  35   475    54   8.2   6.8   6.7
D60A J62A 190   9   416    54   1.6   5.2   2.4
D60A J63A 182   2   404    54   6.9  10.1  10.7
D60A JOSY 126 309   483    43   7.6  16.9  16.8
D60A L63A 186   5   564    54   1.5   1.9   3.4
D60A L65A 172 353   547    54   1.6   5.3   7.3
D60A LATQ 291 110   150    54  24.3  13.6  20.5
D60A  LMN 102 286   485    48   6.9  11.2  11.9
D60A LSQQ 300 116   511    54  12.7   8.3  12.7
D60A M66A 174 355   631    54   5.5   3.3   6.4
D60A MALY  99 285   595    54   3.8   4.7   3.8
D60A N62A 198  16   695    54   1.8   6.0   5.7
D60A PLVO 249  64   520    54  16.9   1.6  10.9
D60A QM16 128 311   298    54   7.0  13.6  12.5
D60A QM38   4 184    85    54   5.5   9.2   3.1
D60A QM50 342 161   175    54   4.3  17.7   8.7
D60A QM60 325 143   308    54   7.0   8.2   8.0
D60A SUSY 105 289   443    54   9.0  14.7  13.6
D60A VLDQ 288 103   533    52  12.2   2.5   9.2
D60A  WES 184   3   504    54   4.7   9.9   8.5
D60A WODY 110 295   525    54   3.4  11.7   9.8
D62A D63A  94 274    72    62  11.7  17.2  16.9
D62A DRLN  70 259   891    33   0.6   3.9   2.0
D62A E55A 265  80   540    37  10.7   6.8  14.3
D62A E58A 258  75   333    42  13.6   4.3  13.8
D62A E62A 215  35    63    62  11.7  19.0  18.3
D62A E64A 128 309   119    62  24.2  21.8  24.1
D62A EDEY 107 292   550    62   9.0  10.3  13.6
D62A EMMW 154 335   291    62  13.1   7.9  15.6
D62A F57A 254  70   456    31   7.5   4.2   7.3
D62A F61A 231  50   193    56  13.6   8.2  11.7
D62A F62A 208  28   149    62  15.8   9.8   8.8
D62A F64A 158 339   146    62   9.1  13.3  10.6
D62A G57A 247  62   509    39   9.3   2.8   8.6
D62A G59A 237  54   389    45   6.2   1.5   5.0
D62A G61A 225  43   277    59   7.3   7.8   7.2
D62A G62A 209  28   237    62   4.5   6.0  18.1
D62A G63A 192  11   223    62   8.1   9.5  12.1
D62A  GBN 105 290   610    62   6.5   8.3  10.5
D62A  GGN 141 323   277    61  12.3  15.6  15.1
D62A H61A 219  37   362    62   5.9   2.5   3.9
D62A H62A 211  30   323    62  11.0   1.8   7.5
D62A H63A 196  16   280    62   3.4   5.5   7.0
D62A H64A 183   3   272    62   4.8  12.4  10.7
D62A H65A 166 347   272    62  12.8   9.4  13.6
D62A  HAL 121 305   503    54   7.4  12.7  13.2
D62A HANN 126 308   220    61   9.1  18.9  24.5
D62A HOLY 106 288   207    62  11.7  15.4  16.0
D62A I60A 224  41   489    62   7.6   7.7  10.6
D62A I62A 207  26   399    62   4.2   5.9   2.5
D62A I63A 200  19   357    62   2.9   7.0   1.4
D62A I64A 188   7   354    62   7.3   8.4   9.6
D62A  ICQ  25 207   302    62   2.0   7.7   6.0
D62A J59A 229  45   587    62   2.0   6.1   4.7
D62A J62A 208  26   480    62   3.8   8.6   8.2
D62A J63A 201  20   452    62   2.1   4.3   1.9
D62A JOSY 142 324   393    51   5.2  12.1   9.6
D62A K62A 208  26   551    62   8.1   6.2   8.1
D62A L65A 188   8   567    62   3.5   6.8   9.0
D62A LATQ 278  95   285    62  15.6   9.5  15.9
D62A  LMN 111 294   353    56   3.0  11.6  13.3
D62A LSQQ 293 107   630    62  16.1   1.4  11.2
D62A M66A 188   7   653    62   5.0   0.8   3.4
D62A MALY 106 290   460    62   4.5  14.5  15.5
D62A N62A 209  26   769    62   5.1   1.5   4.0
D62A PLVO 253  67   661    62  16.2   2.9  12.7
D62A QM16 157 338   225    62   7.4  11.1   9.8
D62A QM38 297 115   151    62  13.3   9.1  13.3
D62A QM50 308 126   245    57   9.8  13.9  12.7
D62A QMM5   2 183   419    32   1.0   2.3  11.3
D62A SUSY 117 300   317    62   1.7  19.9  17.2
D62A VLDQ 284  97   665    52  11.3   1.8   7.8
D62A  WES 200  18   552    62   7.5   2.8   2.8
D62A WODY 121 305   405    62   4.5  11.1   9.7
D63A E55A 267  81   611    37  12.9   4.0  13.4
D63A E58A 261  78   402    42  12.1   8.2  12.0
D63A E62A 247  66   118    62  19.6  13.8  17.7
D63A E64A 163 343    72    62  15.4  19.8  20.2
D63A EDEY 110 294   480    62   4.6  11.1  12.8
D63A EMMW 169 349   264    62   9.1   8.4   8.4
D63A F57A 257  73   524    31   9.9   3.2   6.1
D63A F60A 249  67   318    43  17.6   2.3  14.3
D63A F61A 243  61   251    56  12.5   9.2  11.1
D63A F62A 229  48   191    62   8.0   9.5   8.8
D63A F64A 188   8   132    62   8.2   8.0  17.1
D63A G61A 235  52   328    59   5.7   4.5   2.3
D63A G62A 224  42   276    62   8.1   5.6  14.1
D63A G63A 209  28   244    62   6.7   3.6   4.4
D63A  GBN 107 292   540    62   3.4  13.3  10.8
D63A  GGN 155 336   235    61   9.7   5.3  12.5
D63A H61A 228  45   408    62   7.7   5.1   9.8
D63A H62A 222  40   362    62   4.8   4.9   3.5
D63A H64A 198  18   280    62   5.8   8.2  10.3
D63A H65A 182   2   260    62  11.8   4.4  11.0
D63A  HAL 126 309   441    54   8.0  13.6  16.1
D63A HANN 141 322   165    61  16.0  18.0  20.0
D63A HOLY 114 295   138    62  18.8  23.1  23.7
D63A I60A 231  47   539    62   4.0   3.4   2.2
D63A I62A 217  35   433    62   5.6   5.4   6.1
D63A J59A 234  49   640    62   6.5   0.1   4.9
D63A J62A 216  33   514    62   9.0   7.2  10.1
D63A J63A 210  28   478    62   0.5   4.4   2.8
D63A JOSY 151 333   349    51   2.4   2.8   4.1
D63A K62A 215  32   585    62  10.8   3.4   7.9
D63A L65A 196  15   577    62   3.1   4.2   4.7
D63A LATQ 278  94   356    62   9.3  10.1  11.7
D63A  LMN 116 299   286    56   5.3  13.6  14.1
D63A LSQQ 292 105   698    62   9.5   5.4  10.2
D63A MALY 109 292   391    62   5.5  14.0  12.3
D63A N62A 214  31   803    62   3.6   2.8   4.0
D63A NATG  45 229   532    31   0.5   4.0   2.3
D63A PLVO 256  69   728    62  14.8   1.9  11.9
D63A QM16 177 357   204    62   3.1   9.3  10.1
D63A QM38 290 108   219    62  14.4   7.5  14.3
D63A QM50 301 118   307    57  15.1  10.6  16.9
D63A QM60 303 119   456    55   7.8   3.8   7.6
D63A QMM5 353 173   426    32   7.3   8.2  12.4
D63A SHEY 112 296   518    62   3.7  13.7  12.0
D63A SUSY 125 306   253    62  10.3  11.3  17.4
D63A VLDQ 284  96   736    52  10.1   4.0  11.2
D63A  WES 207  25   576    62   2.0   4.8   5.0
D63A WODY 128 310   343    62  10.3  13.2  17.1
DRLN E55A 264  71  1419     9   0.2   0.4   0.8
DRLN E58A 261  69  1222    14   8.0   3.3   5.6
DRLN E62A 256  68   943    33   5.0   1.8   1.7
DRLN E64A 252  64   834    33   9.5   0.3   6.6
DRLN EMMW 240  53   909    33   3.5   3.7   0.6
DRLN F61A 255  65  1076    27   1.9   1.8   3.4
DRLN F62A 253  64  1008    33   7.1   2.3   4.2
DRLN F64A 249  61   898    33   1.6   0.5   2.6
DRLN G57A 257  65  1399    11   4.3   1.7   3.2
DRLN G59A 255  63  1273    16   1.9   0.2   0.5
DRLN G62A 250  61  1082    33   1.3   3.8   3.8
DRLN  GBN 217  34   524    33   4.4   5.2   5.6
DRLN  GGN 240  54   843    33   5.6   1.3   1.3
DRLN H64A 244  56  1027    33   3.8   1.1   1.2
DRLN H65A 242  54   961    33   5.4   4.9   4.0
DRLN HOLY 249  62   735    33   6.2   1.9   5.0
DRLN I57A 254  61  1507    33   5.0   4.6   6.5
DRLN I60A 249  58  1349    33   4.4   2.2   2.9
DRLN I62A 246  56  1215    33   1.6   1.2   1.9
DRLN J62A 244  54  1288    33   3.7   2.3   4.0
DRLN J63A 243  53  1237    33   3.3   2.6   1.0
DRLN JOSY 233  46   854    30   5.5   2.7   5.4
DRLN L65A 235  46  1263    33   4.1   1.2   2.5
DRLN LATQ 265  74  1150    33   6.7   1.4   2.2
DRLN  LMN 238  53   667    31   7.5   4.7   7.1
DRLN LSQQ 276  82  1417    33   4.2   0.7   2.6
DRLN M66A 233  44  1328    33   3.5   2.9   4.2
DRLN N62A 240  48  1555    33   1.9   3.0   1.5
DRLN PLVO 260  65  1552    33   2.1   1.1   1.0
DRLN QM16 244  57   909    33   2.7   2.5   2.5
DRLN QM38 265  75  1001    33   4.5   3.1   5.0
DRLN QMM5 287  98   827     4   0.6   4.1   3.0
DRLN SHEY 218  35   570    33   0.8   2.0   3.5
DRLN SUSY 240  54   715    33   6.4   2.4   5.0
E55A E58A  91 273   214    37   4.8  17.8  13.0
E55A E62A  86 270   501    37   3.8  10.4   8.4
E55A E64A  87 273   632    37   6.0   8.9  10.5
E55A EDEY  91 281  1070    37   0.9   6.8   4.1
E55A EMMW 103 289   698    37   3.3   3.4   4.5
E55A F57A 124 305   127    31  10.4  20.1  15.0
E55A F60A  98 281   321    37   8.1  14.8  16.0
E55A F61A  96 280   394    37   6.2  10.9   9.9
E55A F62A  95 280   474    37   1.5   8.8   7.0
E55A F64A  94 279   599    37   2.3   0.3   1.9
E55A G57A 151 331   172    37  10.6  10.1  13.3
E55A G59A 123 305   271    37  13.4  17.8  20.8
E55A G61A 109 292   375    37   3.2  12.9   9.9
E55A G62A 106 290   451    37   0.6   7.4  10.9
E55A G63A 104 289   522    37   3.1   9.8  10.0
E55A  GBN  91 281  1132    37   0.3   3.9   2.8
E55A H61A 122 305   388    37   8.8  10.2  10.9
E55A H62A 117 300   436    37   8.0   8.0   8.9
E55A H63A 111 295   510    37   5.4   8.4   8.8
E55A H64A 108 293   570    37   5.1   6.3   6.3
E55A  HAL  97 286   993    29   6.2   3.4   5.4
E55A HANN  92 278   720    36   3.8   6.3   7.4
E55A HOLY  86 273   736    37   4.9  10.2   9.5
E55A I57A 173 354   281    37   8.1   4.5   7.3
E55A I60A 142 324   362    37   9.1   8.0   9.1
E55A I62A 126 309   469    37   9.1   9.7  13.6
E55A I63A 120 304   506    37   2.5  11.7  12.6
E55A I64A 117 301   578    37   3.7  10.8   9.7
E55A J59A 159 340   354    37   3.4   8.5   7.4
E55A J62A 135 318   491    37   6.0  11.8  10.4
E55A J63A 130 314   528    37   9.3  12.0  11.6
E55A K60A 157 339   460    31   3.8   3.7   7.7
E55A K62A 143 326   519    37   8.8   8.7  10.4
E55A L63A 144 327   622    37   5.3   1.6   4.9
E55A L65A 134 318   686    37   2.8   5.0   6.2
E55A LATQ  66 249   270    37   4.5   5.8   5.7
E55A LSQQ 347 166   298    37   5.8  13.7   9.9
E55A M66A 138 322   748    37   3.7   3.0   5.1
E55A MALY  90 279   983    37   1.7   6.4   5.6
E55A NATG  62 252  1068    31   0.9   8.3   5.0
E55A PLVO 207  26   176    37   8.1  12.0  11.5
E55A QM16  99 285   645    37   1.1   1.4   2.6
E55A QM38  69 253   418    37   6.0   7.9   7.1
E55A QM50  55 238   396    37   2.0   8.7   6.2
E55A QM60  33 215   364    37   0.8   0.9   1.7
E55A QMM5  45 230   724    32   2.0   7.1   3.8
E55A SHEY  93 283  1102    37   1.5   4.7   4.4
E55A SUSY  92 279   825    37   2.7   8.3   8.5
E55A VLDQ 327 146   232    37   9.3   9.9  10.0
E55A  WES 138 322   589    37   3.1   2.8   2.7
E55A WODY  96 284   898    37   0.1   1.8   3.1
E58A E62A  83 266   290    42   4.8  13.1  10.9
E58A E64A  87 271   419    42   4.4  14.0  14.5
E58A EDEY  93 281   856    42   3.1  10.7   8.3
E58A EMMW 110 294   491    42   2.1  15.9  11.6
E58A F57A 241  60   126    31  21.6   5.4  16.3
E58A F60A 113 294   112    42  17.0  26.9  23.3
E58A F61A 103 285   182    42   9.6  23.2  20.8
E58A F62A 100 283   261    42   2.9  17.0  14.0
E58A F64A  97 280   385    42   3.3   9.5   9.6
E58A G59A 177 357   144    42   3.7  11.3   5.0
E58A G61A 131 312   182    42  15.0  14.3  14.9
E58A G62A 120 302   249    42  11.5  15.8  15.3
E58A G63A 115 297   317    42   6.4   9.7  16.3
E58A  GBN  92 281   919    42   5.1   5.6   6.5
E58A  GGN 103 288   520    41   8.5  12.1  13.1
E58A H61A 152 333   231    42   7.3  11.2  17.7
E58A H62A 140 321   260    42  14.2  14.0  15.1
E58A H63A 126 308   317    42  13.0  12.7  16.6
E58A H64A 120 303   371    42  10.2  13.9  19.6
E58A H65A 114 297   435    42   4.5  16.4  13.5
E58A HANN  94 279   506    41   6.0  12.4  15.0
E58A HOLY  86 271   524    42   1.0  11.2  11.1
E58A I57A 216  34   329    42  13.1   4.0  12.1
E58A I62A 150 332   317    42   9.5   6.7   7.6
E58A I63A 140 322   334    42  10.3  14.3  15.1
E58A I64A 132 315   395    42  11.3  14.7  16.9
E58A J59A 197  16   337    42   8.8   5.7   7.2
E58A J63A 152 334   385    42   7.0   6.1   8.9
E58A JOSY 110 295   616    31   1.0   7.5   9.1
E58A K60A 187   6   420    31   6.9  12.3   8.7
E58A K62A 168 349   420    42   3.9   4.9   6.1
E58A LATQ  18 199   119    42  11.6   9.1  15.8
E58A  LMN  92 278   657    36   2.7   9.2   9.4
E58A LSQQ 318 136   408    42  13.7   7.2  11.7
E58A M66A 155 337   622    42   4.9   5.5   7.2
E58A MALY  91 278   770    42   4.6   5.4   3.8
E58A N62A 182   1   605    42   3.5   4.6   5.9
E58A PLVO 245  62   331    42  13.7   2.7  13.9
E58A QM16 105 289   434    42   0.0   7.3   3.8
E58A QM38  51 233   234    42   3.8   9.6   9.1
E58A QM60 359 179   311    42   1.1   1.9   0.3
E58A QMM5  32 215   597    32   0.2   1.2   1.4
E58A SHEY  95 283   888    42   3.5  10.2   7.3
E58A VLDQ 302 119   395    42  13.7  11.8  17.4
E58A  WES 160 341   470    42   1.1   6.6   6.6
E58A WODY  99 285   685    42   0.3   9.3   4.1
E62A E64A  99 280   132    62  10.7  16.5  18.3
E62A EDEY 101 286   573    62   4.4   7.8   7.8
E62A EMMW 142 324   267    62  17.4  19.3  21.8
E62A F57A 259  75   409    31  12.9   3.2  10.6
E62A F60A 250  68   201    43  13.5  12.1  13.4
E62A F61A 238  57   134    56  19.1  11.0  20.7
E62A F62A 203  23    87    62   8.6  15.6  14.6
E62A F64A 132 313   124    62  16.2  15.9  19.6
E62A G57A 250  66   456    39   9.6   5.4  15.5
E62A G59A 240  58   332    45   4.6   3.6   8.4
E62A G62A 207  26   174    62  16.6   3.2  16.4
E62A G63A 183   3   167    62  13.4  14.4  17.1
E62A  GBN  99 285   634    62   4.8   9.7  12.7
E62A  GGN 128 310   267    61  14.6  20.9  20.0
E62A H62A 210  29   261    62   5.8   5.0  12.4
E62A H63A 191  10   221    62   9.5   6.7  11.0
E62A H64A 174 354   221    62   8.5   8.9  17.7
E62A H65A 155 336   236    62  16.0   8.1  11.3
E62A  HAL 113 298   512    54  10.7  12.6  12.0
E62A HANN 110 292   228    61   6.8  15.8  14.0
E62A HOLY  91 274   235    62   8.3  13.4  16.0
E62A I60A 225  42   427    62   6.4   4.7   8.4
E62A I62A 206  24   337    62   6.9   0.7   2.7
E62A I63A 197  16   297    62   8.6   4.8   3.9
E62A I64A 182   2   300    62   8.4   8.0   7.5
E62A  ICQ  27 208   364    62   0.9   4.0   3.4
E62A J59A 230  46   526    62   7.6   0.3   5.3
E62A J62A 206  25   418    62   6.8   8.4   9.1
E62A J63A 199  18   391    62   5.2   7.6  13.7
E62A JOSY 132 315   379    51  11.0  12.2  12.3
E62A K60A 219  36   564    31   4.6   6.5   6.7
E62A K62A 207  25   489    62   5.1   6.0   7.2
E62A L63A 198  17   554    62   1.6   1.3   3.8
E62A L65A 185   5   512    62  10.8   7.3  10.7
E62A LATQ 290 108   262    62  20.7  11.4  23.0
E62A  LMN 101 285   374    56  12.4   8.3  12.5
E62A LSQQ 299 113   620    62   9.5   0.4  12.0
E62A MALY  99 283   485    62   7.5   9.4  11.1
E62A N62A 208  25   707    62   6.1   0.2   3.3
E62A QM16 142 323   199    62  10.9  12.1  12.4
E62A QM38 320 139   155    62   8.4  14.0   8.6
E62A QM50 322 140   256    57  11.1  10.7  16.4
E62A QM60 316 133   402    55   3.9  12.3   6.3
E62A QMM5   6 187   473    32   3.9   4.4   5.5
E62A SHEY 103 288   608    62   3.5   8.7   8.4
E62A SUSY 106 289   331    62   7.6  16.9  17.1
E62A VLDQ 289 103   645    52   5.8   4.3   6.6
E62A  WES 198  16   492    62   9.4  11.3  10.1
E62A WODY 112 296   413    62  10.2  13.6  13.8
E64A EDEY 102 286   441    62   7.1  11.2  13.9
E64A EMMW 171 351   192    62  18.9  14.3  17.2
E64A F57A 265  80   535    31  10.8   5.2  12.1
E64A F60A 263  80   322    43  24.1   2.0  17.6
E64A F61A 260  77   249    56  16.3   4.5  14.8
E64A F62A 251  70   175    62  18.9  11.4  17.0
E64A F64A 213  33    74    62  15.2  17.3  17.1
E64A G57A 258  73   575    39  15.9   0.2   8.8
E64A G61A 248  65   314    59  16.9   3.0   9.4
E64A G62A 239  57   249    62  10.1   3.0   7.5
E64A G63A 225  43   201    62  14.7  17.2  18.7
E64A  GBN 101 285   503    62   1.6   9.2  11.1
E64A  GGN 152 332   164    61  10.7  15.4  19.7
E64A H61A 238  55   383    62   0.0   5.1   3.7
E64A H62A 233  51   331    62   3.5   2.6   3.2
E64A H63A 222  41   260    62   9.1  15.1  14.5
E64A H64A 209  28   225    62   8.4  11.7  11.8
E64A H65A 190  10   194    62  17.4  10.8  15.8
E64A  HAL 119 302   386    54  11.4  18.3  17.2
E64A HANN 126 306   101    61  14.3  17.1  25.0
E64A HOLY  83 264   105    62   4.7  12.3  11.7
E64A I57A 249  63   674    62   7.5   0.5   5.8
E64A I62A 226  43   395    62   8.4   2.9   6.7
E64A I63A 220  38   340    62  10.4   9.5  10.7
E64A I64A 208  26   312    62  12.0  10.0  14.1
E64A  ICQ   7 187   348    62   1.2   5.2   2.7
E64A J59A 240  56   620    62   8.0   5.2   4.4
E64A J62A 223  40   474    62   5.5   6.0   7.4
E64A J63A 218  35   433    62   6.1   1.5   3.3
E64A JOSY 149 330   279    51   8.5   8.7  11.5
E64A K60A 231  47   640    31   1.5   5.7   6.6
E64A K62A 222  38   544    62   8.8   1.0   4.6
E64A L63A 212  30   590    62   3.5   3.3   5.1
E64A L65A 201  19   519    62   4.8   5.8   5.7
E64A LATQ 288 104   392    62  13.2   1.4   9.7
E64A  LMN 104 286   242    56  15.3  17.0  17.4
E64A LSQQ 296 110   746    62   8.8   5.9   9.0
E64A MALY 100 283   353    62   2.5  16.2  11.0
E64A N62A 219  35   760    62   4.3   4.2   6.3
E64A NATG  39 223   568    31   8.1   5.0   6.1
E64A PLVO 261  75   735    62  10.5   3.2  13.5
E64A QM16 184   4   135    62  12.2   7.1  14.0
E64A QM38 302 120   269    62  21.8   9.1  17.3
E64A QM50 309 126   364    57  16.9  11.1  19.1
E64A QMM5 352 171   497    32   3.8   8.6   9.7
E64A SHEY 105 290   476    62   0.2  12.4  10.2
E64A SUSY 112 294   201    62  11.3  18.8  19.7
E64A VLDQ 288 101   776    52   3.9   6.2   6.4
E64A  WES 213  31   527    62   5.9   3.7   5.8
E64A WODY 120 302   287    62  10.9  17.8  19.3
EDEY F57A 277  88   965    31   6.7   3.4   7.6
EDEY F61A 278  92   678    56   8.5   1.8   6.9
EDEY F62A 278  92   598    62  10.8   3.4   9.1
EDEY G57A 272  83   994    39   8.6   1.0   8.0
EDEY G59A 271  83   853    45   3.5   2.2   2.6
EDEY G62A 271  85   644    62  12.8   7.3  12.5
EDEY G63A 269  84   574    62  15.8   3.8  15.3
EDEY  GBN  93 274    63    62  18.5  26.6  27.4
EDEY H61A 266  79   764    62  16.0   0.8  14.7
EDEY H64A 263  78   551    62  10.2   2.1  11.1
EDEY H65A 262  78   474    62  17.7   2.6  15.1
EDEY  HAL 229  48   134    54   6.0   3.6   4.0
EDEY HANN 280  96   350    61  13.7   0.1   6.2
EDEY I57A 266  76  1069    62  12.1   1.1  11.3
EDEY I60A 262  75   888    62  15.1   2.4  11.6
EDEY I63A 260  74   672    62  13.6   4.1  11.4
EDEY I64A 256  71   604    62   8.9   1.8   7.2
EDEY  ICQ 322 139   587    62   2.3   1.0   0.9
EDEY J59A 262  73   993    62  11.5   4.2  10.2
EDEY JOSY 247  65   320    51   5.9   5.4   6.8
EDEY K60A 255  67   978    31   5.7   0.7   5.0
EDEY K62A 252  65   852    62   3.0   0.3   4.1
EDEY L65A 241  56   729    62   3.1   2.3   1.0
EDEY LATQ 289 101   832    62   8.0   6.6   9.8
EDEY  LMN 284 102   199    56  19.8   8.2  15.1
EDEY M66A 236  51   785    62   5.3   2.4   5.7
EDEY MALY 296 116    90    62  25.1  13.8  19.7
EDEY N62A 245  57  1034    62   3.1   3.9   2.9
EDEY NATG 356 176   540    31   3.7   4.7   3.9
EDEY PLVO 273  83  1158    62   9.2   2.9   9.0
EDEY QM16 269  85   442    62  13.1   1.0  11.4
EDEY QM38 294 108   699    62  11.7   3.3   7.4
EDEY QM50 298 111   784    57  12.1   4.8  12.7
EDEY QM60 300 112   929    55   4.0   4.5   5.1
EDEY SHEY 143 323    43    62  20.1  28.0  26.7
EDEY SUSY 278  96   245    62  10.7   2.3   9.9
EDEY VLDQ 290  99  1215    52   6.4   0.9   6.6
EDEY WODY 259  77   188    62  13.6   1.8  11.6
EMMW F57A 285 100   581    31   7.8   3.6   7.5
EMMW F60A 293 110   379    43  12.6   7.6  11.5
EMMW F61A 298 116   311    56  13.0   7.4  15.1
EMMW F62A 305 123   237    62  18.2   5.7  15.4
EMMW F64A 332 151   146    62  13.9  16.4  17.7
EMMW G57A 277  92   596    39   6.2   6.7   9.1
EMMW G59A 277  93   454    45   8.6   4.6   8.8
EMMW G61A 283 100   327    59  17.6   3.0  12.5
EMMW G62A 284 102   249    62  20.6   8.8  20.8
EMMW G63A 286 104   177    62  24.4   7.4  19.4
EMMW  GGN  47 227    67    61  16.0  22.4  20.8
EMMW H61A 268  85   355    62  15.3   2.9  13.7
EMMW H62A 268  86   294    62  15.1   4.4  13.9
EMMW H63A 269  88   204    62  11.9   2.2  10.7
EMMW H64A 268  86   140    62  12.5   8.8  11.8
EMMW H65A 269  89    63    62  17.8  18.9  23.2
EMMW  HAL  90 273   307    54   2.8  12.1  11.0
EMMW HANN  22 203   141    61   4.8   8.3   9.9
EMMW HOLY  21 201   216    62  11.6   8.1  18.8
EMMW I57A 265  80   660    62  14.8   4.0  15.6
EMMW I60A 260  76   475    62  15.8   6.6  14.3
EMMW I62A 255  72   323    62   8.9   0.6   8.5
EMMW I63A 255  73   259    62  15.4   4.3  13.4
EMMW I64A 244  63   195    62  15.6   3.8  18.4
EMMW  ICQ   1 182   535    62   0.5   9.8  10.7
EMMW J59A 259  74   581    62  10.3   3.3  11.8
EMMW J62A 246  63   386    62   5.3   2.5   2.4
EMMW J63A 243  60   331    62  13.1   6.4  11.9
EMMW JOSY 113 294   125    51  18.0  16.3  16.4
EMMW L63A 228  45   462    62   1.1   1.6   4.8
EMMW L65A 216  34   364    62   6.3   9.2   6.3
EMMW LATQ 308 124   508    62  17.5   3.6  12.7
EMMW  LMN  58 239   244    56   1.5  10.5   8.8
EMMW LSQQ 307 120   871    62   8.6   4.0   6.4
EMMW MALY  68 251   344    62   7.7   8.5  11.9
EMMW N62A 232  48   646    62   8.1   0.6   3.8
EMMW NATG  28 211   712    31   0.3   7.2   7.0
EMMW PLVO 276  89   760    62  12.8   0.2   7.3
EMMW QM16 325 145    68    62   9.2  14.9  14.8
EMMW QM38 323 140   421    62   9.9  11.9  10.5
EMMW QM50 323 140   522    57   6.0  12.3  10.5
EMMW QM60 320 136   668    55   4.4   5.3   7.8
EMMW QMM5 352 171   690    32   1.8   5.9   4.8
EMMW SHEY  82 266   434    62   5.4  15.1  13.3
EMMW SUSY  54 236   195    62   6.8  12.2  12.3
EMMW VLDQ 300 112   880    52  10.9   2.3  10.6
EMMW  WES 232  49   405    62   2.5   3.0   4.1
EMMW WODY  78 260   225    62   8.6  18.4  21.0
F57A F60A  84 266   213    31  11.9  20.6  21.3
F57A F62A  87 270   367    31   4.2   9.4  11.7
F57A F64A  87 272   493    31   3.1  16.6  12.2
F57A G57A 196  16    82    31   9.1  17.8  12.3
F57A G59A 124 305   144    31  15.4  23.1  21.1
F57A G61A 102 285   254    31   6.1  12.9  14.3
F57A G62A 100 283   332    31   7.0  13.9  13.1
F57A G63A  99 283   404    31   6.6   8.7  10.0
F57A  GBN  88 277  1028    31   1.6   6.8   5.3
F57A  GGN  94 280   619    30   6.3   1.2   7.6
F57A H61A 122 304   260    31  12.2  15.3  14.9
F57A H62A 115 298   310    31   9.2  18.4  17.7
F57A H63A 108 291   387    31   5.1   8.6  10.2
F57A H64A 105 289   449    31   2.1  12.5  12.8
F57A H65A 101 286   521    31   6.3   7.0   9.8
F57A HANN  86 272   615    30   5.4   7.5   9.4
F57A HOLY  80 266   640    31   1.5  11.7   7.7
F57A I57A 200  20   222    31   6.6   8.2   8.7
F57A I60A 153 334   245    31   5.9   4.9   5.5
F57A I62A 128 310   342    31   8.7  18.0  15.3
F57A I63A 120 303   379    31   2.7  13.8  13.0
F57A I64A 116 300   452    31   6.7   8.8   9.2
F57A  ICQ  51 236   693    31   0.0   3.7   1.7
F57A J59A 177 357   261    31   2.3   0.6   1.3
F57A J62A 140 322   367    31   6.3  13.0  11.2
F57A J63A 133 316   402    31   8.9   9.2   9.2
F57A K62A 150 332   401    31   2.8   5.1   1.4
F57A L63A 149 332   504    31   4.5   9.3   5.1
F57A L65A 137 320   562    31   5.7   6.8   9.8
F57A LATQ  39 221   228    31   8.1   0.8   5.9
F57A  LMN  86 273   768    25   2.9   6.4   5.5
F57A LSQQ 335 154   400    31   3.3   8.3  12.1
F57A M66A 142 325   626    31   4.6   1.7   3.6
F57A MALY  86 274   881    31   4.6   6.5   5.2
F57A N62A 169 350   551    31   0.7   3.5   3.1
F57A NATG  56 245  1014    31   5.7   2.0   1.8
F57A PLVO 246  64   205    31  16.1   8.0  20.3
F57A QM38  53 236   359    31   2.5  11.3  11.0
F57A QM50  37 220   369    31   3.3   3.3   3.6
F57A QM60  15 196   387    31   1.4   1.1   5.0
F57A QMM5  36 220   710    31   4.2   1.9   5.1
F57A SHEY  90 279   995    31   2.5   7.0   7.3
F57A SUSY  88 274   720    31   0.5   4.2   7.4
F57A VLDQ 320 137   352    31   9.9   6.2  12.1
F57A  WES 143 326   467    31   2.5  10.8   5.4
F60A F61A  89 270    74    43  13.1  22.5  17.9
F60A F62A  92 274   154    43   2.3  15.2  18.9
F60A F64A  91 274   280    43  11.7   8.6  12.0
F60A G57A 249  67   256    39  21.5   6.7  20.5
F60A G59A 225  44   138    43   8.1   1.4   6.7
F60A G61A 156 337    83    43  19.4  12.8  16.9
F60A G62A 126 307   139    43  20.0  15.3  18.4
F60A G63A 117 298   205    43   8.4  14.3  13.5
F60A  GBN  91 278   815    43   2.9   5.8   7.3
F60A  GGN 101 285   410    42   4.6   9.2  10.4
F60A H61A 179 359   161    43   7.1  11.9  14.8
F60A H62A 158 338   167    43  10.6  14.0  15.2
F60A H63A 133 315   209    43  14.5  11.7  14.9
F60A H64A 124 306   260    43  14.7  18.2  20.3
F60A H65A 115 297   323    43   3.7  11.6   9.3
F60A HANN  90 273   402    42   4.5  12.4  13.1
F60A HOLY  80 264   428    43   1.0  12.3   9.3
F60A I60A 205  24   259    43   5.3   3.7   1.6
F60A I62A 168 348   238    43  13.2   7.9  11.6
F60A I63A 153 334   239    43   8.0   9.8  10.2
F60A I64A 140 322   292    43  14.9  12.9  14.0
F60A J62A 178 358   305    43   0.8   7.1   8.6
F60A J63A 167 347   307    43   7.2   7.0   8.0
F60A JOSY 110 294   504    32   3.7   6.2   8.5
F60A K60A 203  22   403    31   4.4   3.2   4.9
F60A K62A 184   3   368    43   1.8   3.8   6.4
F60A L65A 160 341   463    43   1.1   4.9   8.4
F60A LATQ 338 158   170    43   8.5  14.6  14.5
F60A  LMN  89 274   554    37   4.5  12.1  11.2
F60A LSQQ 314 130   511    43  10.1  12.2  12.2
F60A M66A 164 345   543    43   4.2   4.1   3.8
F60A MALY  89 275   667    43   0.3  12.5   6.9
F60A N62A 193  12   573    43   2.9   1.6   1.1
F60A NATG  51 238   832    31   6.1   8.9   6.8
F60A PLVO 257  74   413    43  16.7   3.7  12.1
F60A QM16 104 287   323    43   2.4   6.4   5.6
F60A QM38  23 204   207    43  11.5   1.7  13.8
F60A QM50   5 185   272    43   1.2   0.9   0.3
F60A QMM5  22 204   590    32   1.6   5.4   3.9
F60A SHEY  93 280   783    43   1.9   6.4   3.5
F60A SUSY  91 275   507    43   7.4  11.3  16.2
F60A VLDQ 301 117   505    43  10.7   8.9  14.4
F60A  WES 173 353   401    43   1.7   7.2   7.1
F60A WODY  97 282   577    43   6.4   2.5   4.6
F61A F62A  96 277    80    56  15.0  14.9  14.4
F61A F64A  92 274   205    56   7.0  13.5  11.5
F61A G57A 254  71   327    39  18.2  10.9  20.0
F61A G59A 241  59   198    45  13.5   3.2  10.9
F61A G61A 209  28    87    56  15.7  18.3  13.8
F61A G62A 157 337    91    56  20.8  17.3  23.9
F61A G63A 131 312   144    56  19.6  15.3  20.0
F61A  GBN  91 278   741    56   3.1   6.1   8.2
F61A  GGN 105 288   338    55   8.4  10.4  10.6
F61A H61A 205  24   177    56  15.0  11.9  14.7
F61A H62A 185   5   156    56   3.1   6.9  14.7
F61A H63A 152 333   164    56   9.5   8.1  12.5
F61A H64A 136 317   203    56   7.8  15.7  13.8
F61A H65A 122 304   258    56   9.0  14.3  15.6
F61A  HAL 102 287   599    48   4.5   3.2   4.3
F61A HANN  90 273   328    55   1.0  14.5  13.2
F61A HOLY  78 262   354    56   2.9  18.3  16.9
F61A I60A 218  37   298    56   9.5   3.7  10.9
F61A I62A 187   7   235    56   2.8   3.8   6.4
F61A I63A 171 352   216    56   5.6  12.0   9.3
F61A I64A 154 335   252    56  12.1   2.6  10.1
F61A J59A 226  44   394    56   4.7   7.5   7.9
F61A J62A 192  12   312    56  11.7   8.5  10.9
F61A JOSY 114 298   435    45   9.6   5.2   8.8
F61A K60A 213  31   439    31   6.2   1.1   4.0
F61A L63A 186   6   459    56   1.4   0.3   3.7
F61A L65A 170 351   445    56   6.1  10.0  12.0
F61A LATQ 319 138   208    56  20.1  12.8  20.4
F61A  LMN  89 274   480    50   1.7  14.0  13.2
F61A LSQQ 309 125   566    56  11.0   6.0   9.7
F61A MALY  89 275   593    56   6.0  14.6   9.5
F61A N62A 201  19   595    56   2.9   2.7   4.1
F61A PLVO 260  76   486    56  11.6   3.5  14.8
F61A QM16 109 291   252    56   5.6  10.9  12.5
F61A QM38   3 183   189    56   1.7   0.0   2.8
F61A QM50 350 169   275    56   8.0   2.7   5.2
F61A QMM5  16 198   565    32   6.5   3.7   5.1
F61A SHEY  94 281   709    56   1.4   6.5   8.0
F61A SUSY  92 276   433    56   3.3  14.7  11.6
F61A VLDQ 298 113   569    52  10.9   5.6  11.0
F61A  WES 184   4   400    56   1.1   6.0   4.3
F62A F64A  91 272   126    62   5.1  14.8  16.0
F62A G59A 251  69   267    45  10.5   2.1   9.6
F62A G61A 241  60   140    59  16.4   8.0  15.8
F62A G62A 211  30    87    62  13.5  10.0  13.0
F62A G63A 163 343    91    62  19.1  14.6  15.2
F62A  GBN  92 278   661    62   3.3   9.5   9.1
F62A  GGN 108 291   259    61   6.6  14.5  12.4
F62A H62A 213  32   174    62  14.6  11.3  18.5
F62A H63A 182   2   137    62   7.1  10.6  10.7
F62A H64A 157 338   151    62  20.4   6.0  12.3
F62A H65A 134 315   190    62  12.1  16.9  16.0
F62A  HAL 103 288   519    54   0.8   4.9   4.8
F62A HOLY  74 257   279    62   2.7   9.9   9.2
F62A I57A 246  62   499    62   7.6   2.2   4.7
F62A I60A 230  48   348    62   2.9   8.6   4.1
F62A I63A 194  13   211    62   8.5   8.8   9.7
F62A I64A 173 353   221    62   7.9   7.0  11.7
F62A  ICQ  26 208   451    62   3.7   2.5   3.9
F62A J59A 235  52   450    62   4.5   2.7   2.6
F62A J62A 207  26   331    62   5.7   6.2   6.5
F62A J63A 197  16   304    62   6.8  11.4   9.5
F62A JOSY 119 302   360    51   6.6   8.8   8.4
F62A L63A 197  16   467    62   1.2   7.2   5.0
F62A L65A 181   1   430    62   5.9   3.2   7.8
F62A LATQ 308 126   272    62  14.9  12.3  17.7
F62A  LMN  89 273   401    56   8.6  12.3  13.7
F62A LSQQ 306 121   634    62  12.1   8.0  13.7
F62A M66A 182   1   515    62   0.2   5.2   1.6
F62A MALY  89 274   514    62   0.3  13.6  10.9
F62A N62A 208  26   620    62   2.7   1.5   3.4
F62A PLVO 263  78   564    62  16.5   1.8  11.8
F62A QM16 115 297   175    62   7.4  15.8  11.9
F62A QM38 341 161   209    62   6.1  12.8   6.3
F62A QM50 336 155   307    57   7.9   9.1  10.3
F62A QM60 326 144   443    55   5.1   4.2   6.6
F62A QMM5   9 189   557    32   6.3   5.3   7.9
F62A SHEY  95 281   629    62   0.9   4.5   5.9
F62A SUSY  92 275   353    62   7.9  16.8  18.3
F62A VLDQ 296 110   644    52  11.0   5.8  12.7
F62A  WES 196  15   405    62   0.5   6.0   5.6
F62A WODY 100 284   424    62  12.3   5.7   8.2
F64A G57A 263  78   525    39  15.8   2.6  12.3
F64A G59A 259  75   388    45   8.2   5.1  13.7
F64A G61A 257  74   256    59  17.0   6.4  13.8
F64A G62A 248  66   185    62  18.6   3.8  15.9
F64A G63A 230  50   129    62  12.5   5.6  14.3
F64A  GBN  93 278   535    62   4.0  10.9  11.5
F64A  GGN 125 306   144    61  13.1  24.9  20.8
F64A H61A 243  61   318    62  12.6   7.0  11.9
F64A H62A 238  56   263    62  15.8   1.6   8.4
F64A H63A 225  44   188    62   8.7   1.9   6.3
F64A H64A 207  26   152    62  22.3   9.9  16.2
F64A H65A 176 356   130    62  17.7   9.6  18.1
F64A  HAL 108 292   398    54   4.9  15.0  12.1
F64A HANN  88 270   123    61   1.9  14.5  16.2
F64A HOLY  62 244   163    62   8.7  16.2  20.3
F64A I57A 252  67   615    62  12.1   5.4   9.2
F64A I60A 242  58   450    62   4.1   8.5   5.0
F64A I62A 228  46   323    62   3.0   6.2   4.2
F64A I63A 222  40   268    62   7.5   2.1   7.1
F64A I64A 206  25   239    62   2.7   1.4   4.0
F64A J59A 244  59   556    62   9.9   6.6   9.0
F64A J62A 224  42   402    62   8.5   2.2   9.3
F64A J63A 218  36   360    62   6.2   7.3   6.6
F64A JOSY 133 315   256    51   6.3  16.6  18.6
F64A K62A 222  40   472    62   5.4   6.3   3.0
F64A L63A 212  29   516    62   6.7   4.5   2.3
F64A L65A 198  17   447    62  11.4   4.9   8.3
F64A LATQ 298 115   379    62  12.4   0.2  12.2
F64A  LMN  89 271   275    56   4.4  15.8  19.6
F64A LSQQ 302 115   741    62  13.7   4.5  12.1
F64A M66A 196  15   531    62   2.5   5.5   4.1
F64A MALY  89 273   388    62   4.6  13.9   9.7
F64A N62A 219  35   687    62   1.9   2.6   2.7
F64A NATG  38 222   642    31   2.0   3.1   3.6
F64A PLVO 265  79   688    62  11.6   5.4  11.2
F64A QM16 157 337    79    62  12.1  14.2  13.2
F64A QM38 317 136   278    62  13.7  12.6  13.7
F64A QM50 320 137   378    57  16.6   8.8  14.8
F64A QM60 316 133   525    55   2.4   4.9   2.8
F64A QMM5 357 176   555    32   5.8   3.6   5.2
F64A SUSY  93 275   227    62   1.0  18.7  19.1
F64A VLDQ 293 106   760    52   7.5   1.0   5.1
F64A  WES 213  31   454    62  12.8  10.1  15.1
F64A WODY 105 288   300    62   8.5  12.6  17.1
G57A G61A  85 267   272    39   4.8  16.3  13.7
G57A G62A  86 269   350    39   8.9  12.8  12.2
G57A G63A  88 272   422    39   7.5  11.8  11.8
G57A  GBN  83 273  1057    39   3.4   6.0   7.2
G57A  GGN  87 273   641    38   0.9   9.5   6.3
G57A H61A 104 286   250    39   9.6   9.7  11.1
G57A H62A 100 282   308    39   0.9  12.4  10.4
G57A H63A  95 279   394    39   2.9   6.8   7.7
G57A H64A  94 278   458    39   3.9   4.9   5.2
G57A  HAL  89 277   901    31   5.2   7.0   5.8
G57A HANN  79 265   648    38   2.8   9.8   8.3
G57A I57A 203  22   140    39  15.4   4.4  11.1
G57A I60A 135 317   194    39   7.5  15.0  13.7
G57A I62A 114 296   321    39   7.1  15.0  16.0
G57A I63A 107 290   369    39   6.4  10.2  11.7
G57A I64A 105 289   445    39   5.2  10.1   8.4
G57A J59A 168 348   186    39  10.6   9.9  15.2
G57A J62A 128 311   328    39  12.2  12.1  15.5
G57A J63A 122 304   372    39   5.3  16.7  15.1
G57A JOSY  94 281   717    28   4.6   4.4   7.7
G57A K60A 162 343   290    31  10.9   2.7   9.2
G57A K62A 140 322   350    39   3.6  10.3  11.7
G57A L63A 142 324   452    39   2.3  10.7  11.1
G57A L65A 129 312   525    39  12.9  15.2  15.0
G57A LATQ  33 215   305    39  10.9   8.1   9.1
G57A LSQQ 342 160   465    39  12.4   5.6   6.7
G57A M66A 136 319   581    39   0.2   4.8   3.7
G57A N62A 165 346   480    39   0.4   8.2   5.6
G57A NATG  53 242  1078    31   5.9   9.3   9.1
G57A PLVO 268  87   165    39  24.2   7.3  17.8
G57A QM16  86 271   553    39   4.5   1.6   0.5
G57A QM50  33 216   446    39   5.5   2.8   3.5
G57A QM60  15 196   469    39   1.3   3.1   3.5
G57A SUSY  81 268   751    39   2.6  10.7   9.6
G57A  WES 134 317   422    39   5.5  14.0  13.8
G57A WODY  86 274   812    39   0.1  10.1   7.7
G59A G61A  80 261   132    45   9.9  16.5  15.3
G59A G62A  85 267   209    45   5.7  10.7  11.5
G59A G63A  88 270   280    45   2.4   9.4   7.8
G59A  GGN  87 272   499    44   1.4  13.8  11.2
G59A H61A 122 302   117    45  17.8  15.5  17.8
G59A H62A 109 290   170    45  13.7  13.4  15.8
G59A H65A  95 278   392    45   7.4  10.0  11.3
G59A  HAL  90 277   759    37   0.2   5.3   2.5
G59A HANN  78 262   509    44   3.9   7.0   6.8
G59A HOLY  71 255   546    45   7.3   6.9   6.6
G59A I57A 238  56   234    45   9.6   2.2  12.0
G59A I60A 184   4   138    45  13.2   7.1   7.1
G59A I62A 132 313   199    45  13.9  14.9  17.4
G59A I63A 118 300   236    45   3.7  13.6  14.4
G59A I64A 113 296   310    45   2.6  12.9   9.5
G59A J59A 211  30   208    45  13.4   7.7  15.9
G59A J62A 152 332   233    45  14.3   6.2  11.3
G59A J63A 139 321   261    45   2.6   9.8  10.0
G59A K60A 192  11   280    31   4.1   7.8   6.1
G59A K62A 164 345   279    45  11.0   7.2  12.3
G59A L63A 160 341   379    45   7.5   3.6   8.1
G59A L65A 142 324   423    45   3.5   7.3   7.8
G59A LATQ   7 187   258    45   5.7   6.5   7.4
G59A  LMN  80 266   660    39   0.1   5.1   5.0
G59A M66A 149 331   491    45   3.1   3.5   4.3
G59A MALY  81 268   772    45   1.7   8.8   7.4
G59A N62A 183   3   462    45   0.6   1.6   4.8
G59A NATG  50 237   969    31   0.3   2.5   0.7
G59A PLVO 271  88   307    45  10.3   1.5  11.7
G59A QM16  86 270   411    45   0.5   1.4   2.5
G59A QM38  31 213   339    45   3.6   7.0   7.2
G59A QM50  17 198   388    45   0.0   6.7   4.8
G59A QM60 359 178   455    45   3.3   1.5   4.9
G59A QMM5  25 209   719    32   1.5   0.1   2.3
G59A SHEY  86 274   880    45   1.7   6.5   6.5
G59A SUSY  81 266   611    45   3.1   5.1   5.9
G59A VLDQ 316 133   492    45   8.1  10.4  13.6
G59A  WES 153 334   335    45   5.0   2.1  13.7
G59A WODY  87 273   670    45   1.6   8.1   6.3
G61A G62A  95 276    78    59  13.3  20.2  18.8
G61A G63A  96 278   151    59   3.4  15.3  11.9
G61A  GGN  91 274   369    58   1.9   9.6   7.8
G61A H61A 201  20    90    59  20.2   5.6   8.4
G61A H62A 159 340    84    59  10.9  14.6  12.5
G61A H63A 120 301   136    59  12.1  13.3  15.2
G61A H64A 111 292   195    59  16.0  12.1  18.4
G61A H65A 103 285   267    59   9.3  11.8  12.1
G61A  HAL  94 279   630    51   4.1   7.0   6.4
G61A HANN  78 262   377    58   9.2  13.0  14.5
G61A HOLY  69 252   416    59   3.8  10.5   8.8
G61A I60A 222  41   213    59   8.4   8.2   8.4
G61A I62A 174 355   157    59   8.0  12.3   9.2
G61A I63A 151 332   156    59  19.9  19.1  23.1
G61A I64A 135 316   213    59   9.0  19.2  13.3
G61A J59A 231  49   312    59  10.5   7.0   6.0
G61A J63A 171 351   225    59   4.6   6.9   7.4
G61A JOSY 103 286   451    48   0.8  10.9   6.1
G61A K60A 213  32   352    31   4.0   2.5   5.7
G61A K62A 191  11   296    59   8.1   2.8   9.4
G61A L65A 161 342   380    59   7.5  10.1  13.3
G61A LATQ 338 157   253    59   7.1   8.6   8.7
G61A LSQQ 317 133   589    59   8.6  10.4  12.9
G61A M66A 165 346   461    59   5.2   6.5   5.7
G61A MALY  82 268   641    59   0.9  14.5  10.3
G61A NATG  46 233   857    31   5.3   3.9   5.1
G61A PLVO 268  84   437    59  17.0   5.0  12.2
G61A QM16  90 273   281    59   1.6  11.9   9.5
G61A QM38  11 191   271    59   3.2   5.0  11.1
G61A QM50 358 178   348    57   6.3   1.0   6.3
G61A VLDQ 306 122   575    52  12.5  10.3  12.8
G61A  WES 177 357   322    59   4.2   8.8  14.6
G61A WODY  90 275   540    59   3.2   9.7  10.0
G62A G63A  99 279    73    62  18.1  25.6  20.9
G62A  GBN  85 271   707    62   5.3  14.6  15.7
G62A  GGN  91 274   290    61   2.6  11.5  16.2
G62A H61A 235  55   135    62  18.8   4.2  16.9
G62A H62A 215  34    87    62  13.3  12.5  18.1
G62A H63A 147 328    73    62  16.1  11.9  17.0
G62A H64A 121 302   122    62  18.6  10.9  13.7
G62A H65A 107 289   189    62   9.3  15.0  13.6
G62A  HAL  94 279   552    54   2.9   3.6   4.2
G62A HANN  75 257   303    61  14.8  17.5  20.4
G62A HOLY  64 247   348    62   4.8  12.5   9.4
G62A I57A 253  69   431    62  14.7   5.1  14.5
G62A I62A 203  23   162    62  16.2   1.0  16.0
G62A I63A 182   2   130    62  12.6  11.9  13.0
G62A I64A 153 334   161    62  10.3  16.6  14.1
G62A  ICQ  26 208   538    62   4.0   7.7   4.5
G62A J59A 240  57   372    62   9.2   4.1   7.2
G62A J62A 205  24   244    62   2.9   5.1  13.3
G62A J63A 192  11   220    62   9.5   6.2  11.2
G62A JOSY 105 288   373    51   3.3   9.1   8.3
G62A K60A 224  42   395    31   3.7   2.3   8.3
G62A K62A 206  25   315    62   7.0   3.3   5.7
G62A L63A 194  13   383    62   2.8   0.8   0.7
G62A LATQ 325 143   297    62   5.3   9.1  16.3
G62A  LMN  79 263   453    56   1.8  14.8  13.5
G62A LSQQ 313 129   649    62  13.2  10.5  13.5
G62A M66A 176 356   441    62   2.8   2.8   3.6
G62A MALY  81 266   564    62   3.5  15.7  14.5
G62A N62A 208  26   533    62  10.2   3.9   7.6
G62A NATG  43 229   807    31   0.6   5.1   3.2
G62A PLVO 270  85   515    62  11.9   2.9   8.9
G62A QM16  89 271   203    62   3.1  10.4   8.8
G62A QM38 355 175   274    62   7.4   2.4   4.7
G62A QM50 347 166   365    57   3.2   8.9   8.7
G62A QM60 335 153   488    55   3.1   2.6   2.9
G62A QMM5  11 192   639    32   2.9   4.2   6.5
G62A SHEY  88 274   672    62   4.2   8.6   8.8
G62A SUSY  80 264   403    62   6.2  15.5  14.2
G62A VLDQ 303 118   643    52  11.0   3.7   9.4
G62A  WES 192  11   321    62   6.2   6.1  12.6
G62A WODY  90 274   462    62   1.8  10.8   8.9
G63A  GBN  84 270   637    62   1.6  13.1  11.1
G63A  GGN  89 271   218    61   7.8  18.5  16.0
G63A H61A 251  69   194    62  19.3  17.6  21.9
G63A H62A 244  63   136    62  18.0  10.2  21.4
G63A H63A 213  33    60    62   6.6  14.6   7.9
G63A H64A 149 329    61    62   9.4  14.5  12.4
G63A H65A 113 294   118    62   9.4  22.3  21.2
G63A  HAL  94 278   479    54   4.8   9.5   7.8
G63A HANN  68 250   239    61   5.4  23.3  17.0
G63A I57A 257  73   498    62  13.6   2.1  13.4
G63A I60A 246  63   325    62   8.9   4.4   8.9
G63A I62A 225  44   194    62   7.9   1.3   6.2
G63A I63A 213  33   141    62   7.4   6.2  10.7
G63A I64A 181   1   133    62  19.3  13.1  13.9
G63A J59A 247  63   431    62   8.0   8.4  11.7
G63A J62A 221  39   274    62   8.3  10.1   9.1
G63A J63A 210  29   235    62   7.3   9.2   9.5
G63A JOSY 107 290   301    51   5.3   7.7   8.5
G63A L63A 205  23   395    62   5.7   5.5   7.3
G63A L65A 186   6   345    62   4.1   3.5   8.8
G63A LATQ 317 135   351    62  11.4   9.9  11.3
G63A  LMN  76 259   385    56  11.8  13.7  13.9
G63A LSQQ 311 125   710    62   9.7   3.6   7.6
G63A MALY  79 263   496    62   7.5  15.0  13.5
G63A N62A 215  33   561    62   8.0   0.7  10.1
G63A NATG  39 224   769    31   4.4   4.4   8.1
G63A PLVO 272  87   587    62  16.5   3.5  13.8
G63A QM16  85 266   132    62  10.6  10.2  14.8
G63A QM38 342 161   300    62  11.2  11.4  13.9
G63A QM50 338 156   398    57   5.4   9.2   9.9
G63A QMM5   5 186   640    32   1.7   6.7   5.3
G63A SHEY  87 273   600    62   2.9  12.4  14.8
G63A SUSY  77 260   334    62   8.9  20.1  17.2
G63A VLDQ 302 116   710    52  12.4   6.0  14.2
G63A  WES 205  24   333    62   5.5   3.6   8.4
G63A WODY  89 272   390    62   7.5  11.6  12.3
 GBN  GGN 267  84   419    61  13.4   2.2  11.4
 GBN H61A 267  80   827    62  11.9   2.6  11.9
 GBN H62A 266  80   766    62  13.8   6.7  13.1
 GBN H63A 266  80   676    62   7.3   0.5   5.1
 GBN H64A 265  79   613    62  10.2   2.2   8.9
 GBN H65A 264  79   536    62  11.9   0.8   8.0
 GBN  HAL 243  62   185    54  10.9   3.2  17.2
 GBN HANN 279  95   413    61   8.0   2.6   5.9
 GBN I57A 267  77  1132    62  11.9   1.6   9.9
 GBN I60A 264  75   950    62  13.0   3.0   8.5
 GBN I63A 261  75   734    62   6.5   2.4   4.9
 GBN I64A 258  73   665    62   5.4   4.8   4.4
 GBN  ICQ 319 134   630    62   7.0   3.3   6.1
 GBN J59A 263  74  1055    62  11.1   4.1  12.0
 GBN J62A 257  70   856    62   9.6   2.3   8.0
 GBN J63A 256  69   798    62   8.5   0.6   7.3
 GBN K60A 257  68  1038    31   7.0   2.4   6.1
 GBN K62A 254  67   911    62   5.8   1.0   3.4
 GBN L63A 248  61   904    62   2.4   2.0   2.7
 GBN L65A 244  58   783    62   4.9   0.3   2.0
 GBN LATQ 288 100   893    62   5.3   0.1   3.0
 GBN  LMN 282 100   262    56  16.1   2.3  13.3
 GBN LSQQ 295 103  1237    62   9.0   0.6   6.4
 GBN MALY 287 106   150    62  16.3  12.0  16.5
 GBN NATG 350 169   551    31   3.1   8.3   7.6
 GBN PLVO 274  83  1221    62   9.3   4.9   8.6
 GBN QM38 293 106   759    62  10.1   2.0   6.1
 GBN QM50 297 110   841    57  11.1   3.9  12.0
 GBN QM60 299 111   986    55   3.0   2.6   3.0
 GBN SHEY 231  50    48    62  15.9   7.7  16.0
 GBN SUSY 278  95   308    62  16.7   1.5  12.8
 GBN VLDQ 290  98  1275    52   4.8   0.7   3.2
 GBN  WES 250  64   856    62   5.3   1.0   3.4
 GBN WODY 263  81   250    62  18.1   2.7  18.7
 GGN H61A 262  79   408    61  14.6   1.3  11.9
 GGN H63A 260  78   257    61  16.1   5.5  17.9
 GGN H64A 255  73   195    61  21.1  10.4  17.7
 GGN H65A 248  67   120    61  21.0   9.4  22.5
 GGN  HAL 101 283   262    54   0.1  16.8  10.7
 GGN HANN   4 184    85    61  11.1  17.3  21.0
 GGN HOLY  10 191   159    61  10.0  17.8  15.1
 GGN I57A 263  76   713    61  14.5   9.1  14.7
 GGN I60A 257  72   532    61  12.1   6.3  12.8
 GGN I63A 250  67   320    61  11.1   5.1   9.2
 GGN I64A 240  58   259    61  10.6  10.6  11.4
 GGN  ICQ 356 176   491    61   3.9   6.3   7.1
 GGN J59A 256  71   638    61  13.2   2.7  13.6
 GGN J62A 244  60   450    61   6.9   6.5  10.5
 GGN J63A 240  57   395    61   7.8   6.9   8.3
 GGN JOSY 145 326   116    50  14.8  19.1  22.6
 GGN K60A 246  61   631    30   3.7   1.0   4.0
 GGN K62A 240  56   512    61   4.1   6.9   2.0
 GGN L63A 228  45   529    61   0.1   1.4   1.2
 GGN L65A 218  36   430    61   6.5   3.9   7.3
 GGN LATQ 301 117   522    61  12.6   6.1  12.6
 GGN  LMN  62 244   179    55   4.5  14.4  15.3
 GGN LSQQ 303 116   885    61  10.4   4.0   9.1
 GGN MALY  73 256   283    61   4.7  15.1  11.1
 GGN N62A 232  47   712    61   3.7   3.9   4.6
 GGN NATG  26 209   649    30   1.4   5.6   2.5
 GGN PLVO 273  86   805    61   9.8   1.1   6.9
 GGN QM16 277  96    88    61  14.6   8.1  12.5
 GGN QM38 314 131   419    61  11.0   2.9   8.8
 GGN QM50 317 133   519    56   8.4   3.7  10.6
 GGN QM60 315 130   667    54   6.8   4.5   7.8
 GGN QMM5 348 166   653    31   3.1   2.1   1.9
 GGN SHEY  88 271   382    61   4.3  12.9  16.0
 GGN SUSY  58 239   129    61   6.7  19.6  17.7
 GGN VLDQ 296 108   902    51   9.2   5.7   9.4
H61A H62A  85 265    62    62  15.0  20.7  23.8
H61A H63A  84 265   151    62   9.5  16.0  16.9
H61A H64A  86 267   215    62   8.8  15.6  13.5
H61A H65A  85 268   293    62   2.4  22.0  20.6
H61A  HAL  86 272   662    54   1.9  14.1  10.0
H61A HOLY  61 244   481    62   1.9   6.1   5.5
H61A I57A 259  76   305    62  18.9   2.5  14.4
H61A I60A 236  55   133    62  17.2   4.1  20.1
H61A I62A 147 327    86    62  16.3  20.3  25.7
H61A I63A 116 297   120    62  14.6  20.4  21.4
H61A I64A 109 291   195    62  10.9  20.0  16.3
H61A J59A 241  59   238    62   9.7   3.3   8.0
H61A J62A 176 356   144    62  11.7   8.9  17.0
H61A J63A 153 334   154    62  10.6   8.8  14.8
H61A JOSY  91 276   472    51   4.3  10.5   9.9
H61A K60A 217  36   265    31  10.2   8.0  16.0
H61A K62A 187   7   208    62   2.0   2.0   2.2
H61A L63A 175 355   297    62   5.2   8.7  12.9
H61A L65A 151 332   316    62  11.0   8.1  12.3
H61A LATQ 349 168   325    62   8.0   2.8   5.7
H61A  LMN  73 258   579    56   3.6  14.5  12.0
H61A LSQQ 324 141   634    62   4.2   6.3  10.1
H61A MALY  75 261   688    62   1.0   8.7   9.5
H61A N62A 198  17   419    62   5.6   2.3   8.1
H61A NATG  44 230   939    31   1.3   5.8   5.9
H61A PLVO 280  96   411    62   8.4   5.8   7.8
H61A QM16  75 258   323    62   3.8   6.7   7.2
H61A QMM5  17 200   741    32   3.4   6.4   7.8
H61A SHEY  82 269   789    62   1.0  11.7   8.5
H61A VLDQ 314 130   606    52   8.9  11.3  14.5
H61A  WES 168 349   243    62   7.1   8.3   8.8
H61A WODY  81 266   578    62   3.1  12.4  13.6
H62A H63A  83 264    89    62   7.2   9.9   8.8
H62A H65A  86 268   231    62   0.6  14.7  13.8
H62A  HAL  87 272   600    54   0.8  11.8   9.2
H62A HOLY  58 241   426    62   4.7   4.1   1.5
H62A I57A 260  77   367    62  13.4  10.2  12.4
H62A I60A 245  64   189    62  17.8   2.9  13.4
H62A I62A 191  10    79    62  14.1  14.4  15.4
H62A I63A 142 322    74    62  19.7  14.9  20.3
H62A I64A 120 301   142    62   5.0  20.0  12.9
H62A  ICQ  27 210   624    62   7.7   4.7   2.2
H62A J59A 246  64   295    62  14.0   6.8  14.4
H62A J62A 200  19   159    62  11.8   3.2  12.7
H62A J63A 177 358   144    62  11.4   5.8   8.9
H62A JOSY  93 277   411    51   2.1  10.8   6.0
H62A K60A 226  44   310    31   6.5   0.0   3.4
H62A K62A 203  22   229    62  11.8  13.3  17.4
H62A L63A 187   7   303    62   0.4   9.7   9.2
H62A L65A 162 343   297    62   5.6   7.9  13.8
H62A LATQ 339 157   337    62   6.5   7.2   7.4
H62A LSQQ 320 136   667    62  10.4   6.8  10.8
H62A N62A 206  24   447    62   4.2   1.0   3.8
H62A NATG  42 228   893    31   1.0   6.0   4.6
H62A PLVO 278  94   471    62  13.4   4.8  11.0
H62A QM16  73 256   263    62   3.7  12.2   9.6
H62A QM38   4 184   345    62   8.2   6.2  11.4
H62A QM50 355 175   428    57   4.7   3.9   7.2
H62A QMM5  13 195   719    32   0.8   1.2   1.7
H62A SUSY  72 256   468    62   2.4  14.2  11.0
H62A VLDQ 311 126   647    52  15.6   4.1  12.9
H62A WODY  81 266   517    62   6.8  12.2  12.3
H63A H64A  92 272    65    62  18.5  17.9  24.0
H63A H65A  88 269   142    62   7.4  10.3   9.8
H63A  HAL  88 273   511    54   6.1   9.7   8.4
H63A HANN  61 243   290    61   7.9  12.4  20.3
H63A I57A 262  78   456    62  14.8   9.3  16.9
H63A I60A 252  70   275    62  20.8   1.2  12.7
H63A I62A 230  49   136    62  12.6   3.9  10.3
H63A I63A 213  32    81    62  15.0  12.6  17.4
H63A I64A 159 339    88    62  22.9  21.5  24.4
H63A  ICQ  20 202   580    62   0.5   5.5   2.4
H63A J59A 251  68   382    62  12.4   7.6  15.7
H63A J62A 222  41   214    62   4.8   9.2  11.6
H63A J63A 209  28   175    62  11.7   1.9   7.1
H63A K62A 219  38   284    62   2.1   5.5   3.1
H63A L63A 203  22   336    62   4.4   9.6   6.5
H63A L65A 180   0   292    62   2.3   6.8   6.0
H63A LATQ 326 144   370    62   8.9  10.8  10.8
H63A  LMN  70 254   431    56   2.8  11.8  14.8
H63A LSQQ 315 130   720    62  10.6   5.0  13.0
H63A N62A 215  33   500    62   6.7   0.4   9.7
H63A QM16  69 250   175    62   7.6  15.5  16.0
H63A QM38 350 169   341    62   5.3   7.2   6.3
H63A QM50 344 163   435    57   0.5   4.8   2.7
H63A QM60 335 152   560    55   0.8   5.2   4.2
H63A SUSY  70 254   380    62   7.2   7.8   9.8
H63A VLDQ 306 121   711    52  10.1   9.2  13.1
H63A  WES 203  22   273    62   2.3   2.9   9.8
H63A WODY  82 265   427    62   2.9  15.5  12.5
H64A H65A  85 266    77    62   9.5  14.7  12.1
H64A  HAL  88 272   447    54   4.1  12.0  12.5
H64A HANN  54 235   237    61  13.8   8.5  14.0
H64A HOLY  45 227   300    62  11.8   8.6  11.3
H64A I57A 264  79   520    62  17.8   3.2  15.0
H64A I60A 256  73   337    62  15.6   6.2  17.4
H64A I63A 239  58   127    62  12.4   2.6  13.4
H64A I64A 203  22    87    62   7.8  13.6  10.0
H64A  ICQ  15 196   562    62   7.4   7.2   6.5
H64A J59A 255  71   443    62  10.8   5.9  10.8
H64A J62A 234  52   261    62  11.6   0.3   5.1
H64A J63A 225  44   212    62  11.8  12.4  14.1
H64A JOSY  98 280   259    51   8.6  14.2  13.3
H64A K60A 241  58   439    31   3.4   5.5   2.4
H64A K62A 229  47   328    62   9.7   2.0   8.1
H64A LATQ 319 137   411    62  12.1   9.5  12.6
H64A  LMN  67 250   372    56   5.3  13.5  13.1
H64A LSQQ 312 127   768    62   8.2   4.8   9.6
H64A MALY  72 257   478    62   2.7   9.8  11.1
H64A N62A 222  39   539    62   1.1   0.7   0.8
H64A NATG  35 220   792    31   0.8   1.1   1.3
H64A QM16  57 238   118    62   3.6  13.9   9.8
H64A QM38 340 159   360    62   7.2   5.8   7.2
H64A QM50 337 155   459    57   0.8  12.9  12.2
H64A QMM5   2 183   690    32   0.6   6.3   5.0
H64A SHEY  82 267   574    62   5.2  13.7  13.2
H64A SUSY  67 249   321    62   0.8  11.8  11.3
H64A VLDQ 304 118   765    52  15.3   4.5  14.1
H65A  HAL  89 273   369    54   9.2  14.0  15.4
H65A I57A 264  79   597    62  16.2   1.4  14.0
H65A I60A 259  75   414    62  11.5   1.4   8.5
H65A I62A 251  69   263    62  10.7   1.7   9.0
H65A I63A 250  68   199    62  15.3   8.2  15.1
H65A I64A 233  52   140    62  11.4   8.7  18.2
H65A J59A 257  73   519    62  11.7   5.9  10.6
H65A J62A 242  59   329    62   6.0  11.7   9.8
H65A J63A 236  54   276    62   3.7   3.5   5.1
H65A JOSY 104 286   184    51   6.6  15.3  12.9
H65A K62A 236  54   393    62   0.1   4.5   3.8
H65A L65A 207  26   330    62   2.0   4.4   2.3
H65A LATQ 312 129   461    62  16.4   7.1  15.1
H65A LSQQ 309 123   823    62   8.2   4.8   9.7
H65A MALY  71 254   403    62   2.5  10.3  14.1
H65A NATG  31 215   744    31   2.6   3.6   6.3
H65A PLVO 276  90   698    62  10.9   4.5   9.6
H65A QM16  22 202    62    62  17.6   7.3   6.8
H65A QM38 330 148   387    62   5.5  16.0   4.7
H65A QM50 329 146   489    57   7.4  12.1  11.2
H65A SHEY  82 267   497    62   5.9  15.1  14.7
H65A SUSY  62 244   249    62   5.2  15.2  17.7
H65A VLDQ 301 114   827    52  12.8   6.2  12.2
H65A WODY  80 262   287    62   3.9  12.6  15.7
 HAL HANN 300 118   285    54  18.8   4.0  16.9
 HAL HOLY 314 132   307    54  15.9  13.7  19.6
 HAL I57A 270  81   966    54   8.9   1.7   8.7
 HAL I62A 265  80   624    54  13.1   1.1   8.6
 HAL I63A 266  81   561    54  13.0   5.2  10.4
 HAL I64A 263  79   489    54   8.6   6.5   8.8
 HAL  ICQ 334 151   611    54   2.7   8.5   9.2
 HAL J59A 265  78   884    54  11.8   0.7  10.0
 HAL J62A 260  74   678    54  11.6   5.8  10.0
 HAL J63A 259  73   619    54  12.5   2.5  11.0
 HAL JOSY 259  77   197    43  14.4  12.3  17.2
 HAL K60A 258  71   860    25   7.9   4.7   8.1
 HAL K62A 256  70   731    54   4.6   4.0   5.0
 HAL LATQ 296 110   774    54   6.1   8.1   7.5
 HAL  LMN 325 144   165    49  10.3  19.2  15.4
 HAL LSQQ 300 111  1131    54  10.9   3.5  10.4
 HAL M66A 237  53   652    54   6.2   5.4   8.5
 HAL MALY   8 188   130    54   8.8  16.6  18.0
 HAL N62A 246  60   906    54   3.3   2.1   1.1
 HAL NATG   5 186   631    25   6.1   3.1   2.2
 HAL PLVO 277  88  1066    54   3.4   0.6   3.5
 HAL QM16 282  99   350    54   5.6   2.6   3.2
 HAL QM50 307 121   747    49  10.8   4.1  10.0
 HAL QM60 308 121   896    47   5.1   3.5   6.7
 HAL QMM5 332 149   792    26   5.1   0.5   3.9
 HAL SHEY  66 247   138    54  13.0  18.3  22.6
 HAL SUSY 310 129   188    54  12.5   3.1  17.7
 HAL VLDQ 295 105  1156    44   1.0   3.8   1.2
 HAL WODY 302 121    99    54  20.0   9.4  17.1
HANN HOLY  18 198    75    61  13.5   9.7  13.3
HANN I60A 249  64   563    61   8.3   1.9   8.3
HANN I62A 240  57   424    61   5.5   4.4   1.9
HANN I63A 237  55   363    61   6.2   4.4   6.4
HANN I64A 227  45   314    61   6.6   7.0  11.3
HANN  ICQ 355 174   407    61   3.4   4.3   5.6
HANN J59A 249  64   669    61   4.2   4.1   6.0
HANN J63A 231  48   448    61   4.2   2.8   1.9
HANN K60A 240  55   674    30   0.3   2.6   2.9
HANN K62A 233  49   564    61   8.2   5.2  10.4
HANN L63A 223  39   592    61   5.6   2.1   8.1
HANN L65A 213  31   503    61   4.8   4.3   2.4
HANN LATQ 292 108   490    61  10.8   0.4  12.9
HANN  LMN  90 272   152    55  10.9  17.0  19.2
HANN LSQQ 298 111   846    61  10.8   2.3  12.3
HANN M66A 209  27   581    61   0.4   5.0   5.7
HANN MALY  91 273   265    61   3.8   7.8   9.4
HANN N62A 227  42   772    61   3.0   0.6   1.1
HANN PLVO 267  80   811    61   9.2   1.9   9.1
HANN QM16 231  51   119    61  10.3   2.0   5.3
HANN QM38 304 121   370    61  15.0   7.5  14.4
HANN QM50 309 125   465    56  13.4  12.1  15.3
HANN QMM5 345 164   572    31   1.9   5.3   2.6
HANN SHEY 101 284   383    61  11.1   8.1  10.6
HANN SUSY 100 280   105    61  13.3  18.9  22.5
HANN  WES 225  42   533    61   4.6   2.8   4.6
HANN WODY 117 299   186    61  15.2  10.9  14.5
HOLY I57A 252  65   777    62   7.6   2.3   7.6
HOLY I60A 243  59   614    62   4.7   4.9   3.4
HOLY I62A 234  51   483    62   5.0   3.4   4.6
HOLY I63A 231  48   424    62   8.0   4.6   8.3
HOLY I64A 222  40   382    62   4.7   6.9  11.3
HOLY  ICQ 350 169   339    62   6.2   3.4   5.4
HOLY J59A 245  59   719    62   9.8   1.9   8.4
HOLY J62A 231  47   559    62   1.2   2.9   2.7
HOLY J63A 227  44   513    62   4.0   1.7   2.3
HOLY JOSY 172 352   254    51  15.7   7.9  15.2
HOLY K60A 236  51   732    31   1.9   4.1   4.2
HOLY K62A 229  45   627    62   7.9   6.9  11.1
HOLY L65A 211  29   576    62   2.0   2.3   3.0
HOLY LATQ 284  99   490    62   6.7   2.4   7.5
HOLY  LMN 120 301   148    56  13.0  14.6  15.0
HOLY LSQQ 293 106   836    62  10.8   3.8   7.0
HOLY MALY 108 290   254    62   0.4  12.3   9.3
HOLY NATG  32 214   498    31   6.0   2.9   7.7
HOLY PLVO 263  75   841    62   5.9   2.4   5.5
HOLY QM16 219  38   186    62  10.4   4.5   9.9
HOLY QM38 293 109   357    62  15.8   6.7  15.9
HOLY QM60 302 117   592    55  10.3   4.8   9.3
HOLY QMM5 341 159   510    32   5.0   3.6   7.1
HOLY SHEY 112 296   381    62   1.1  13.2  14.3
HOLY SUSY 138 319   120    62  14.4  16.2  16.9
HOLY VLDQ 286  98   872    52   7.7   3.3   7.4
HOLY  WES 222  38   601    62   4.8   7.5   4.0
HOLY WODY 138 319   212    62  13.4  13.2  17.8
I57A I60A  92 274   191    62   9.2  13.1  15.5
I57A I63A  86 270   408    62   2.6  18.3  15.3
I57A I64A  88 272   484    62   2.5  12.2  14.6
I57A  ICQ  43 229   891    62   4.6   4.3   8.3
I57A J59A 119 300   107    62  14.4  14.6  18.7
I57A J62A 103 286   321    62  11.2  12.8  12.8
I57A J63A 100 283   377    62   8.0   9.0   9.9
I57A JOSY  84 271   773    51   5.1  12.9  11.2
I57A K60A 135 316   205    31  14.1   9.5  11.5
I57A K62A 116 298   312    62   8.5  19.5  15.1
I57A L63A 123 306   403    62   6.3  16.3  14.0
I57A L65A 113 297   504    62   7.5  12.5  13.1
I57A LATQ  29 211   444    62   5.7   0.5   3.4
I57A  LMN  72 260   883    56   1.6  13.1  12.4
I57A LSQQ 350 169   578    62   7.5   6.5   4.9
I57A M66A 121 305   542    62   4.7   9.9  10.6
I57A MALY  74 262   993    62   5.0   9.7  10.7
I57A N62A 151 332   380    62   9.4  13.5  18.6
I57A NATG  50 239  1201    31   1.0   0.3   0.6
I57A PLVO 318 137   166    62  12.9  11.5  13.0
I57A QM16  74 260   628    62   3.7  11.8  13.3
I57A QM38  40 224   559    62   2.1   7.0   4.6
I57A QM50  30 213   585    57   3.7   3.4   3.0
I57A QM60  16 198   608    55   0.3   3.6   2.0
I57A QMM5  32 217   925    32   2.8   1.5   1.9
I57A SHEY  78 268  1094    62   1.2   9.0   9.8
I57A SUSY  73 260   832    62   2.0  13.7  15.0
I57A VLDQ 342 160   500    52   3.1   7.3   4.3
I57A  WES 115 298   393    62   7.6  14.7  11.8
I57A WODY  78 265   883    62   3.4  15.0  14.7
I60A I62A  88 269   157    62   5.4  13.7  17.7
I60A I63A  83 265   219    62   0.1  19.1  12.4
I60A I64A  87 270   294    62   1.1  14.5  13.5
I60A  ICQ  34 218   781    62   2.3   4.0   1.4
I60A J62A 119 300   138    62  22.1  15.2  18.6
I60A J63A 109 290   190    62  10.7  14.5  13.9
I60A K60A 200  19   145    31  20.0   7.7  13.9
I60A K62A 146 327   157    62  18.5  11.1  15.9
I60A L63A 147 329   259    62  11.2   3.5   7.6
I60A L65A 126 308   332    62   5.5  20.4  13.9
I60A LATQ   6 186   395    62   9.1   2.2   8.1
I60A  LMN  69 255   707    56   1.3  12.5  10.8
I60A LSQQ 335 153   645    62   7.5   5.5   8.8
I60A M66A 137 319   387    62   9.7  10.5  11.7
I60A N62A 183   3   324    62   1.5   3.2   4.7
I60A NATG  44 232  1069    31   0.9   2.9   1.5
I60A PLVO 295 112   329    62  17.1  12.8  17.7
I60A QM16  68 252   451    62   0.9   8.5   6.4
I60A QM38  23 205   466    62   4.8   3.5   7.0
I60A QM50  13 195   523    57   6.8   7.2   8.3
I60A QM60 360 180   592    55   3.4   4.3   4.7
I60A QMM5  22 205   849    32   0.2   2.5   2.5
I60A SHEY  77 265   910    62   2.0   9.9   9.8
I60A VLDQ 326 143   594    52   7.5   7.2   9.1
I60A  WES 135 316   228    62   6.2  15.9  15.4
I60A WODY  76 262   700    62   1.4  14.3  11.2
I62A I63A  72 252    64    62  10.4  17.6  14.1
I62A I64A  87 268   137    62   6.8  18.4  15.7
I62A  ICQ  25 208   700    62   2.9   2.4   2.7
I62A J59A 261  79   260    62  14.6  10.0  16.1
I62A J62A 208  28    82    62  11.7  13.8  13.3
I62A J63A 162 343    69    62  14.8  20.6  21.6
I62A JOSY  82 266   429    51   0.6  13.3  11.0
I62A K60A 237  55   250    31   5.5   3.9   9.9
I62A K62A 209  28   153    62  15.4  14.8  21.9
I62A L65A 152 333   230    62   2.8  14.1   9.0
I62A LATQ 344 163   406    62   3.6   6.9   6.5
I62A  LMN  65 249   561    56   3.6   6.1   5.6
I62A LSQQ 325 141   721    62   7.5   5.0   7.4
I62A N62A 209  28   371    62   3.4   3.3   1.2
I62A NATG  39 225   962    31   5.4   3.0   4.3
I62A PLVO 288 104   475    62   9.2   4.0   6.6
I62A QM16  60 242   307    62   2.9  12.7   9.6
I62A QM38   5 185   424    62   6.3   0.3   3.6
I62A QM50 357 177   505    57  10.1   4.0   7.8
I62A QM60 346 165   608    55   1.6   1.6   0.6
I62A QMM5  13 195   798    32   2.6   5.8   5.7
I62A SUSY  64 248   510    62   4.2   3.3   1.7
I62A VLDQ 316 132   690    52   8.8   5.6   8.4
I62A  WES 180 360   165    62  10.7   7.5   7.7
I62A WODY  73 258   548    62   1.4  12.8  10.6
I63A I64A 101 281    77    62   6.1  21.7  17.3
I63A  ICQ  21 204   659    62   1.5   4.2   4.9
I63A J59A 260  77   323    62  15.5   5.7  13.0
I63A J62A 228  47   135    62   5.9   4.3  12.4
I63A J63A 205  25    95    62   9.1  17.6   9.1
I63A JOSY  85 268   366    51   3.2   8.9   7.5
I63A K60A 240  58   312    31  11.3   5.6  12.5
I63A K62A 222  40   204    62   6.8   9.5  12.1
I63A L63A 199  19   257    62   3.5  11.4   7.2
I63A L65A 169 349   229    62   5.4  13.0  12.5
I63A LATQ 336 154   408    62   8.1   7.7   8.5
I63A LSQQ 321 136   742    62   5.5   7.9  11.6
I63A M66A 173 353   312    62   5.7   9.0   9.9
I63A N62A 215  33   420    62   1.8   2.1   0.8
I63A NATG  38 223   909    31   0.0   7.1   4.4
I63A PLVO 284 100   528    62   6.0   0.5   4.2
I63A QM16  57 239   245    62   0.1   6.9   7.3
I63A QM38 357 177   403    62   9.8   3.1   4.5
I63A QM50 351 170   491    57   6.8   0.1   2.7
I63A QM60 341 159   607    55   2.9   2.2   2.5
I63A QMM5   9 191   767    32   1.7   6.8   3.9
I63A SHEY  77 263   693    62   3.5  12.2  10.9
I63A VLDQ 312 127   720    52  13.1   1.4   9.1
I63A  WES 198  18   195    62  17.1  12.5  19.3
I63A WODY  74 258   484    62   1.1  12.1  13.5
I64A  ICQ  15 197   648    62   0.5   3.2   0.8
I64A J59A 264  81   396    62  12.1   6.8  13.7
I64A J63A 239  58   137    62  16.6   3.0  21.7
I64A K60A 249  66   374    31  12.8   1.1   9.2
I64A K62A 237  56   253    62  11.0   1.1  13.7
I64A L63A 216  35   280    62  15.1   7.0  12.8
I64A L65A 189   9   213    62   3.9  14.0   8.2
I64A LATQ 329 146   456    62   5.9   5.7   7.8
I64A LSQQ 318 133   802    62   7.9   4.7   8.9
I64A MALY  65 249   538    62   1.3   1.9   3.1
I64A N62A 225  42   458    62   4.7   4.3   5.3
I64A QM38 348 167   428    62   7.6   5.3  12.0
I64A QM50 343 162   523    57   1.8   7.5   7.3
I64A QMM5   4 185   772    32   2.1   4.8   3.5
I64A SHEY  75 260   623    62   1.6  10.7  11.3
I64A SUSY  58 240   388    62   6.5   0.2   2.0
I64A VLDQ 310 124   787    52  11.3   7.7  11.6
I64A  WES 219  38   219    62   7.0   1.5   4.7
I64A WODY  70 253   416    62   2.7   8.9   8.2
 ICQ J59A 222  37   872    62   5.6   4.5   5.2
 ICQ J62A 208  25   782    62   7.6   1.9   7.8
 ICQ J63A 204  22   753    62   4.1   2.7   8.6
 ICQ JOSY 170 351   592    51   2.7   2.6   4.8
 ICQ K60A 216  31   922    31   1.7   2.7   3.4
 ICQ K62A 209  25   853    62   1.0   3.7   4.1
 ICQ L65A 196  14   860    62   2.1   6.9   4.3
 ICQ LATQ 242  58   472    62   6.3   1.5   4.0
 ICQ  LMN 155 336   448    56   7.5   2.4   7.9
 ICQ LSQQ 270  82   708    62   6.9   4.5   9.0
 ICQ MALY 143 326   508    62   5.6   4.2   6.2
 ICQ PLVO 240  53   892    62   2.9   1.0   4.8
 ICQ QM38 233  51   335    62   0.7   4.6   6.0
 ICQ QM50 251  67   344    57  10.8   0.3   6.7
 ICQ QM60 267  83   442    55   4.6   4.3   5.4
 ICQ QMM5 324 143   183    32  16.0  16.0  15.7
 ICQ SHEY 139 323   630    62   4.3   5.8   6.4
 ICQ SUSY 161 343   445    62   5.8   2.1   7.9
 ICQ VLDQ 263  75   783    52   7.9   2.0   7.9
 ICQ  WES 203  20   853    62   2.3   3.1   3.9
 ICQ WODY 157 339   530    62   8.1   0.3   3.4
J59A J62A  96 278   220    62   9.3  17.2  15.8
J59A J63A  93 275   278    62   2.8  19.0  14.1
J59A JOSY  80 266   688    51   5.5  11.1  12.2
J59A K60A 152 332   107    31   7.6  18.7  14.8
J59A K62A 115 296   205    62  15.6  12.5  16.7
J59A L63A 126 308   297    62  13.7  16.1  17.3
J59A L65A 112 295   398    62   9.0  12.0  14.5
J59A LATQ  17 198   456    62   0.5   6.5   9.0
J59A  LMN  68 254   813    56   2.1   9.8   7.8
J59A LSQQ 344 162   650    62   3.6   4.4   3.4
J59A M66A 123 306   435    62   8.6   8.6  14.4
J59A N62A 163 343   294    62   1.6   9.1   7.9
J59A NATG  45 234  1168    31   1.2   4.8   3.3
J59A PLVO 311 130   270    62  17.3  14.8  18.0
J59A QM16  67 252   557    62   5.0  13.3   9.0
J59A QM38  30 213   548    62   9.4   4.7   8.7
J59A QM50  21 203   592    57   3.8   6.8   6.0
J59A QM60   8 189   640    55   2.1   0.4   2.5
J59A QMM5  26 210   927    32   0.8   6.0   2.8
J59A SUSY  68 254   762    62   3.4   8.2   6.1
J59A VLDQ 335 153   583    52   6.5   7.7   9.0
J59A  WES 114 296   286    62   9.5   9.4  13.9
J59A WODY  74 260   806    62   4.4  11.2   9.8
J62A J63A  84 265    60    62  14.8  24.5  22.4
J62A JOSY  74 258   481    51   3.1  15.6  13.9
J62A K60A 249  68   183    31  15.5   4.2  14.1
J62A K62A 209  29    71    62  12.9  15.1  11.3
J62A L63A 174 354   152    62  13.3   7.9  13.6
J62A L65A 132 313   196    62  16.0  13.4  15.5
J62A LATQ 351 170   468    62   2.7   6.8   3.2
J62A  LMN  60 245   628    56   0.0   6.5   7.1
J62A LSQQ 330 146   761    62  14.0   5.4  11.8
J62A M66A 147 328   259    62   6.7   1.4   5.1
J62A MALY  64 250   730    62   4.2   4.1   4.0
J62A N62A 209  28   289    62   2.7   5.4  12.3
J62A NATG  38 225  1042    31   3.1   5.3   6.8
J62A PLVO 297 114   467    62  13.1  10.7  13.6
J62A QM50   1 181   576    57   7.7   3.8   5.5
J62A QMM5  14 196   877    32   0.1   1.5   1.1
J62A SHEY  72 258   813    62   4.8  11.6  10.1
J62A SUSY  59 244   578    62   6.2   1.8   3.0
J62A VLDQ 322 138   720    52   4.5   9.4   8.8
J62A  WES 157 337   102    62  14.0  11.4  11.8
J62A WODY  68 253   608    62   3.1   4.4   7.6
J63A JOSY  73 257   422    51   1.6  11.7  14.5
J63A K62A 235  54   116    62  14.4   1.0  10.5
J63A L63A 196  15   163    62   4.8   8.0  12.4
J63A L65A 148 329   162    62  14.0  12.3  14.0
J63A LATQ 344 163   475    62   3.7   6.5  10.1
J63A  LMN  58 242   574    56   5.1   2.2   6.7
J63A LSQQ 327 142   787    62   9.1   6.9   6.8
J63A M66A 161 341   237    62   7.1   8.2   9.0
J63A MALY  63 248   674    62   3.0   8.2   6.3
J63A N62A 218  36   327    62  14.6   5.6  14.2
J63A NATG  36 222  1001    31   3.6   1.8   2.4
J63A PLVO 294 110   518    62  11.4  13.6  12.3
J63A QM16  48 230   329    62   1.6   6.0   4.3
J63A QM38   2 182   489    62   5.5   2.6   1.6
J63A QM50 356 175   572    57   4.9   9.5   7.2
J63A QM60 346 164   677    55   5.0   4.2   0.4
J63A QMM5  11 192   859    32   4.1   2.2   5.6
J63A SUSY  57 241   524    62   2.6   0.8   4.0
J63A VLDQ 319 134   753    52   7.1   7.5  10.1
J63A  WES 191  11   101    62  17.4   7.4  14.0
J63A WODY  66 251   551    62   3.3   4.6   5.2
JOSY K60A 257  71   663    20  11.9   5.7  14.2
JOSY K62A 253  68   534    51  12.8   7.5  14.1
JOSY L63A 242  58   528    51   7.5   1.4   5.3
JOSY L65A 234  52   412    51   3.8   4.2   7.1
JOSY LATQ 306 121   630    51  10.7   4.0  13.1
JOSY  LMN  28 209   201    47  10.7   7.2  11.7
JOSY MALY  50 232   270    51   2.6   1.6   2.9
JOSY NATG  19 201   712    20   5.7   4.4   3.3
JOSY PLVO 279  92   881    51   9.0   3.3   6.9
JOSY QM16 305 124   186    51  19.3  10.2  18.7
JOSY QM38 317 134   533    51  14.0   3.0   9.5
JOSY QM50 319 135   633    46   7.0   7.7   8.2
JOSY QM60 317 132   781    44   5.5   5.8   9.0
JOSY QMM5 345 163   761    21   2.8   0.6   2.1
JOSY SHEY  72 255   333    51   5.7  12.6  12.9
JOSY SUSY  16 196   168    51   4.3   9.2   7.4
JOSY VLDQ 300 111  1004    41   8.5   6.0   9.9
JOSY  WES 246  62   478    51   8.4   5.8   9.6
JOSY WODY  49 230   142    51   6.1   6.7  14.1
K60A K62A  87 268   136    31   3.8  16.8  16.5
K60A L63A 113 295   206    31   8.9  11.7  10.9
K60A L65A 100 283   323    31   6.7   2.9  10.3
K60A  LMN  61 247   809    25   1.6   2.9   2.3
K60A N62A 169 350   190    31   6.3   5.8   8.6
K60A NATG  41 229  1202    31   1.7   2.4   2.5
K60A PLVO 317 135   372    31   5.2   3.4   5.7
K60A QM50  14 196   667    31   4.7   9.4   8.6
K60A QMM5  21 205   993    31   0.4   1.8   1.4
K60A SHEY  70 258   996    31   5.9   8.8   8.9
K60A VLDQ 335 153   689    31   3.5   4.5   4.9
K60A  WES  96 278   213    31   5.5   7.4   8.6
K60A WODY  66 253   791    31   3.0   8.8   6.9
K62A L63A 150 330   103    62  17.7  19.7  19.4
K62A L65A 111 292   193    62   8.6  21.0  16.2
K62A LATQ 355 175   526    62   5.8   2.4   3.9
K62A  LMN  57 242   691    56   5.9   7.2   7.9
K62A LSQQ 334 151   800    62   5.7   7.0   6.5
K62A M66A 131 313   234    62  13.4  10.2  12.5
K62A MALY  61 247   789    62   0.8   4.7   5.3
K62A N62A 208  28   218    62  14.0   7.9  19.1
K62A PLVO 306 122   470    62  17.5  11.8  17.0
K62A QMM5  15 197   946    32   4.7   4.0   6.1
K62A SHEY  68 255   867    62   1.5   5.7   6.3
K62A SUSY  56 240   641    62   3.3   3.3   2.1
K62A VLDQ 327 143   750    52   1.3   7.5   6.3
K62A  WES 112 293    81    62   9.5  19.1  28.0
K62A WODY  63 249   665    62   2.3   2.7   2.2
L63A L65A  81 262   130    62   4.4  18.6  14.8
L63A LATQ 352 171   620    62   8.6   5.4   8.5
L63A  LMN  49 233   704    56   1.9   6.4   3.5
L63A LSQQ 334 150   903    62   8.0   4.0   8.5
L63A M66A 118 299   140    62  11.9  15.6  16.1
L63A MALY  54 240   794    62   4.1   2.9   1.5
L63A N62A 237  56   187    62  13.5   2.9  10.1
L63A PLVO 310 127   566    62  13.8   7.3  12.1
L63A QM16  37 220   475    62   1.0   7.6   1.8
L63A QM38   5 186   649    62   2.9   4.6   3.2
L63A QM50 360 180   727    57   3.9   4.3   5.2
L63A QM60 351 170   823    55   0.6   3.0   0.8
L63A QMM5  11 193  1021    32   2.4   5.3   4.9
L63A VLDQ 328 143   853    52   3.6   3.8   2.2
L63A  WES  22 202    63    62   8.3   6.0   7.0
L65A LATQ 341 159   633    62   4.2   6.4   6.5
L65A  LMN  43 227   598    56   4.1   3.5   4.5
L65A LSQQ 328 143   949    62   8.8   7.8   9.3
L65A M66A 185   5    86    62  17.5   0.0   7.0
L65A MALY  50 234   681    62   3.6   3.4   6.1
L65A N62A 248  66   310    62  13.3   6.6  14.7
L65A NATG  29 214  1074    31   4.9   3.5   2.3
L65A PLVO 303 118   658    62   7.6   7.4  10.1
L65A QM16  25 206   392    62   3.9   1.4   5.4
L65A QM50 350 169   720    57   5.5   3.5   3.3
L65A QM60 343 161   834    55   0.7   2.3   3.4
L65A SHEY  59 245   737    62   0.7   0.0   0.7
L65A SUSY  41 224   553    62   3.6   3.6   4.6
L65A VLDQ 321 136   914    52   4.1   4.2   5.6
L65A  WES 291 110   112    62  21.1   7.9  19.7
LATQ  LMN 103 288   634    56   4.4   6.1   6.2
LATQ LSQQ 302 119   363    62  13.3   6.0  17.5
LATQ M66A 162 344   712    62   1.7   1.4   1.7
LATQ MALY 100 287   743    62   4.3  10.4   9.4
LATQ N62A 185   4   719    62   2.5   5.0   3.7
LATQ PLVO 233  50   421    62   7.9   6.8   6.8
LATQ QM16 121 305   444    62   4.0  10.3  12.5
LATQ QM38  77 258   149    62   8.3  13.4  14.6
LATQ QM50  36 217   141    57   5.9  10.0  15.1
LATQ QM60 348 168   203    55   6.7   4.1   2.8
LATQ SHEY 103 291   868    62   1.6   6.3   5.6
LATQ SUSY 106 291   593    62   4.0  11.1   9.6
LATQ VLDQ 285 102   383    52  14.8   2.0  18.5
LATQ  WES 168 349   567    62   7.4   4.9   5.5
LATQ WODY 109 295   675    62   4.7  10.5   9.9
 LMN LSQQ 296 107   983    56   9.2   2.9   7.9
 LMN M66A 222  38   668    56   0.3   5.2   0.7
 LMN MALY  93 274   113    56  12.9  17.7  20.8
 LMN N62A 235  49   889    56   4.2   3.1   4.4
 LMN PLVO 269  80   963    56  10.2   4.6   9.9
 LMN QM16 255  73   256    56   9.2   6.0   9.1
 LMN QM38 296 111   504    56  11.9   3.3   8.0
 LMN QM50 301 116   592    51  11.2   5.4  13.9
 LMN QM60 303 117   740    49   6.4   1.9   7.2
 LMN QMM5 333 150   629    26   6.2   4.2   8.1
 LMN SHEY 109 291   235    56   9.5  16.4  15.5
 LMN SUSY 253  72    51    56  11.3   2.1   6.8
 LMN VLDQ 289 100  1017    46   2.4   3.7   0.9
 LMN WODY 172 352    85    56  11.9   5.4  10.7
LSQQ M66A 146 331  1019    62   1.0   4.0   2.8
LSQQ N62A 162 344   944    62   2.3   5.0   4.7
LSQQ PLVO 181   1   447    62   5.8   4.9   8.0
LSQQ QM16 119 305   807    62   3.7   6.1   7.8
LSQQ QM38 106 291   479    62   5.2  13.6  13.6
LSQQ QM50  98 282   398    57   9.7  13.5  14.7
LSQQ QM60  86 269   266    55   1.9  11.6   3.9
LSQQ SHEY 105 296  1217    62   2.0   7.0   6.1
LSQQ SUSY 109 297   946    62   6.3  14.0  13.0
LSQQ VLDQ 211  30   112    52   6.7  13.6   7.4
LSQQ  WES 147 331   862    62   3.5   4.1   4.1
LSQQ WODY 111 300  1032    62   7.5   8.4   8.1
M66A N62A 264  82   282    62  14.9   2.2  16.9
M66A PLVO 309 124   703    62   5.1   1.7   6.3
M66A QM38 356 175   715    62   2.4   1.0   1.5
M66A QM60 345 163   914    55   1.5   0.9   3.5
M66A SHEY  54 240   789    62   4.4   2.3   1.4
M66A  WES 322 141   159    62  10.3  13.2  13.5
MALY N62A 240  53   981    62   8.0   4.5   7.3
MALY NATG   4 185   501    31   6.0   1.1   6.2
MALY PLVO 270  81  1076    62  12.3   2.7  11.5
MALY QM38 293 107   610    62  14.5   1.8   8.8
MALY QM50 298 112   694    57  10.1   3.2   9.1
MALY QM60 300 113   840    55   6.9   4.1   4.4
MALY SHEY 124 305   130    62   1.6  15.0  14.5
MALY SUSY 268  86   162    62   9.8   9.4  10.2
MALY VLDQ 289  98  1126    52   3.4   1.3   2.6
MALY  WES 242  57   741    62   5.7   3.7   7.1
MALY WODY 233  52   128    62  11.4   6.5  13.0
N62A NATG  35 223  1329    31   1.7   4.6   2.4
N62A PLVO 328 146   543    62   6.1  12.0   9.3
N62A QM16  42 225   654    62   7.6   4.9   8.5
N62A QM38  15 196   778    62   1.4   5.6   6.4
N62A QM50   9 190   843    57   2.7   2.4   3.4
N62A QM60   1 181   915    55   0.9   1.8   1.2
N62A QMM5  17 200  1159    32   6.0   3.5   5.3
N62A SUSY  48 234   840    62   2.9   7.6   5.1
N62A VLDQ 339 156   875    52   4.5   2.2   4.6
N62A WODY  54 240   853    62   2.6   0.3   3.2
NATG QM16 216  32   683    31   1.7   0.9   1.8
NATG QM50 255  69   676    31   3.0   2.2   2.2
NATG QMM5 281  96   429    31  16.3  10.1  14.5
NATG SHEY 174 354   576    31   2.9   7.5   3.7
NATG VLDQ 264  72  1111    31   4.5   0.9   4.8
NATG  WES 220  34  1094    31   7.1   2.6   5.5
PLVO QM16  85 272   718    62   3.8   6.5   5.6
PLVO QM38  56 241   561    62   1.7   1.8   2.7
PLVO QM50  46 230   558    57   7.0   3.5   6.6
PLVO QMM5  41 227   893    32   6.0   2.3   3.0
PLVO SHEY  84 275  1186    62   3.0   5.0   4.4
PLVO SUSY  81 269   914    62   0.8  10.2   7.2
PLVO VLDQ 352 171   354    52   2.4   3.5   2.4
PLVO  WES 120 304   549    62   6.7  13.9  13.2
PLVO WODY  85 274   977    62   1.1   5.9   4.9
QM16 QM38 322 140   353    62   7.9   6.8   7.4
QM16 QM50 323 140   454    57   3.9   7.9   7.5
QM16 QMM5 355 174   630    32   0.1   1.0   1.3
QM16 SHEY  89 273   469    62   3.2  10.0   9.5
QM16 SUSY  73 255   205    62   1.6   9.8   5.9
QM16 VLDQ 297 110   819    52   5.7   1.7   5.4
QM16  WES 222  40   415    62   4.3   5.0   4.6
QM16 WODY  92 274   259    62   6.4   8.6  10.0
QM38 QM50 324 143   101    57  15.0  17.6  15.1
QM38 QM60 313 131   248    55  13.6   8.9  18.5
QM38 SHEY 109 296   738    62   1.6  11.0  10.7
QM38 SUSY 116 300   468    62   4.7  13.6  12.9
QM38  WES 184   3   589    62   2.8   1.7   1.9
QM38 WODY 119 303   555    62   3.2  13.2  11.7
QM50 QM60 305 124   149    55  12.2  13.0  12.5
QM50 SHEY 113 300   823    57   1.6  10.3   9.5
QM50 SUSY 120 305   560    57   3.9  11.4   9.3
QM50 VLDQ 269  85   453    52  13.7   6.8  11.9
QM50  WES 178 358   670    57   2.1   4.8   3.7
QM50 WODY 122 307   649    57   3.9   9.1   8.4
QM60 SUSY 120 306   708    55   1.0   4.2   4.5
QM60 VLDQ 253  70   343    52  12.5   4.4   9.3
QM60  WES 168 349   770    55   1.5   3.5   4.6
QM60 WODY 121 308   798    55   3.3   4.2   4.1
QMM5 SHEY 139 324   813    32   4.9   1.5   1.5
QMM5 SUSY 155 338   622    32   8.5   4.3   8.3
QMM5 VLDQ 249  62   712    32   3.6   5.8   3.0
QMM5  WES 193  11   960    32   9.7   1.9   5.2
QMM5 WODY 153 336   709    32   6.4   6.0   8.8
SHEY SUSY 285 102   277    62  14.0   0.6  13.2
SHEY VLDQ 291 100  1251    52   8.4   1.5   6.4
SHEY WODY 270  88   211    62   7.6   9.4  12.1
SUSY WODY 139 319    91    62  15.5  15.2  17.3
VLDQ  WES 140 324   819    52   7.3   5.1   8.3
VLDQ WODY 104 294  1058    52   6.8   7.7   9.6
 WES WODY  58 243   615    62   1.1   4.7   5.0
