 A11  A64  19 200    69    60  17.4  12.7  14.7
 A11 BATG  88 271   313    60  20.3   1.4  17.2
 A11 CHEG  90 277   725    30  16.1   1.0  11.7
 A11 D56A 268  85   346    60   1.9  15.5  14.5
 A11 D59A 259  77   127    60   9.6  23.3  22.7
 A11 D60A 237  56    66    60  12.2  20.4  19.7
 A11 D62A 101 282    89    60  24.2   8.4  21.9
 A11 D63A  97 279   160    60  25.3   7.0  24.1
 A11 E58A 249  67   254    60   7.1  14.8  14.0
 A11 E62A 143 324    86    59  23.4  14.6  23.3
 A11 E64A 116 298   203    60  18.9   6.0  17.6
 A11 EMMW 142 324   353    60  15.9   4.5  13.4
 A11 F57A 247  64   380    57   1.6  13.5  12.6
 A11 F60A 224  43   195    60   3.7  22.8  19.9
 A11 F61A 204  23   154    60  10.8  13.5  12.8
 A11 F62A 173 353   151    60  26.1  15.3  22.1
 A11 F64A 137 318   209    60  17.9   6.5  17.4
 A11 G57A 239  56   440    60   2.1  17.2  15.4
 A11 G59A 225  43   333    60   1.7  12.5   8.5
 A11 G61A 206  25   241    60   9.7  13.6  11.5
 A11 G62A 187   6   227    60  12.2  16.8  16.5
 A11 G63A 169 350   241    60  21.7   8.1  19.5
 A11  GGN 131 314   350    60  12.8   1.5   9.3
 A11 H61A 205  23   331    60   7.9  15.9  13.9
 A11 H62A 194  14   306    60   7.6  12.1  12.7
 A11 H63A 177 358   287    60  18.3  12.8  16.9
 A11 H64A 165 346   299    60  21.8  11.4  20.0
 A11 H65A 151 333   321    60  19.5   3.2  15.7
 A11 HANN 119 301   303    60  17.6   4.6  16.2
 A11 HOLY 104 287   295    60  17.5   3.5  12.7
 A11 I57A 231  47   563    60   0.7  14.4  11.6
 A11 I60A 214  32   448    60   4.7  12.8  10.6
 A11 I62A 194  13   385    60   4.7  12.3  10.1
 A11 I63A 185   5   356    60  10.7  10.6  11.3
 A11 I64A 173 353   372    60  18.7   7.4  15.4
 A11  ICQ  39 222   333    59  16.7   3.2  14.7
 A11 J59A 220  37   539    60   1.6  11.9   9.6
 A11 J62A 196  15   464    60   2.9   9.7   8.5
 A11 J63A 189   9   446    60   8.2  12.6  11.2
 A11 JOSY 134 317   464    60   7.7   0.2   4.5
 A11 K60A 211  28   591    37   1.7   9.2   7.0
 A11 K62A 198  17   534    60   3.9  10.8  10.3
 A11 L63A 191  10   608    60   4.9   5.5   5.2
 A11 L65A 179 359   579    60  10.1   3.7   8.0
 A11 LATQ 276  94   196    60   4.1  21.6  18.7
 A11  LMN 109 292   441    60  12.8   1.9   9.8
 A11 LSQQ 294 109   543    60   2.2  14.0  11.8
 A11 M66A 180 360   665    60   5.5   1.7   3.7
 A11 MALY 105 290   549    60  11.2   2.2   9.0
 A11 N62A 202  19   748    60   0.1   7.2   5.3
 A11 PLVO 248  63   585    60   2.5  16.7  13.5
 A11 QM16 142 323   285    60  13.2   0.7  11.0
 A11 QM38 314 134    69    60  13.1  26.4  19.4
 A11 QM50 320 139   170    60   6.1  24.3  22.6
 A11 QM60 314 131   317    60   1.1  12.2   8.9
 A11 QMM5  14 195   413    60  10.1   9.8  11.3
 A11 SUSY 113 297   403    60  17.3   2.0  14.8
 A11  WES 190   9   547    60   5.3   5.1   5.7
 A11 WODY 117 301   489    60  17.3   2.5  14.8
 A64 ALLY 139 322   587    36   5.2   1.7   6.1
 A64 BATG 101 283   295    60  18.6   2.7  17.5
 A64 D59A 239  57   173    60   3.4  23.4  19.0
 A64 D60A 218  37   128    60   7.1  18.8  17.6
 A64 D62A 142 323   104    60  21.0   9.1  20.6
 A64 D63A 122 304   161    60  18.1   4.6  17.0
 A64 DRLN  76 265   927    56  11.8   0.1   9.4
 A64 E55A 254  70   492    60   0.7  15.3  13.2
 A64 E58A 239  57   304    60   2.4  19.9  17.0
 A64 E62A 168 348   137    59  27.6  10.7  23.5
 A64 E64A 134 316   221    60  20.3   9.4  17.2
 A64 EMMW 151 332   394    60   9.4   1.6   6.6
 A64 F57A 240  57   429    57   3.9  20.6  17.9
 A64 F60A 218  36   259    60   0.1  15.5   9.5
 A64 F61A 203  22   222    60   7.9  14.9  10.1
 A64 F62A 182   1   215    60  10.0  14.2  12.2
 A64 F64A 151 332   248    60  20.3   3.9  13.0
 A64 G61A 205  23   309    60   5.2  15.2  11.1
 A64 G62A 190   9   294    60   8.6   9.2  11.2
 A64 G63A 176 356   302    60  11.8  10.3  11.8
 A64  GBN 110 296   695    60   6.8   0.6   6.4
 A64 H61A 204  22   399    60   4.8  10.9  10.0
 A64 H62A 196  15   375    60   5.8  11.0   8.9
 A64 H63A 182   2   352    60  10.5  10.0   9.9
 A64 H64A 171 352   358    60  11.0   7.1  10.2
 A64 H65A 159 341   370    60  14.7   5.8  14.8
 A64  HAL 124 308   601    60  10.7   1.0   8.1
 A64 HANN 131 313   322    60  16.3   4.3  15.3
 A64 HOLY 118 300   297    60  17.6   2.3  17.2
 A64 I57A 228  44   622    60   0.6  12.2  10.6
 A64 I60A 212  30   515    60   0.4   9.2   6.5
 A64 I62A 195  14   453    60   6.7  15.7  13.7
 A64 I63A 188   7   423    60   6.2   9.2   8.5
 A64 I64A 177 357   435    60  11.4   7.9  12.3
 A64  ICQ  45 227   270    59  12.7   1.5  13.1
 A64 J59A 218  35   603    60   1.3  16.0  13.6
 A64 J62A 197  16   533    60   5.1   9.2   8.6
 A64 J63A 191  10   514    60   4.4  10.2   9.1
 A64 JOSY 141 324   497    60   7.7   0.7   5.4
 A64 K60A 210  27   658    37   0.5   7.0   4.1
 A64 K62A 199  17   602    60   3.6  10.0   8.5
 A64 L63A 192  11   677    60   0.9  10.1   5.9
 A64 L65A 181   1   644    60   2.3   4.8   4.4
 A64 LATQ 258  76   223    60   2.8  20.1  18.4
 A64  LMN 118 301   445    60  17.3   1.4  14.7
 A64 M66A 182   1   730    60   0.9   1.5   1.7
 A64 MALY 112 297   547    60   9.7   0.7   8.8
 A64 N62A 202  19   817    60   0.8   5.7   4.5
 A64 QM16 152 334   327    60  14.7   3.8  10.8
 A64 QM38 257  76    74    60   9.8  24.6  22.1
 A64 QM50 297 115   147    60   6.1  22.6  19.9
 A64 QM60 302 119   295    60   4.2   9.9   9.6
 A64 QMM5  13 194   345    60   8.1   9.7   9.8
 A64 SHEY 113 299   677    60  12.1   2.7   9.3
 A64 SUSY 123 306   413    60  11.0   2.8  10.1
 A64 WODY 125 309   503    60  13.9   1.6  10.1
ALLY BATG 349 169   400    36   2.0   6.0   4.9
ALLY CHEG  44 227   486     6   1.8   1.0   1.3
ALLY D56A 299 112   840    36   0.7   2.7   2.2
ALLY D59A 307 122   640    36   1.2   3.5   2.9
ALLY D62A 322 139   483    36   0.4   7.7   5.7
ALLY D63A 328 146   435    36   1.7   5.8   4.4
ALLY E62A 314 131   472    35   2.4   4.3   3.5
ALLY EDEY  48 230   290    36   7.1   9.7   9.4
ALLY EMMW 300 119   217    36   3.3   8.6   6.6
ALLY F57A 290 103   793    33   0.6   1.4   0.3
ALLY F60A 297 112   595    36   0.4   5.6   2.5
ALLY F61A 300 116   528    36   1.1   4.7   2.5
ALLY G61A 291 106   539    36   0.5   5.6   3.6
ALLY G62A 293 109   462    36   3.9   5.1   5.1
ALLY G63A 295 111   391    36   2.5  10.5   7.0
ALLY  GBN  56 238   339    36  11.8   3.9  11.0
ALLY H62A 283  99   493    36   0.7   8.5   5.4
ALLY H63A 286 103   408    36   3.1   7.6   6.0
ALLY H65A 294 112   273    36   0.7  10.9   9.2
ALLY  HAL  50 231   156    36  11.9  14.1  13.5
ALLY HOLY 341 160   327    36   0.1   3.6   3.6
ALLY I57A 275  88   849    36   0.2   8.6   6.4
ALLY I62A 274  90   502    36   0.2   6.5   5.8
ALLY J59A 271  84   760    36   0.1   6.7   4.2
ALLY L63A 251  66   572    36   2.4   2.7   1.4
ALLY L65A 247  63   447    36   0.9   4.4   3.7
ALLY LATQ 307 121   723    36   0.2   2.9   2.3
ALLY  LMN   5 186   236    36   5.7   2.3   5.3
ALLY LSQQ 307 118  1086    36   0.3   2.1   2.1
ALLY MALY  31 212   266    36   6.3  13.2  12.1
ALLY N62A 248  63   757    36   0.7   0.4   1.5
ALLY NATG  13 194   748    15   2.4   1.4   2.3
ALLY PLVO 283  94   964    36   0.2   8.8   7.1
ALLY QMM5 342 159   837    36   1.0   0.8   1.6
ALLY SHEY  57 239   292    36  15.1   7.6  13.4
ALLY SUSY 353 173   221    36   2.0   8.5   8.3
ALLY VLDQ 301 112  1097    36   1.3   1.0   2.5
ALLY  WES 256  71   529    36   2.0   2.8   0.7
ALLY WODY  13 193   155    36  11.4  11.8  13.7
BATG D56A 271  85   660    60   2.1  14.1  11.6
BATG D59A 268  84   439    60   0.9  18.0  15.6
BATG D60A 266  82   371    60   2.4  18.3  14.4
BATG D62A 266  83   228    60   3.9  22.9  22.7
BATG D63A 261  80   157    60   4.3  20.2  15.9
BATG E58A 262  77   560    60   0.6  14.1  11.1
BATG E62A 256  73   274    59   2.8  16.9  13.4
BATG E64A 235  54   165    60   6.6  26.1  20.4
BATG EDEY 124 307   353    60  13.7   2.3  12.6
BATG EMMW 201  20   305    60  10.7  12.6  13.1
BATG F60A 254  70   474    60   1.2  14.3  11.5
BATG F61A 251  67   404    60   4.1  21.6  19.6
BATG F62A 244  61   336    60   7.6  17.8  14.8
BATG F64A 229  47   236    60  12.9  23.3  20.4
BATG G57A 254  68   730    60   2.5  12.4  10.0
BATG G59A 249  64   601    60   2.2   7.2   5.2
BATG G61A 244  60   476    60   1.9  18.5  15.0
BATG G62A 238  55   414    60   2.8  15.0  12.8
BATG G63A 230  48   365    60   7.3  22.7  20.4
BATG  GGN 194  14   247    60  20.9  12.1  16.9
BATG H61A 238  54   548    60   1.2  16.5  13.0
BATG H62A 235  51   496    60   1.4  13.8  12.5
BATG H63A 228  45   423    60   3.4  25.0  20.7
BATG H64A 221  39   382    60   7.6  16.5  14.1
BATG H65A 211  30   333    60  12.4  16.5  14.9
BATG  HAL 146 328   350    60  17.4   1.7  12.3
BATG HANN 200  19   164    60  13.9  13.0  15.5
BATG HOLY 200  20    89    60  21.8  18.1  20.5
BATG I60A 239  53   681    60   1.7  14.3  12.3
BATG I62A 229  46   559    60   3.7  20.7  17.7
BATG I63A 226  43   503    60   3.5  20.1  16.9
BATG I64A 218  36   466    60   6.2  17.8  15.1
BATG  ICQ 341 160   265    59   1.6  13.3   9.2
BATG J62A 227  43   637    60   3.1  19.6  17.2
BATG J63A 223  40   593    60   4.1  14.6  13.4
BATG JOSY 179 359   335    60  15.5  12.8  15.3
BATG K62A 226  41   707    60   1.4  17.8  14.6
BATG L65A 210  27   663    60   5.7  13.1  11.9
BATG LATQ 274  89   508    60   0.5   9.8   6.9
BATG  LMN 148 329   185    60  23.2   3.5  15.9
BATG LSQQ 288 100   835    60   1.6  11.7   9.8
BATG M66A 207  25   743    60   1.6   7.3   6.1
BATG MALY 127 309   265    60  13.7   3.0  12.3
BATG N62A 223  38   920    60   0.3   9.0   6.7
BATG NATG  34 217   411    39  10.7   3.4  10.5
BATG PLVO 258  70   886    60   1.9   6.6   6.2
BATG QM16 213  32   272    60  12.3  13.2  14.7
BATG QM38 279  95   364    60   1.9  16.5  13.9
BATG QM50 289 105   438    60   2.2  15.8  12.7
BATG QM60 294 109   580    60   0.6   7.3   5.6
BATG QMM5 334 152   444    60   1.9   8.0   6.4
BATG SHEY 126 309   394    60  14.3   3.0  10.7
BATG SUSY 164 345   180    60  16.9   7.7  11.6
BATG  WES 219  36   684    60   1.3   8.6   7.3
BATG WODY 155 336   265    60  16.0   5.9  14.7
CHEG D56A 277  86  1071    30   1.5   7.5   6.3
CHEG D59A 276  87   850    30   1.5  14.4  11.7
CHEG D60A 275  87   781    30   0.5  11.9   9.2
CHEG D62A 276  90   638    30   1.7  18.5  15.4
CHEG D63A 275  90   566    30   0.7  17.8  14.1
CHEG DRLN  40 222   361    26   8.2   2.4   6.2
CHEG E64A 268  83   550    30   1.6  19.0  16.7
CHEG EDEY 220  39   198    30   7.6  18.5  16.3
CHEG EMMW 249  64   577    30   1.9   9.6   6.6
CHEG F57A 269  79  1084    30   0.1   6.6   5.7
CHEG F60A 268  80   872    30   0.2  10.6   8.6
CHEG F62A 265  79   722    30   0.8  10.7   8.1
CHEG G57A 265  75  1124    30   1.4   9.5   7.8
CHEG G59A 263  74   987    30   1.5   4.5   2.3
CHEG G61A 263  75   856    30   0.2   9.8   7.7
CHEG G62A 261  73   783    30   0.6   6.2   4.9
CHEG G63A 258  72   718    30   4.2   9.5   7.5
CHEG  GBN 203  22   169    30  11.7  14.4  15.2
CHEG  GGN 251  66   513    30   2.1   8.1   8.0
CHEG H61A 258  70   912    30   2.9   5.7   4.9
CHEG H64A 253  67   707    30   1.4   8.9   5.8
CHEG H65A 251  66   634    30   0.3  12.8   7.6
CHEG  HAL 224  42   331    30   3.7  11.7   8.7
CHEG HANN 260  75   480    30   1.2  13.2  12.0
CHEG I57A 260  70  1214    30   1.1   7.4   4.8
CHEG I60A 256  67  1041    30   0.5   6.7   4.7
CHEG I64A 249  62   771    30   0.7   9.2   8.0
CHEG J59A 256  66  1148    30   0.1   7.5   5.6
CHEG J62A 250  62   963    30   1.0   7.0   5.0
CHEG J63A 248  61   908    30   1.0   9.9   6.5
CHEG JOSY 238  54   504    30   1.2   8.6   6.7
CHEG K62A 247  59  1023    30   2.4   6.2   4.7
CHEG L65A 238  51   915    30   1.0   6.4   4.6
CHEG  LMN 253  70   335    30   0.4   8.3   5.5
CHEG LSQQ 288  95  1241    30   0.4   6.1   4.2
CHEG MALY 242  60   235    30   4.7  13.3  11.0
CHEG NATG 339 157   418    30   1.6   3.8   3.0
CHEG PLVO 267  75  1285    30   0.9   7.4   6.4
CHEG QM50 286  98   844    30   0.2   7.3   5.8
CHEG QM60 290 101   980    30   0.3   3.0   0.8
CHEG SHEY 209  28   212    30   7.9  11.5   8.9
CHEG VLDQ 283  90  1294    30   0.8   5.3   3.6
CHEG  WES 244  56   977    30   0.6   5.7   3.8
D56A D60A  92 274   292    60  21.5   0.9  19.3
D56A D62A  87 272   433    60  16.8   2.1  15.3
D56A D63A  88 273   505    60  16.0   0.4  14.3
D56A DRLN  73 266  1304    56   8.2   0.2   5.0
D56A E55A 237  56   119    60   9.3  29.8  27.7
D56A E58A 123 304   136    60  23.8  10.5  22.1
D56A E62A  95 279   402    59  21.9   1.5  19.0
D56A E64A  95 280   534    60  13.8   1.6  11.9
D56A EDEY  96 285   975    60   6.6   1.6   4.8
D56A EMMW 112 297   623    60  11.7   2.7  11.0
D56A F57A 178 358   138    57   9.4  12.2   8.3
D56A F60A 118 300   246    60  18.4   4.8  16.9
D56A F61A 111 294   313    60  18.4   0.0  14.5
D56A G57A 185   5   217    60   4.8  12.4  10.2
D56A G59A 150 331   250    60  16.9   3.1  13.7
D56A G61A 127 309   317    60  15.8   1.8  12.1
D56A G62A 120 303   385    60  12.9   2.8  12.9
D56A G63A 117 300   452    60  13.0   2.9  10.3
D56A H62A 133 316   392    60  23.3   3.3  21.1
D56A H63A 124 308   452    60  17.6   2.2  15.0
D56A H64A 120 304   506    60  15.9   1.1  13.2
D56A H65A 115 300   569    60  12.0   2.4  10.8
D56A  HAL 103 291   907    60   3.8   0.7   2.2
D56A HANN  99 285   627    60   9.9   0.6   8.6
D56A HOLY  92 278   636    60  14.1   2.5  12.0
D56A I57A 192  11   353    60   3.9  13.3  11.1
D56A I60A 162 343   374    60   6.7   5.4   8.4
D56A I63A 134 317   466    60  19.8   2.4  17.8
D56A I64A 129 313   530    60  19.0   1.8  15.7
D56A J59A 177 357   399    60   4.8   6.0   5.1
D56A JOSY 111 298   748    60   7.4   1.0   5.5
D56A K60A 172 352   497    37   5.3   2.0   4.1
D56A K62A 157 339   526    60   8.6   2.0   6.0
D56A L63A 155 338   628    60   8.0   2.5   6.0
D56A L65A 144 328   671    60  11.4   0.3   8.5
D56A LATQ  75 257   154    60  18.8   5.1  15.1
D56A  LMN  96 283   775    60   8.5   0.4   7.2
D56A LSQQ 324 143   278    60   4.2  21.8  20.3
D56A MALY  95 283   887    60  12.1   0.3   9.2
D56A N62A 171 352   687    60   3.5   1.8   4.0
D56A NATG  63 252   949    39  12.8   1.1  11.9
D56A PLVO 220  38   286    60   4.6  17.3  14.0
D56A QM16 109 294   564    60   7.7   1.3   7.9
D56A QM38  75 258   303    60  20.2   0.9  18.0
D56A QM50  56 238   277    60  27.8   1.7  24.6
D56A QM60  24 205   258    60  10.2   2.1   8.9
D56A SUSY  98 285   732    60   9.0   0.1   6.8
D56A VLDQ 300 118   259    60   3.1  21.6  18.4
D56A WODY 102 289   810    60   8.1   0.4   6.4
D59A D60A  98 279    70    60  23.1  16.4  22.1
D59A D62A  87 269   212    60  24.1   2.5  24.7
D59A D63A  88 271   284    60  22.8   2.8  19.0
D59A DRLN  72 262  1094    56  11.4   0.2   9.4
D59A E55A 261  78   328    60   2.7  16.9  15.0
D59A E58A 238  57   131    60  10.7  23.8  22.7
D59A E62A 103 285   182    59  22.9   5.7  20.1
D59A EMMW 125 308   425    60  11.7   1.2   8.5
D59A F57A 240  58   257    57   1.6  22.0  18.0
D59A F60A 184   4   116    60  17.9  13.0  16.7
D59A F61A 150 331   132    60  20.5   7.7  19.8
D59A F62A 130 311   189    60  20.1   5.2  16.7
D59A G57A 230  48   323    60   0.9  22.5  17.9
D59A G59A 206  25   238    60   1.7  11.3   6.6
D59A G61A 173 353   193    60  11.1  12.1  11.9
D59A G62A 153 334   223    60  23.3  10.7  20.7
D59A G63A 140 322   271    60  20.2   3.7  17.2
D59A  GGN 117 300   440    60  18.5   0.8  15.6
D59A H61A 182   1   276    60   7.8  11.3  10.9
D59A H62A 169 349   276    60  12.4   5.4  10.4
D59A H63A 151 332   296    60  19.2   6.0  16.6
D59A H64A 141 323   332    60  17.8   4.4  15.6
D59A H65A 131 314   379    60  21.1   2.8  16.5
D59A HOLY  95 279   414    60  16.5   4.3  14.1
D59A I57A 223  40   454    60   0.1  14.9  14.5
D59A I60A 198  17   370    60   2.9  12.5   8.7
D59A I62A 173 354   350    60   9.6   6.8   9.4
D59A I63A 163 344   343    60  11.6   4.6   9.9
D59A I64A 153 334   384    60  15.7   4.0  12.6
D59A  ICQ  49 232   439    59  17.3   1.5  15.5
D59A J59A 209  27   446    60   3.3  14.7  11.6
D59A J62A 180 360   420    60   7.5   5.5   7.6
D59A J63A 172 352   419    60  11.3   5.7   8.8
D59A K60A 199  18   514    37   2.4   7.4   6.8
D59A K62A 184   4   484    60   6.6   4.1   6.8
D59A L63A 178 358   572    60   6.6   3.0   5.8
D59A L65A 165 346   571    60   3.5   3.7   4.7
D59A LATQ 301 120    83    60  12.4  22.2  21.8
D59A  LMN 101 286   555    60  11.3   2.2   8.0
D59A LSQQ 303 119   446    60   1.8  18.1  14.8
D59A M66A 167 349   653    60   1.5   2.2   0.8
D59A MALY  99 285   666    60  11.0   0.1  10.6
D59A N62A 192  10   688    60   4.1   5.4   6.2
D59A QM16 122 305   361    60  10.2   1.3   9.7
D59A QM38  45 225   105    60  23.4   9.6  23.2
D59A QM50   5 185   156    60   7.9  11.8   9.3
D59A QMM5  26 209   481    60  10.0   4.0   6.5
D59A  WES 175 356   515    60   5.1   2.3   6.0
D59A WODY 108 293   594    60  12.2   0.0   8.2
D60A D62A  82 263   144    60  24.0   7.3  21.5
D60A D63A  85 267   215    60  18.7   2.5  18.7
D60A E55A 264  81   396    60   1.4  16.2  12.9
D60A E58A 252  71   190    60   2.1  22.3  20.6
D60A E62A 106 287   112    59  24.1   4.6  21.6
D60A E64A 102 284   243    60  17.5   6.9  15.9
D60A EMMW 131 314   364    60  10.3   4.5   6.8
D60A F60A 217  37   131    60   6.2  22.6  18.9
D60A F61A 183   3   105    60  16.3  16.7  18.9
D60A F62A 147 327   135    60  20.5   7.2  17.7
D60A F64A 120 301   230    60  18.2   1.4  14.6
D60A G57A 239  56   373    60   0.3  14.8  11.4
D60A G59A 221  40   268    60   0.1  13.1  12.3
D60A G61A 195  14   187    60  11.9  14.5  13.7
D60A G62A 171 351   191    60  17.6   5.7  15.4
D60A G63A 153 334   224    60  22.0   5.9  17.6
D60A  GBN 100 286   745    60   8.6   1.8   7.5
D60A H61A 197  16   277    60   9.1  10.9  12.8
D60A H62A 184   4   261    60  12.1  13.3  12.9
D60A H63A 164 345   260    60  20.2   7.0  16.8
D60A H64A 152 333   285    60  22.0   7.0  19.8
D60A H65A 139 321   323    60  13.5   0.6  10.1
D60A HOLY  96 279   344    60  17.5   0.8  14.8
D60A I60A 209  28   388    60   5.9  10.3  10.0
D60A I62A 186   5   339    60   8.8  14.5  13.5
D60A I63A 175 355   319    60  15.0  15.5  15.4
D60A I64A 163 344   348    60  15.1   8.5  14.1
D60A  ICQ  42 224   397    59  15.5   0.6  11.5
D60A J59A 218  35   475    60   3.4  14.4  12.8
D60A J62A 190   9   416    60   7.5  10.4  10.3
D60A J63A 182   2   404    60   7.3  15.0  12.0
D60A JOSY 126 309   483    60  12.2   2.9   9.8
D60A K60A 207  25   532    37   1.1   9.2   6.2
D60A K62A 193  12   483    60   5.9  12.0  12.1
D60A L63A 186   5   564    60   5.0  10.5   9.2
D60A L65A 172 353   547    60   6.6   9.0   8.5
D60A LATQ 291 110   150    60   4.8  17.4  15.5
D60A  LMN 102 286   485    60  11.2   1.0   9.5
D60A M66A 174 355   631    60   8.8   2.1   6.0
D60A N62A 198  16   695    60   1.0  10.9   7.4
D60A QM16 128 311   298    60  12.9   5.4  12.3
D60A QM38   4 184    85    60  13.7  10.7  14.1
D60A QM50 342 161   175    60   1.0  23.0  18.2
D60A QM60 325 143   308    60   0.4  10.1   7.2
D60A QMM5  19 200   464    60   7.5   3.4   6.2
D60A SUSY 105 289   443    60  13.1   2.1  10.2
D60A  WES 184   3   504    60   4.6   8.6   8.1
D60A WODY 110 295   525    60  12.7   0.2   9.4
D62A D63A  94 274    72    60  25.8  14.7  24.7
D62A DRLN  70 259   891    56  12.3   0.9   9.3
D62A E58A 258  75   333    60   3.4  14.5  11.0
D62A E62A 215  35    63    59  13.1  24.3  19.3
D62A E64A 128 309   119    60  23.9  10.6  21.5
D62A EDEY 107 292   550    60  13.5   1.9  11.7
D62A EMMW 154 335   291    60  12.5   7.4  12.3
D62A F57A 254  70   456    57   0.7  17.8  16.8
D62A F60A 242  60   255    60   3.5  19.3  16.7
D62A F61A 231  50   193    60   7.9  23.3  19.2
D62A F62A 208  28   149    60   8.1  18.6  15.2
D62A F64A 158 339   146    60  17.0   5.5  14.4
D62A G57A 247  62   509    60   0.5  18.8  15.4
D62A G61A 225  43   277    60   4.8  18.6  16.2
D62A G62A 209  28   237    60  10.6  18.8  16.9
D62A G63A 192  11   223    60  14.7  13.8  14.9
D62A  GBN 105 290   610    60  12.4   0.2   9.4
D62A  GGN 141 323   277    60  15.6   3.4  13.1
D62A H61A 219  37   362    60   7.5  10.6  10.1
D62A H62A 211  30   323    60   9.0  15.5  13.8
D62A H63A 196  16   280    60  10.6  12.8  10.3
D62A H64A 183   3   272    60  21.2  11.4  19.3
D62A H65A 166 347   272    60  15.3   7.9  14.1
D62A HANN 126 308   220    60  19.5   1.8  17.5
D62A HOLY 106 288   207    60  21.6   6.2  18.6
D62A I60A 224  41   489    60   3.4  10.1   8.9
D62A I62A 207  26   399    60   6.3  13.6  10.2
D62A I63A 200  19   357    60  10.2  13.7  13.0
D62A I64A 188   7   354    60  18.1  10.2  16.0
D62A  ICQ  25 207   302    59  11.2   9.5  13.5
D62A J62A 208  26   480    60   1.9  11.2   7.4
D62A J63A 201  20   452    60   6.5  12.2  10.3
D62A JOSY 142 324   393    60  10.4   5.8   9.8
D62A K62A 208  26   551    60   3.2  11.3   8.6
D62A L63A 200  18   615    60   2.2   8.3   6.8
D62A L65A 188   8   567    60   5.7   8.6   7.1
D62A  LMN 111 294   353    60  12.6   3.8  11.5
D62A LSQQ 293 107   630    60   1.6  12.0   8.2
D62A M66A 188   7   653    60   2.6   2.6   4.3
D62A N62A 209  26   769    60   1.7   7.7   6.4
D62A PLVO 253  67   661    60   0.5  12.4   9.6
D62A QM16 157 338   225    60   9.9   2.1   7.2
D62A QM38 297 115   151    60   3.8  17.7  17.2
D62A QM50 308 126   245    60   1.9  21.4  16.7
D62A QM60 308 124   394    60   2.0   6.6   6.9
D62A QMM5   2 183   419    60   2.5  16.1  10.8
D62A SUSY 117 300   317    60  19.3   5.6  17.6
D62A VLDQ 284  97   665    60   0.8  10.1   7.3
D62A WODY 121 305   405    60  19.5   0.5  15.3
D63A DRLN  69 257   826    56  13.4   0.9  10.8
D63A E55A 267  81   611    60   0.3  11.4   8.2
D63A E62A 247  66   118    59   7.7  25.3  21.2
D63A E64A 163 343    72    60  25.5  14.6  25.0
D63A EDEY 110 294   480    60  17.4   2.8  14.8
D63A EMMW 169 349   264    60  18.4   3.8  12.1
D63A F57A 257  73   524    57   1.8  15.5  13.4
D63A F60A 249  67   318    60   4.7  16.9  16.3
D63A F61A 243  61   251    60   4.6  21.1  20.5
D63A F62A 229  48   191    60  10.1  23.1  21.2
D63A F64A 188   8   132    60  21.4  14.7  18.5
D63A G57A 251  66   574    60   0.4  17.2  14.0
D63A G61A 235  52   328    60   4.0  21.0  18.7
D63A G62A 224  42   276    60   7.0  22.5  19.4
D63A G63A 209  28   244    60   9.4  14.9  14.5
D63A  GBN 107 292   540    60  11.6   0.8   9.6
D63A  GGN 155 336   235    60  13.1   9.1  10.9
D63A H61A 228  45   408    60   2.5  15.5  13.3
D63A H62A 222  40   362    60   7.0  19.5  16.9
D63A H63A 210  29   304    60   8.9  17.4  15.5
D63A H64A 198  18   280    60  10.9  14.7  13.5
D63A H65A 182   2   260    60  17.6  11.4  15.2
D63A  HAL 126 309   441    60  13.8   4.1   9.9
D63A HANN 141 322   165    60  20.3   5.4  15.6
D63A HOLY 114 295   138    60  21.6   7.7  19.5
D63A I57A 242  57   683    60   0.5  14.6  12.5
D63A I62A 217  35   433    60   4.5  13.5  10.3
D63A I63A 211  29   384    60   5.2  14.8  12.6
D63A I64A 200  18   366    60  11.5  10.1  12.9
D63A  ICQ  12 193   283    59   5.0   8.0   6.8
D63A J62A 216  33   514    60   3.0  13.2  10.1
D63A J63A 210  28   478    60   4.4   8.9   8.5
D63A JOSY 151 333   349    60  11.7   7.6  10.7
D63A K60A 225  41   671    37   0.6   8.4   5.4
D63A K62A 215  32   585    60   5.1  15.3  12.4
D63A L63A 207  25   639    60   1.3   8.6   7.8
D63A L65A 196  15   577    60   6.4   9.3   8.7
D63A  LMN 116 299   286    60  18.3   4.7  17.9
D63A LSQQ 292 105   698    60   1.2  13.1  12.0
D63A M66A 195  13   662    60   1.0   5.4   4.6
D63A MALY 109 292   391    60  16.5   1.7  13.2
D63A N62A 214  31   803    60   4.0   8.2   6.3
D63A NATG  45 229   532    39  12.5   0.9  11.1
D63A QM16 177 357   204    60  15.9   6.6  13.1
D63A QM38 290 108   219    60   2.9  19.5  16.4
D63A QM50 301 118   307    60   1.7  12.2   9.7
D63A QM60 303 119   456    60   1.7   5.0   3.9
D63A QMM5 353 173   426    60   5.3  18.0  16.1
D63A SHEY 112 296   518    60  15.4   0.8  12.1
D63A SUSY 125 306   253    60  14.0   8.9  13.3
D63A VLDQ 284  96   736    60   0.2  10.4   8.6
D63A  WES 207  25   576    60   1.7   8.6   6.4
D63A WODY 128 310   343    60  13.3   2.3  11.1
DRLN E55A 264  71  1419    56   1.2   6.5   5.5
DRLN EMMW 240  53   909    56   1.1  12.4  11.2
DRLN F61A 255  65  1076    56   1.2  11.3   8.7
DRLN F64A 249  61   898    56   1.3  11.6   8.8
DRLN G57A 257  65  1399    56   2.0   8.6   7.0
DRLN G59A 255  63  1273    56   0.1   3.9   2.6
DRLN G62A 250  61  1082    56   1.5   8.7   6.4
DRLN  GGN 240  54   843    56   0.1  12.0   9.8
DRLN H62A 249  59  1161    56   1.3  11.2   9.5
DRLN H63A 247  57  1080    56   0.9  10.3   8.6
DRLN H64A 244  56  1027    56   0.4  11.0   7.4
DRLN H65A 242  54   961    56   0.4  12.6  10.9
DRLN  HAL 224  40   691    56   1.4   2.7   2.7
DRLN HANN 245  58   791    56   0.9  12.9  11.6
DRLN HOLY 249  62   735    56   0.6   9.6   7.5
DRLN I57A 254  61  1507    56   0.1   9.0   7.4
DRLN I60A 249  58  1349    56   0.4   8.7   5.5
DRLN  ICQ 276  89   709    55   1.0  12.8   9.0
DRLN JOSY 233  46   854    56   2.2   9.4   7.7
DRLN K60A 246  54  1465    33   0.2   9.1   6.4
DRLN MALY 231  47   585    56   0.3   5.6   5.9
DRLN N62A 240  48  1555    56   0.8   6.0   4.3
DRLN NATG 289 105   399    35   1.7  18.0  15.9
DRLN PLVO 260  65  1552    56   0.8   6.7   3.9
DRLN QM16 244  57   909    56   1.4   8.2   4.5
DRLN QM60 276  84  1152    56   0.1   3.2   3.0
DRLN SHEY 218  35   570    56   1.0   6.3   5.0
DRLN SUSY 240  54   715    56   2.6  21.2  18.7
DRLN VLDQ 273  78  1490    56   0.0   7.4   5.2
DRLN  WES 240  50  1314    56   1.3   5.8   4.5
DRLN WODY 232  47   712    56   3.2   8.5   7.2
E55A E58A  91 273   214    60  21.1   1.1  17.1
E55A E62A  86 270   501    59  15.5   0.5  13.6
E55A E64A  87 273   632    60   9.7   1.0   7.2
E55A EMMW 103 289   698    60   9.1   1.6   7.0
E55A F57A 124 305   127    57  25.2  10.1  25.0
E55A F64A  94 279   599    60  12.7   0.7  11.4
E55A G57A 151 331   172    60  10.8  11.0  10.5
E55A G59A 123 305   271    60  18.4   2.2  15.3
E55A G61A 109 292   375    60  17.4   0.4  15.7
E55A H61A 122 305   388    60  17.5   2.0  16.0
E55A H63A 111 295   510    60   9.6   0.8   6.2
E55A H64A 108 293   570    60  13.7   2.8  12.3
E55A H65A 105 291   640    60   9.7   1.0   8.6
E55A  HAL  97 286   993    60   3.6   2.2   2.9
E55A HANN  92 278   720    60  11.6   1.1   9.0
E55A I57A 173 354   281    60   5.8   9.2   8.9
E55A I62A 126 309   469    60  17.5   0.1  14.2
E55A I63A 120 304   506    60  14.9   0.0  11.6
E55A  ICQ  59 246   739    59  15.7   0.3  12.8
E55A J59A 159 340   354    60  13.9   4.1   9.9
E55A JOSY 104 291   823    60   8.5   0.7   5.1
E55A K60A 157 339   460    37  10.7   3.3   7.5
E55A  LMN  90 278   871    60   8.2   0.1   6.3
E55A LSQQ 347 166   298    60   9.6   8.8   9.5
E55A MALY  90 279   983    60   6.6   0.7   5.3
E55A N62A 160 342   648    60   4.7   1.1   4.5
E55A PLVO 207  26   176    60   8.0  20.8  18.1
E55A QM16  99 285   645    60   0.8   0.4   1.3
E55A QM38  69 253   418    60  18.9   0.8  15.6
E55A QM50  55 238   396    60  22.4   1.7  20.7
E55A QMM5  45 230   724    60  12.3   0.8   8.3
E55A VLDQ 327 146   232    60   3.9  16.8  12.7
E55A  WES 138 322   589    60   8.4   2.3   7.4
E55A WODY  96 284   898    60   7.2   0.9   4.7
E58A E62A  83 266   290    59  18.2   0.7  17.0
E58A E64A  87 271   419    60  13.2   3.1  12.0
E58A EMMW 110 294   491    60  11.0   1.9  10.0
E58A F57A 241  60   126    57   7.8  25.2  22.3
E58A F60A 113 294   112    60  25.1   7.8  22.4
E58A F61A 103 285   182    60  18.7   2.2  15.8
E58A F62A 100 283   261    60  17.5   2.3  14.3
E58A F64A  97 280   385    60  15.0   1.8  14.7
E58A G57A 224  43   194    60   7.4  20.3  19.8
E58A G59A 177 357   144    60  10.6   7.5  10.9
E58A G61A 131 312   182    60  20.8   2.9  20.1
E58A G62A 120 302   249    60  21.5   1.5  18.4
E58A G63A 115 297   317    60  17.8   3.2  15.4
E58A  GBN  92 281   919    60   7.9   1.7   5.9
E58A H61A 152 333   231    60  22.2   2.9  19.8
E58A H64A 120 303   371    60  13.4   2.0  11.8
E58A H65A 114 297   435    60  15.2   1.3  12.8
E58A  HAL 101 288   781    60   8.7   0.8   7.4
E58A HANN  94 279   506    60  13.7   0.2   9.6
E58A I60A 180   0   281    60  11.5   7.9  11.4
E58A I62A 150 332   317    60  19.7   1.4  13.3
E58A I63A 140 322   334    60  21.2   3.2  18.5
E58A I64A 132 315   395    60  18.5   2.0  16.0
E58A J59A 197  16   337    60   2.2   9.3   7.1
E58A J62A 161 342   368    60  16.2   0.6  13.2
E58A J63A 152 334   385    60  17.7   5.1  15.5
E58A K60A 187   6   420    37   1.4   6.4   3.8
E58A K62A 168 349   420    60  12.3   5.2   9.4
E58A L63A 164 346   518    60   6.8   2.3   4.4
E58A L65A 151 333   547    60  10.9   3.3   7.5
E58A LATQ  18 199   119    60  17.1  12.2  16.2
E58A LSQQ 318 136   408    60   0.1  17.9  13.3
E58A N62A 182   1   605    60   2.9   3.6   4.2
E58A PLVO 245  62   331    60   4.4  19.2  18.6
E58A QM16 105 289   434    60   6.7   2.0   5.6
E58A QM38  51 233   234    60  23.4   7.0  19.9
E58A QM50  28 209   257    60  16.2   7.5  15.6
E58A QM60 359 179   311    60   6.9  11.3   9.7
E58A QMM5  32 215   597    60  11.9   1.1   9.6
E58A SHEY  95 283   888    60   9.0   0.7   6.9
E58A SUSY  94 280   611    60  13.2   0.9  10.2
E58A VLDQ 302 119   395    60   2.8  16.2  13.7
E58A  WES 160 341   470    60  12.3   1.2   9.9
E58A WODY  99 285   685    60  10.1   1.1   6.9
E62A E64A  99 280   132    59  20.7   3.0  18.7
E62A EDEY 101 286   573    59  13.9   2.1  10.2
E62A EMMW 142 324   267    59  14.5   6.5  13.6
E62A F57A 259  75   409    56   1.1  12.0   8.1
E62A F60A 250  68   201    59   6.1  17.9  17.5
E62A F61A 238  57   134    59  11.5  27.0  24.9
E62A F62A 203  23    87    59  13.0  19.7  17.9
E62A F64A 132 313   124    59  19.7   6.6  16.2
E62A G61A 227  46   215    59   9.2  12.1  10.9
E62A G62A 207  26   174    59   3.6  15.2  13.9
E62A G63A 183   3   167    59  19.7  14.6  18.0
E62A  GGN 128 310   267    59  12.6   1.4   9.3
E62A H62A 210  29   261    59   3.6  13.5   9.8
E62A H63A 191  10   221    59   9.4  16.2  13.4
E62A H64A 174 354   221    59  22.4   9.7  17.2
E62A H65A 155 336   236    59  19.2   5.1  16.6
E62A  HAL 113 298   512    59  10.8   2.0  10.2
E62A HANN 110 292   228    59  19.9   4.8  18.6
E62A HOLY  91 274   235    59  24.1   2.9  19.1
E62A I57A 240  56   566    59   2.8  13.6  11.9
E62A I60A 225  42   427    59   2.6  13.5  11.2
E62A I62A 206  24   337    59   8.8  16.8  14.0
E62A I63A 197  16   297    59  10.8  10.1  10.0
E62A I64A 182   2   300    59  13.8  10.2  14.0
E62A  ICQ  27 208   364    58  13.8   0.4   9.8
E62A J59A 230  46   526    59   0.8  13.8  10.6
E62A J62A 206  25   418    59   4.3   8.8   7.7
E62A J63A 199  18   391    59   7.9  11.0   9.6
E62A JOSY 132 315   379    59  10.3   0.7   8.3
E62A K60A 219  36   564    36   0.2   8.7   6.3
E62A K62A 207  25   489    59   3.8  13.3  11.9
E62A L63A 198  17   554    59   3.5   7.8   5.5
E62A L65A 185   5   512    59   5.9   7.1   6.7
E62A  LMN 101 285   374    59  13.6   1.7  11.2
E62A M66A 185   5   598    59   1.8   5.0   4.1
E62A MALY  99 283   485    59  17.4   1.1  14.8
E62A N62A 208  25   707    59   1.2   9.4   7.7
E62A NATG  48 233   642    38  12.4   1.6   9.9
E62A PLVO 256  71   612    59   0.5   8.7   5.3
E62A QM16 142 323   199    59  14.7   0.1  12.9
E62A QM38 320 139   155    59   6.5  19.5  15.3
E62A QM50 322 140   256    59   3.2  17.7  15.4
E62A QMM5   6 187   473    59   8.3   5.7   8.2
E62A SHEY 103 288   608    59   8.6   1.3   5.3
E62A SUSY 106 289   331    59  14.9   2.1  14.5
E62A  WES 198  16   492    59   3.8   6.3   6.5
E62A WODY 112 296   413    59  14.0   2.2  11.2
E64A EDEY 102 286   441    60  16.6   4.2  14.2
E64A EMMW 171 351   192    60  15.1   9.6  11.4
E64A F57A 265  80   535    57   0.6  16.3  11.3
E64A F60A 263  80   322    60   0.2  15.6  11.7
E64A F61A 260  77   249    60   6.2  17.2  16.6
E64A F62A 251  70   175    60   4.8  20.9  21.1
E64A F64A 213  33    74    60  13.7  23.0  21.1
E64A G57A 258  73   575    60   0.9  16.1  12.6
E64A G61A 248  65   314    60   1.7  17.0  12.8
E64A G62A 239  57   249    60   8.8  19.4  18.9
E64A G63A 225  43   201    60   7.2  24.6  21.4
E64A  GBN 101 285   503    60  14.2   3.5  13.3
E64A  GGN 152 332   164    60  19.4   6.8  16.9
E64A H61A 238  55   383    60   6.1  20.1  17.8
E64A H62A 233  51   331    60   5.7  17.7  16.4
E64A H63A 222  41   260    60   8.8  21.6  18.0
E64A H64A 209  28   225    60   9.9  17.8  15.4
E64A H65A 190  10   194    60  16.0   9.1  13.4
E64A  HAL 119 302   386    60  14.6   4.9  14.2
E64A HANN 126 306   101    60  21.0   7.1  17.6
E64A HOLY  83 264   105    60  26.0  10.3  23.8
E64A I57A 249  63   674    60   2.1  19.0  16.5
E64A I60A 238  54   516    60   3.1  19.2  16.5
E64A I62A 226  43   395    60   2.2  21.6  16.7
E64A I63A 220  38   340    60   6.3  24.4  20.7
E64A I64A 208  26   312    60   7.5  12.4  11.1
E64A  ICQ   7 187   348    59   5.7   9.0   8.2
E64A J62A 223  40   474    60   2.1  19.3  16.6
E64A J63A 218  35   433    60   4.9  17.4  14.5
E64A JOSY 149 330   279    60  18.7   7.1  15.4
E64A K60A 231  47   640    37   0.1  11.8   8.8
E64A K62A 222  38   544    60   3.9  16.0  15.1
E64A L63A 212  30   590    60   4.0  11.1  10.2
E64A L65A 201  19   519    60   6.6  15.4  13.3
E64A  LMN 104 286   242    60  15.7   3.7  14.6
E64A M66A 199  17   602    60   4.9   4.7   4.9
E64A MALY 100 283   353    60  17.2   3.1  14.9
E64A N62A 219  35   760    60   0.1  13.7  10.5
E64A NATG  39 223   568    39  12.8   2.1  11.6
E64A QM16 184   4   135    60  20.0  11.0  20.6
E64A QM38 302 120   269    60   7.0  19.1  18.3
E64A QM50 309 126   364    60   3.5  14.6  12.6
E64A QMM5 352 171   497    60   1.1  18.6  13.3
E64A SHEY 105 290   476    60  15.5   1.1  13.0
E64A SUSY 112 294   201    60  19.6   4.4  17.4
E64A  WES 213  31   527    60   0.4   9.8   5.7
E64A WODY 120 302   287    60  21.2   2.8  17.9
EDEY EMMW 260  77   413    60   1.8  18.5  15.3
EDEY F61A 278  92   678    60   2.7   8.8   8.7
EDEY F64A 278  94   472    60   0.8  16.4  13.8
EDEY G57A 272  83   994    60   1.2  11.9   9.7
EDEY G59A 271  83   853    60   0.5   5.3   2.6
EDEY G61A 272  85   721    60   0.5  10.8   8.4
EDEY G62A 271  85   644    60   1.4  10.4   8.8
EDEY G63A 269  84   574    60   0.6  12.9  10.6
EDEY  GBN  93 274    63    60  24.6  12.0  20.9
EDEY  GGN 266  83   357    60   0.0  11.9   8.8
EDEY H61A 266  79   764    60   0.1  14.3  11.0
EDEY H62A 265  79   703    60   0.7  13.3   9.8
EDEY H63A 265  79   614    60   0.2  15.0  12.1
EDEY H65A 262  78   474    60   0.3  18.6  14.0
EDEY  HAL 229  48   134    60  23.4  19.8  22.4
EDEY HANN 280  96   350    60   2.4  16.5  14.7
EDEY HOLY 292 109   343    60   3.3  16.3  14.4
EDEY I60A 262  75   888    60   0.4  13.7  10.4
EDEY I62A 260  73   736    60   1.1  12.1   9.7
EDEY I63A 260  74   672    60   2.3  13.7  10.2
EDEY I64A 256  71   604    60   0.9  15.3  12.5
EDEY J59A 262  73   993    60   0.2   8.5   7.8
EDEY J62A 255  69   796    60   0.7  13.9  10.6
EDEY J63A 254  68   738    60   1.4  14.3  11.1
EDEY JOSY 247  65   320    60   3.5  20.8  18.6
EDEY L65A 241  56   729    60   0.4  10.3   9.3
EDEY LATQ 289 101   832    60   2.2  12.7  10.6
EDEY  LMN 284 102   199    60   1.3  21.5  17.6
EDEY LSQQ 295 104  1178    60   1.7   8.0   7.3
EDEY MALY 296 116    90    60  11.0  22.7  19.0
EDEY N62A 245  57  1034    60   0.9   9.5   7.1
EDEY PLVO 273  83  1158    60   1.6   8.8   6.5
EDEY QM16 269  85   442    60   1.3  10.8   6.2
EDEY QM50 298 111   784    60   0.2   7.6   5.0
EDEY QM60 300 112   929    60   0.6   2.8   2.3
EDEY SHEY 143 323    43    60  24.6  16.2  23.4
EDEY SUSY 278  96   245    60   3.5  13.0  10.8
EDEY WODY 259  77   188    60  12.9  19.6  18.6
EMMW F57A 285 100   581    57   0.5  17.1  14.9
EMMW F60A 293 110   379    60   3.3  16.9  14.4
EMMW F61A 298 116   311    60   3.3  15.5  12.7
EMMW F62A 305 123   237    60   3.6  18.1  15.2
EMMW F64A 332 151   146    60   9.1  21.0  18.1
EMMW G59A 277  93   454    60   1.6   5.7   5.3
EMMW G61A 283 100   327    60   3.9  17.5  15.4
EMMW G62A 284 102   249    60   3.3  17.0  15.9
EMMW G63A 286 104   177    60   6.7  18.3  17.3
EMMW  GBN  78 263   475    60  12.7   1.7   9.6
EMMW  GGN  47 227    67    60  27.1  15.0  25.1
EMMW H61A 268  85   355    60   2.6  14.7  12.7
EMMW H62A 268  86   294    60   3.5  16.3  13.8
EMMW H63A 269  88   204    60   1.3  18.4  15.8
EMMW H64A 268  86   140    60   6.1  22.1  19.2
EMMW H65A 269  89    63    60  10.3  25.5  21.0
EMMW  HAL  90 273   307    60  17.2   5.2  16.7
EMMW HANN  22 203   141    60  29.2  24.1  28.5
EMMW HOLY  21 201   216    60  23.9  15.6  23.1
EMMW I57A 265  80   660    60   1.2  12.3   8.5
EMMW I62A 255  72   323    60   3.3  17.5  14.7
EMMW I63A 255  73   259    60   0.3  19.0  16.5
EMMW I64A 244  63   195    60   8.1  16.8  15.8
EMMW  ICQ   1 182   535    59   2.2   6.9   4.7
EMMW JOSY 113 294   125    60  21.4  12.9  19.3
EMMW K60A 248  64   568    37   0.5  15.9  12.1
EMMW K62A 241  58   447    60   0.6  14.6  12.8
EMMW L63A 228  45   462    60   4.9  17.0  15.9
EMMW L65A 216  34   364    60   6.4  23.7  20.1
EMMW  LMN  58 239   244    60  17.9   3.0  14.3
EMMW M66A 211  29   441    60   2.4  11.5   9.2
EMMW MALY  68 251   344    60  13.8   8.4  11.9
EMMW N62A 232  48   646    60   2.4  12.4  11.8
EMMW NATG  28 211   712    39   3.5   1.1   2.6
EMMW PLVO 276  89   760    60   1.2   9.6   7.7
EMMW QM16 325 145    68    60   6.2  21.2  16.8
EMMW QM38 323 140   421    60   4.0  16.7  13.7
EMMW QM60 320 136   668    60   0.5   3.1   2.0
EMMW QMM5 352 171   690    60   1.4  10.4   8.2
EMMW SUSY  54 236   195    60  22.7   9.6  22.1
EMMW VLDQ 300 112   880    60   1.1   8.8   7.0
EMMW  WES 232  49   405    60   0.5  19.2  15.4
EMMW WODY  78 260   225    60  22.6   8.2  18.4
F57A F60A  84 266   213    57  24.5   4.9  21.5
F57A F61A  85 268   288    57  19.8   3.1  18.4
F57A G57A 196  16    82    57  19.3  13.5  17.9
F57A G59A 124 305   144    57  20.6   1.8  17.4
F57A G61A 102 285   254    57  22.3   2.5  19.0
F57A G62A 100 283   332    57  22.7   1.0  18.6
F57A  GBN  88 277  1028    57   6.4   1.3   4.5
F57A  GGN  94 280   619    57   8.7   1.0   6.3
F57A H61A 122 304   260    57  18.2   4.4  17.3
F57A H62A 115 298   310    57  19.9   1.6  18.6
F57A H64A 105 289   449    57  11.3   2.7  10.0
F57A H65A 101 286   521    57  15.9   1.1  13.8
F57A  HAL  95 282   881    57  11.4   0.1   8.7
F57A HANN  86 272   615    57   6.0   1.3   5.0
F57A I57A 200  20   222    57   4.7   8.6   7.0
F57A I60A 153 334   245    57   8.3   8.4   6.9
F57A I62A 128 310   342    57  24.4   6.8  22.3
F57A I64A 116 300   452    57  13.5   2.1  11.4
F57A  ICQ  51 236   693    56  13.5   2.2  11.6
F57A J59A 177 357   261    57   3.3   3.4   0.1
F57A J62A 140 322   367    57  18.5   2.5  15.8
F57A J63A 133 316   402    57  24.6   3.4  21.0
F57A JOSY 101 287   705    57  12.6   0.8   9.6
F57A K60A 169 350   361    37   6.2   4.4   5.3
F57A K62A 150 332   401    57   8.6   2.6   6.5
F57A L63A 149 332   504    57   8.1   2.5   6.6
F57A L65A 137 320   562    57  16.2   0.5  13.0
F57A LATQ  39 221   228    57  18.6   5.1  14.5
F57A LSQQ 335 154   400    57   4.2   7.3   5.9
F57A N62A 169 350   551    57   5.1   3.8   4.8
F57A NATG  56 245  1014    39   6.7   0.1   5.3
F57A PLVO 246  64   205    57   2.2  24.3  21.3
F57A QM16  95 280   531    57   5.5   0.1   4.8
F57A QM38  53 236   359    57  18.5   1.3  16.3
F57A QM50  37 220   369    57  13.2   5.1  11.5
F57A QM60  15 196   387    57   7.3   1.4   4.0
F57A QMM5  36 220   710    57   9.0   2.1   6.5
F57A SHEY  90 279   995    57   4.5   2.1   4.3
F57A SUSY  88 274   720    57   9.3   2.1   7.5
F57A VLDQ 320 137   352    57   4.9  20.3  17.7
F57A  WES 143 326   467    57   9.7   2.4   7.7
F57A WODY  92 279   788    57   7.4   0.9   5.6
F60A F61A  89 270    74    60  24.7  17.5  24.7
F60A F62A  92 274   154    60  19.2   7.0  17.5
F60A F64A  91 274   280    60  19.0   0.6  16.1
F60A G57A 249  67   256    60   2.2  13.7  11.4
F60A G59A 225  44   138    60   1.6  12.8   9.1
F60A G61A 156 337    83    60  29.5  12.0  26.5
F60A G62A 126 307   139    60  20.7   3.5  20.6
F60A G63A 117 298   205    60  19.0   4.4  18.7
F60A  GBN  91 278   815    60  11.6   1.0   9.3
F60A  GGN 101 285   410    60  13.7   2.4   9.5
F60A H61A 179 359   161    60   8.0  12.0  10.3
F60A H62A 158 338   167    60  23.5   7.9  24.3
F60A H63A 133 315   209    60  18.4   4.7  18.7
F60A H64A 124 306   260    60  21.1   2.5  19.1
F60A H65A 115 297   323    60  16.6   2.1  16.9
F60A  HAL 100 286   672    60  11.8   1.4   9.2
F60A HANN  90 273   402    60  16.1   1.2  13.3
F60A I60A 205  24   259    60   0.4   9.4   8.6
F60A I62A 168 348   238    60  17.7   7.4  15.5
F60A I63A 153 334   239    60  23.0   1.9  22.1
F60A I64A 140 322   292    60  20.2   4.8  17.9
F60A  ICQ  40 223   528    59  10.5   0.4   7.7
F60A J59A 217  35   344    60   1.4  11.3   9.4
F60A J62A 178 358   305    60  11.3   9.5  11.6
F60A J63A 167 347   307    60  14.2  11.6  13.8
F60A K60A 203  22   403    37   3.2  10.0   8.0
F60A K62A 184   3   368    60   7.2  11.0  11.1
F60A L63A 176 357   457    60   6.6  11.6  12.1
F60A L65A 160 341   463    60  16.2   4.5  14.7
F60A LATQ 338 158   170    60  12.1  25.0  22.0
F60A  LMN  89 274   554    60  13.4   1.3  11.4
F60A LSQQ 314 130   511    60   1.2  18.9  13.8
F60A M66A 164 345   543    60   4.8   0.4   2.9
F60A MALY  89 275   667    60  11.1   0.1   8.2
F60A N62A 193  12   573    60   2.4   7.2   4.9
F60A NATG  51 238   832    39   8.8   0.4   7.0
F60A QM38  23 204   207    60  14.1   4.8  11.7
F60A QM50   5 185   272    60   7.6  10.6   9.7
F60A QM60 344 163   371    60   3.2   7.9   7.5
F60A QMM5  22 204   590    60   4.9   4.0   3.2
F60A SHEY  93 280   783    60  12.5   0.8  10.6
F60A  WES 173 353   401    60   5.7   6.3   6.5
F60A WODY  97 282   577    60   7.9   1.4   5.1
F61A F62A  96 277    80    60  24.4  11.0  23.4
F61A F64A  92 274   205    60  16.5   3.6  13.5
F61A G57A 254  71   327    60   0.5  14.3  12.4
F61A G61A 209  28    87    60   9.6  17.6  16.2
F61A G62A 157 337    91    60  24.7  14.1  23.2
F61A G63A 131 312   144    60  20.8   6.4  18.6
F61A  GGN 105 288   338    60  19.6   2.2  16.7
F61A H61A 205  24   177    60   7.7  21.4  16.3
F61A H62A 185   5   156    60  14.6  13.7  13.4
F61A H63A 152 333   164    60  25.0   6.4  24.7
F61A H64A 136 317   203    60  16.0   5.2  14.3
F61A H65A 122 304   258    60  15.3   3.2  14.2
F61A  HAL 102 287   599    60  11.7   0.1   9.5
F61A HANN  90 273   328    60  12.1   2.6  10.4
F61A HOLY  78 262   354    60  19.7   3.3  16.0
F61A I57A 240  57   432    60   0.0  17.0  11.9
F61A I60A 218  37   298    60   4.2  13.9  13.3
F61A I62A 187   7   235    60  10.2  13.7  14.8
F61A I63A 171 352   216    60  20.1   8.3  17.2
F61A I64A 154 335   252    60  21.9   6.7  18.7
F61A  ICQ  34 217   483    59  11.0   0.2   7.1
F61A J59A 226  44   394    60   1.6  15.8  13.6
F61A J62A 192  12   312    60   8.6  11.3  11.4
F61A K60A 213  31   439    37   1.9   8.5   6.7
F61A K62A 196  15   381    60   5.9  13.7  12.4
F61A L63A 186   6   459    60   5.0  10.6   8.9
F61A L65A 170 351   445    60  13.0   6.9  10.8
F61A LATQ 319 138   208    60   0.5  21.8  17.8
F61A M66A 172 353   528    60   9.5   4.8   8.8
F61A MALY  89 275   593    60   8.6   1.1   6.3
F61A N62A 201  19   595    60   4.2   6.7   6.1
F61A PLVO 260  76   486    60   0.8  16.6  13.7
F61A QM16 109 291   252    60  12.9   2.7  11.7
F61A QM38   3 183   189    60   7.5  16.9  12.8
F61A QM50 350 169   275    60   9.6  20.8  19.5
F61A QM60 334 153   396    60   1.0   9.8   8.0
F61A QMM5  16 198   565    60   8.4   5.7   8.9
F61A SUSY  92 276   433    60  15.5   2.8  12.4
F61A VLDQ 298 113   569    60   1.4  13.0  11.9
F61A  WES 184   4   400    60   4.2  10.4   7.7
F61A WODY  99 283   504    60   8.3   1.5   7.2
F62A F64A  91 272   126    60  17.7   6.4  16.1
F62A G57A 259  76   402    60   0.1  19.2  16.2
F62A G59A 251  69   267    60   2.8  13.3  12.1
F62A G61A 241  60   140    60   6.1  22.3  19.4
F62A G62A 211  30    87    60   9.4  30.0  25.1
F62A G63A 163 343    91    60  28.6   9.9  23.8
F62A  GBN  92 278   661    60   8.7   1.3   6.1
F62A  GGN 108 291   259    60  20.7   0.8  17.0
F62A H61A 226  45   217    60   5.9  21.6  20.1
F62A H62A 213  32   174    60  14.3  20.0  20.1
F62A H63A 182   2   137    60  20.0  12.4  16.8
F62A H64A 157 338   151    60  21.2   4.2  16.3
F62A H65A 134 315   190    60  20.8   5.0  20.1
F62A HANN  89 272   248    60  19.4   3.4  15.1
F62A HOLY  74 257   279    60  21.1   2.7  18.6
F62A I57A 246  62   499    60   2.6  18.0  16.2
F62A I62A 206  25   249    60   9.4  19.6  18.9
F62A I63A 194  13   211    60  10.0  14.3  13.8
F62A I64A 173 353   221    60  20.9  12.0  20.0
F62A  ICQ  26 208   451    59  12.4   3.1  10.3
F62A J62A 207  26   331    60   6.1  15.5  13.1
F62A J63A 197  16   304    60  10.8  12.0  12.7
F62A JOSY 119 302   360    60  14.0   2.4  12.3
F62A K62A 208  26   402    60   7.7  16.3  14.5
F62A L63A 197  16   467    60   8.8   9.2   9.8
F62A L65A 181   1   430    60  12.5   7.9  10.7
F62A LATQ 308 126   272    60   4.7  17.9  16.7
F62A  LMN  89 273   401    60  14.0   2.9  12.3
F62A LSQQ 306 121   634    60   0.6   8.5   5.4
F62A M66A 182   1   515    60   3.1   3.2   2.9
F62A MALY  89 274   514    60  12.5   1.1  10.3
F62A N62A 208  26   620    60   2.9   5.6   4.6
F62A NATG  45 230   722    39  10.5   3.0   9.3
F62A PLVO 263  78   564    60   3.5  16.1  14.5
F62A QM16 115 297   175    60  15.7   0.1  11.6
F62A QM38 341 161   209    60   9.0  22.6  21.0
F62A QM50 336 155   307    60   4.3  21.6  18.9
F62A QM60 326 144   443    60   1.0   7.3   6.9
F62A QMM5   9 189   557    60   3.5   7.9   6.7
F62A SHEY  95 281   629    60  11.0   0.6   7.9
F62A SUSY  92 275   353    60  20.2   0.3  16.0
F62A  WES 196  15   405    60   3.9   9.0   8.1
F62A WODY 100 284   424    60   6.8   0.7   5.7
F64A G57A 263  78   525    60   0.5  17.1  13.5
F64A G59A 259  75   388    60   2.8  11.8  13.1
F64A G62A 248  66   185    60   6.4  22.3  20.5
F64A G63A 230  50   129    60   6.7  28.9  25.0
F64A  GBN  93 278   535    60   9.1   0.3   7.0
F64A  GGN 125 306   144    60  17.7   6.2  16.0
F64A H61A 243  61   318    60   4.1  15.8  12.9
F64A H62A 238  56   263    60   7.6  18.2  18.5
F64A H63A 225  44   188    60  11.5  22.1  20.3
F64A H64A 207  26   152    60  12.0  17.2  13.3
F64A H65A 176 356   130    60  23.8  13.9  21.1
F64A  HAL 108 292   398    60  10.2   2.1   7.3
F64A HANN  88 270   123    60  15.6   8.3  15.7
F64A HOLY  62 244   163    60  22.7  10.7  20.1
F64A I57A 252  67   615    60   1.2  14.9  11.5
F64A I60A 242  58   450    60   0.6  12.0   9.3
F64A I62A 228  46   323    60   2.9  24.0  21.4
F64A I63A 222  40   268    60   6.5  18.4  15.9
F64A I64A 206  25   239    60   8.3  14.2  11.2
F64A  ICQ  11 192   415    59   5.9   8.1   8.0
F64A J59A 244  59   556    60   3.7  10.2   9.2
F64A J62A 224  42   402    60   5.6  22.4  20.6
F64A J63A 218  36   360    60   2.7  17.7  15.4
F64A JOSY 133 315   256    60  15.3   8.0  13.1
F64A K60A 233  49   571    37   1.7  14.3  13.0
F64A K62A 222  40   472    60   5.3  19.7  17.9
F64A L63A 212  29   516    60   2.7  11.7  10.7
F64A L65A 198  17   447    60   7.5  13.5  12.1
F64A LATQ 298 115   379    60   0.4  14.4  10.9
F64A  LMN  89 271   275    60  17.2   4.2  14.5
F64A M66A 196  15   531    60   5.5   6.2   4.8
F64A MALY  89 273   388    60  14.3   4.7  12.0
F64A NATG  38 222   642    39  11.9   0.3  10.8
F64A QM16 157 337    79    60  19.5   5.4  15.1
F64A QM38 317 136   278    60   3.4  18.5  16.3
F64A QMM5 357 176   555    60   2.2  10.8   6.3
F64A SUSY  93 275   227    60  17.3   3.7  15.8
F64A VLDQ 293 106   760    60   0.2   5.6   4.5
F64A  WES 213  31   454    60   4.4  14.6  12.7
F64A WODY 105 288   300    60  12.4   5.2  11.3
G57A G59A  90 272   142    60  21.5   1.9  18.6
G57A G61A  85 267   272    60  21.2   1.6  17.6
G57A G62A  86 269   350    60  13.4   1.1  10.6
G57A  GGN  87 273   641    60  12.8   1.6   8.8
G57A H61A 104 286   250    60  22.8   1.5  21.2
G57A H62A 100 282   308    60  20.2   2.1  18.9
G57A H63A  95 279   394    60  17.8   0.3  14.1
G57A H65A  92 277   534    60  14.1   0.6  11.6
G57A  HAL  89 277   901    60   9.1   0.2   7.1
G57A HOLY  74 260   681    60  13.2   1.3  11.8
G57A I57A 203  22   140    60   5.8  16.1  13.3
G57A I60A 135 317   194    60  24.4   9.1  22.8
G57A I62A 114 296   321    60  22.6   1.5  20.4
G57A I63A 107 290   369    60  16.9   3.9  17.0
G57A  ICQ  47 233   762    59  14.6   0.5  11.4
G57A J59A 168 348   186    60  12.3  12.5  13.4
G57A J63A 122 304   372    60  19.4   2.3  15.4
G57A K60A 162 343   290    37  10.8   6.0  10.5
G57A K62A 140 322   350    60  17.0   2.0  14.9
G57A L63A 142 324   452    60  16.9   3.2  13.4
G57A L65A 129 312   525    60  16.9   1.1  12.0
G57A LATQ  33 215   305    60  19.8   3.9  16.9
G57A LSQQ 342 160   465    60   1.1   7.6   5.0
G57A M66A 136 319   581    60   5.6   0.1   3.6
G57A MALY  81 269   912    60  11.8   0.4   9.4
G57A N62A 165 346   480    60   5.5   3.0   6.2
G57A PLVO 268  87   165    60   4.3  27.0  22.6
G57A QM16  86 271   553    60   6.5   0.9   7.3
G57A QM38  47 230   427    60  19.9   0.8  18.5
G57A QM50  33 216   446    60  13.1   0.3   8.8
G57A QM60  15 196   469    60   3.1   0.6   2.3
G57A QMM5  34 218   787    60   7.6   1.4   6.0
G57A SHEY  85 274  1022    60   5.8   1.3   3.2
G57A VLDQ 329 147   403    60   4.4   9.8   7.9
G57A  WES 134 317   422    60  14.1   3.0  13.7
G59A G61A  80 261   132    60  15.5   3.5  13.9
G59A G62A  85 267   209    60  16.0   3.4  13.4
G59A G63A  88 270   280    60  11.8   0.0   7.7
G59A  GGN  87 272   499    60   8.7   2.3   8.7
G59A H61A 122 302   117    60  23.7   0.8  16.1
G59A H62A 109 290   170    60  16.9   2.6  13.5
G59A H65A  95 278   392    60   9.7   2.8   7.7
G59A  HAL  90 277   759    60   4.9   1.3   3.4
G59A HANN  78 262   509    60   6.7   0.4   6.3
G59A I57A 238  56   234    60   2.6  12.5  12.1
G59A I60A 184   4   138    60  11.0  10.8  14.0
G59A I62A 132 313   199    60  18.3   7.5  17.5
G59A  ICQ  40 224   666    59   8.5   0.1   5.6
G59A J62A 152 332   233    60  12.1   2.3  11.9
G59A J63A 139 321   261    60  16.9   0.8  13.8
G59A JOSY  97 282   575    60   4.8   0.7   3.2
G59A K60A 192  11   280    37   2.4  10.5   5.4
G59A K62A 164 345   279    60   6.8   0.1   2.2
G59A L63A 160 341   379    60   6.4   4.1   6.6
G59A L65A 142 324   423    60   8.2   1.6   5.8
G59A LATQ   7 187   258    60   8.8   6.3   8.9
G59A  LMN  80 266   660    60   9.3   0.5   6.0
G59A M66A 149 331   491    60   4.7   1.2   2.7
G59A MALY  81 268   772    60   6.3   1.1   5.1
G59A N62A 183   3   462    60   3.1   1.7   5.4
G59A NATG  50 237   969    39   5.3   0.7   3.8
G59A QM38  31 213   339    60  10.6   3.0  10.5
G59A QM50  17 198   388    60   6.0   4.9   5.2
G59A SUSY  81 266   611    60   8.6   0.9   8.8
G59A VLDQ 316 133   492    60   2.2   6.2   5.4
G59A WODY  87 273   670    60   4.2   0.7   2.8
G61A G62A  95 276    78    60  26.9   8.8  22.6
G61A G63A  96 278   151    60  25.9   6.7  23.6
G61A  GBN  85 273   784    60  10.7   0.6   9.2
G61A  GGN  91 274   369    60  17.5   2.5  14.8
G61A H61A 201  20    90    60  14.5  24.1  23.1
G61A H62A 159 340    84    60  24.5  12.4  23.9
G61A H63A 120 301   136    60  20.5   5.5  18.5
G61A H64A 111 292   195    60  21.8   3.5  18.5
G61A H65A 103 285   267    60  17.0   2.8  15.3
G61A HANN  78 262   377    60  13.9   2.0  13.0
G61A HOLY  69 252   416    60  20.2   1.1  17.3
G61A I57A 247  64   360    60   0.2  20.5  20.2
G61A I60A 222  41   213    60   5.2  21.8  19.0
G61A I62A 174 355   157    60  20.2  15.1  21.2
G61A I63A 151 332   156    60  27.0   7.0  24.3
G61A I64A 135 316   213    60  24.0   2.0  18.5
G61A J59A 231  49   312    60   3.6  18.0  16.1
G61A J62A 186   6   230    60   9.2  10.4  11.9
G61A J63A 171 351   225    60  13.1  12.1  12.0
G61A JOSY 103 286   451    60  13.1   0.3  10.5
G61A K60A 213  32   352    37   2.0  15.3  13.1
G61A K62A 191  11   296    60  11.8  17.3  16.1
G61A L63A 181   1   380    60   6.7   6.5   7.5
G61A L65A 161 342   380    60  13.0   6.0  12.7
G61A LATQ 338 157   253    60   8.5  23.8  21.8
G61A LSQQ 317 133   589    60   0.3  12.8   8.8
G61A M66A 165 346   461    60   8.3   2.5   6.5
G61A MALY  82 268   641    60  13.7   2.2  10.5
G61A N62A 199  17   509    60   2.0   8.0   6.9
G61A NATG  46 233   857    39  11.8   0.8   7.9
G61A PLVO 268  84   437    60   3.1  17.8  15.8
G61A QM38  11 191   271    60   8.2  10.3   8.6
G61A QM50 358 178   348    60   4.8   6.4   6.0
G61A QM60 343 162   453    60   1.6   7.0   5.2
G61A QMM5  17 199   651    60   5.6   2.8   4.3
G61A SHEY  88 275   749    60   7.0   0.5   5.0
G61A SUSY  82 266   479    60  15.4   0.2  12.8
G61A VLDQ 306 122   575    60   1.6  13.2  10.1
G61A  WES 177 357   322    60   8.5   5.4   6.6
G61A WODY  90 275   540    60   8.5   0.6   5.6
G62A G63A  99 279    73    60  20.9  15.4  20.1
G62A  GGN  91 274   290    60  14.2   2.9  11.5
G62A H61A 235  55   135    60   7.0  22.2  19.4
G62A H62A 215  34    87    60  13.0  20.4  18.8
G62A H63A 147 328    73    60  27.4  11.0  23.3
G62A H64A 121 302   122    60  19.2   7.8  18.7
G62A H65A 107 289   189    60  19.1   5.6  17.4
G62A HANN  75 257   303    60  13.4   1.7  11.5
G62A HOLY  64 247   348    60  19.3   0.6  16.1
G62A I60A 236  54   267    60   6.0  21.3  18.1
G62A I62A 203  23   162    60  14.8  20.4  19.3
G62A I63A 182   2   130    60  19.5  10.6  16.2
G62A I64A 153 334   161    60  21.9  11.3  18.2
G62A  ICQ  26 208   538    59   9.8   0.7   7.2
G62A J59A 240  57   372    60   0.5  20.8  18.0
G62A J62A 205  24   244    60   8.8  21.1  20.2
G62A J63A 192  11   220    60   7.6  13.3  11.8
G62A JOSY 105 288   373    60  16.0   1.6  15.0
G62A K60A 224  42   395    37   2.7  14.3  13.5
G62A K62A 206  25   315    60  10.2  18.1  17.7
G62A L63A 194  13   383    60   6.7  11.8  12.2
G62A L65A 174 354   356    60  12.6   9.9  10.6
G62A LATQ 325 143   297    60   3.4  17.5  13.7
G62A  LMN  79 263   453    60  14.3   1.4  11.9
G62A LSQQ 313 129   649    60   2.0  10.7   9.8
G62A M66A 176 356   441    60   8.9   6.3   8.0
G62A MALY  81 266   564    60  12.9   2.9  10.2
G62A N62A 208  26   533    60   1.8  12.8  10.8
G62A NATG  43 229   807    39  13.3   1.1   9.5
G62A PLVO 270  85   515    60   1.8  11.8  10.5
G62A QM16  89 271   203    60  14.0   6.8  14.6
G62A QM38 355 175   274    60  12.2  13.5  12.9
G62A QM50 347 166   365    60   7.1  20.5  16.5
G62A QM60 335 153   488    60   1.9   5.7   3.3
G62A QMM5  11 192   639    60   2.9   5.2   5.1
G62A SUSY  80 264   403    60  14.9   7.0  13.7
G62A  WES 192  11   321    60   3.0  10.0   7.4
G62A WODY  90 274   462    60  11.3   2.7   9.3
G63A  GBN  84 270   637    60  10.2   0.1   7.2
G63A  GGN  89 271   218    60  15.7   5.4  16.5
G63A H61A 251  69   194    60   0.2  23.1  20.8
G63A H62A 244  63   136    60   5.4  19.9  17.4
G63A H63A 213  33    60    60  11.3  25.3  22.9
G63A H64A 149 329    61    60  23.5  10.4  19.5
G63A H65A 113 294   118    60  25.5   7.9  20.0
G63A HANN  68 250   239    60  18.4   5.0  17.2
G63A HOLY  56 239   291    60  21.9   3.5  19.6
G63A I57A 257  73   498    60   0.6  17.9  14.5
G63A I60A 246  63   325    60   0.5  20.2  18.0
G63A I62A 225  44   194    60   5.6  22.0  20.6
G63A I63A 213  33   141    60   5.8  17.3  14.9
G63A I64A 181   1   133    60  21.7  14.0  18.6
G63A  ICQ  19 201   521    59  11.7   4.3  10.3
G63A J59A 247  63   431    60   1.4  22.2  20.8
G63A J62A 221  39   274    60   3.4  23.2  21.0
G63A J63A 210  29   235    60   7.0  17.5  14.9
G63A JOSY 107 290   301    60  14.9   1.6  12.0
G63A K60A 233  50   441    37   2.1  17.3  14.4
G63A K62A 219  37   344    60   3.7  14.7  12.8
G63A L63A 205  23   395    60   2.5  14.3  11.7
G63A L65A 186   6   345    60  12.2  12.2  14.1
G63A LATQ 317 135   351    60   2.9  16.2  14.3
G63A  LMN  76 259   385    60  16.7   2.2  13.6
G63A M66A 186   5   430    60   0.6   5.1   0.6
G63A MALY  79 263   496    60  12.5   3.8  11.7
G63A N62A 215  33   561    60   3.2  15.7  13.6
G63A NATG  39 224   769    39   7.7   1.1   5.9
G63A QM16  85 266   132    60  18.1   5.7  15.7
G63A QM38 342 161   300    60   5.1  24.0  20.0
G63A QM50 338 156   398    60   1.6  17.7  13.9
G63A QMM5   5 186   640    60   0.9   6.8   4.7
G63A SHEY  87 273   600    60  10.7   0.6   8.4
G63A SUSY  77 260   334    60  17.0   4.8  14.9
G63A  WES 205  24   333    60   4.2  13.5  10.8
G63A WODY  89 272   390    60   9.6   0.5   7.7
 GBN  GGN 267  84   419    60   4.6  11.2  10.1
 GBN H61A 267  80   827    60   2.1  11.8   9.4
 GBN H62A 266  80   766    60   0.4  14.3  10.9
 GBN H64A 265  79   613    60   3.0  12.4  11.7
 GBN H65A 264  79   536    60   1.5  11.5   9.5
 GBN  HAL 243  62   185    60  12.0  29.3  27.5
 GBN HANN 279  95   413    60   1.6  12.4   8.6
 GBN HOLY 290 106   403    60   1.4  13.1  10.3
 GBN I57A 267  77  1132    60   1.3   9.2   6.8
 GBN I62A 261  74   797    60   0.6   9.9   6.1
 GBN I64A 258  73   665    60   0.5  11.9  10.7
 GBN J62A 257  70   856    60   3.1  10.6   9.6
 GBN J63A 256  69   798    60   1.0   9.9   7.9
 GBN JOSY 252  69   378    60   6.6  16.2  15.7
 GBN K62A 254  67   911    60   1.3  14.4  11.7
 GBN L63A 248  61   904    60   0.2  11.5   9.0
 GBN L65A 244  58   783    60   1.6  12.3  10.8
 GBN  LMN 282 100   262    60   4.0  14.7  13.9
 GBN LSQQ 295 103  1237    60   0.1   6.3   5.7
 GBN MALY 287 106   150    60   8.6  22.6  20.5
 GBN N62A 247  59  1090    60   1.2   8.3   5.5
 GBN QM38 293 106   759    60   2.6   9.2   7.1
 GBN QMM5 321 135   811    60   0.9   6.8   5.0
 GBN SHEY 231  50    48    60  21.1  32.7  32.1
 GBN SUSY 278  95   308    60   5.3  13.9  12.4
 GBN VLDQ 290  98  1275    60   0.9   1.7   1.6
 GBN  WES 250  64   856    60   1.0   7.0   5.2
 GBN WODY 263  81   250    60  12.6  22.3  22.9
 GGN H61A 262  79   408    60   1.3  16.8  13.3
 GGN H62A 261  78   346    60   1.6  18.0  15.9
 GGN H63A 260  78   257    60   3.0  18.2  16.1
 GGN H64A 255  73   195    60  11.2  18.9  17.6
 GGN H65A 248  67   120    60  11.1  28.3  24.9
 GGN  HAL 101 283   262    60  19.4   3.4  14.8
 GGN HANN   4 184    85    60  21.6  19.2  22.6
 GGN HOLY  10 191   159    60  25.4  20.7  27.1
 GGN I60A 257  72   532    60   0.9  17.5  15.2
 GGN I62A 250  67   383    60   0.9  20.4  16.0
 GGN I63A 250  67   320    60   3.5  23.2  21.5
 GGN I64A 240  58   259    60   5.1  21.3  18.7
 GGN  ICQ 356 176   491    59   1.4   5.7   3.4
 GGN J62A 244  60   450    60   2.9  18.7  17.4
 GGN J63A 240  57   395    60   4.2  19.1  18.2
 GGN JOSY 145 326   116    60  23.9  10.9  21.2
 GGN K60A 246  61   631    37   2.5  18.0  15.2
 GGN K62A 240  56   512    60   0.2  13.5   9.9
 GGN L63A 228  45   529    60   3.8  15.9  13.1
 GGN L65A 218  36   430    60   6.7  18.5  17.5
 GGN  LMN  62 244   179    60  24.4   5.0  19.8
 GGN LSQQ 303 116   885    60   0.4   9.1   6.1
 GGN M66A 213  31   505    60   1.3   5.9   3.8
 GGN MALY  73 256   283    60  18.0   5.2  14.4
 GGN N62A 232  47   712    60   0.4  12.3  10.1
 GGN NATG  26 209   649    39   3.7   1.6   4.3
 GGN PLVO 273  86   805    60   2.3   7.5   6.0
 GGN QM16 277  96    88    60   0.2  20.3  15.9
 GGN QM50 317 133   519    60   2.7  11.0   8.9
 GGN QMM5 348 166   653    60   1.7   7.5   6.3
 GGN SHEY  88 271   382    60  10.5   2.7   5.0
 GGN SUSY  58 239   129    60  23.5   5.5  21.6
 GGN VLDQ 296 108   902    60   1.1  13.5   9.9
 GGN  WES 231  48   471    60   0.2  14.7  12.7
 GGN WODY  90 272   172    60  16.0   8.1  12.8
H61A H62A  85 265    62    60  29.7  11.9  25.1
H61A H63A  84 265   151    60  23.4   4.1  24.1
H61A H64A  86 267   215    60  19.0   4.9  15.4
H61A H65A  85 268   293    60  18.3   0.4  16.3
H61A  HAL  86 272   662    60   9.2   2.0   7.5
H61A HANN  68 251   432    60  17.3   2.2  14.6
H61A HOLY  61 244   481    60  19.6   2.1  16.9
H61A I60A 236  55   133    60   6.0  26.5  23.5
H61A I62A 147 327    86    60  23.9  12.0  22.7
H61A I63A 116 297   120    60  23.8   6.6  23.4
H61A I64A 109 291   195    60  17.5   5.5  18.7
H61A  ICQ  31 214   659    59   6.2   1.4   4.9
H61A J59A 241  59   238    60   3.0  22.8  19.6
H61A J62A 176 356   144    60  16.0  15.5  18.1
H61A J63A 153 334   154    60  24.1   9.1  22.1
H61A JOSY  91 276   472    60  10.9   1.2   9.0
H61A K60A 217  36   265    37   2.2  15.6  14.0
H61A K62A 187   7   208    60  13.7  12.3  16.4
H61A L63A 175 355   297    60  13.0  12.3  11.7
H61A L65A 151 332   316    60  19.2   6.6  16.0
H61A LATQ 349 168   325    60   4.7  18.5  15.8
H61A  LMN  73 258   579    60  17.1   1.4  13.8
H61A M66A 157 339   391    60  11.3   6.2   7.4
H61A MALY  75 261   688    60  11.3   2.2  10.3
H61A N62A 198  17   419    60   4.5  11.1   9.9
H61A NATG  44 230   939    39  11.3   1.7   8.5
H61A QM16  75 258   323    60  17.9   1.4  15.8
H61A QM38  13 194   360    60  10.0   4.9   7.3
H61A QM50   3 183   432    60   4.5   9.1   7.9
H61A QM60 349 168   527    60   1.8   5.9   4.8
H61A QMM5  17 200   741    60   4.3   3.6   4.2
H61A SUSY  73 258   528    60  15.9   0.3  14.8
H61A VLDQ 314 130   606    60   1.1  13.7  10.8
H61A  WES 168 349   243    60   7.5  12.2  11.0
H61A WODY  81 266   578    60  11.3   2.4   9.7
H62A H63A  83 264    89    60  20.5   7.0  16.5
H62A H64A  87 268   154    60  22.3   2.4  20.1
H62A H65A  86 268   231    60  18.6   1.7  15.7
H62A  HAL  87 272   600    60   6.8   0.7   5.0
H62A HOLY  58 241   426    60  16.1   5.7  14.5
H62A I57A 260  77   367    60   2.0  16.2  15.2
H62A I60A 245  64   189    60   5.1  27.6  24.1
H62A I62A 191  10    79    60  10.4  17.0  15.7
H62A I63A 142 322    74    60  27.0  10.9  22.6
H62A I64A 120 301   142    60  23.4   6.4  21.1
H62A  ICQ  27 210   624    59   5.4   0.2   3.0
H62A J59A 246  64   295    60   3.1  22.2  18.2
H62A J62A 200  19   159    60   9.0  15.9  16.5
H62A J63A 177 358   144    60  13.6  10.8  11.9
H62A JOSY  93 277   411    60   9.8   1.7   9.3
H62A K60A 226  44   310    37   0.4  17.1  15.2
H62A K62A 203  22   229    60   9.0  17.8  17.2
H62A L63A 187   7   303    60   9.3  16.3  17.9
H62A L65A 162 343   297    60  18.2   8.0  16.2
H62A LATQ 339 157   337    60   4.8  20.1  16.5
H62A M66A 167 348   378    60   8.9   9.3   8.4
H62A N62A 206  24   447    60   6.0  10.2  10.3
H62A NATG  42 228   893    39   7.3   0.4   6.3
H62A PLVO 278  94   471    60   2.4  16.8  15.4
H62A QM38   4 184   345    60  10.4   6.5   8.7
H62A QM50 355 175   428    60   4.7   9.2   7.1
H62A QM60 343 161   537    60   2.4   5.9   4.6
H62A QMM5  13 195   719    60   5.2   1.7   4.9
H62A SHEY  82 268   727    60   8.8   0.2   6.8
H62A SUSY  72 256   468    60  15.3   3.9  13.3
H62A VLDQ 311 126   647    60   2.4  10.7   7.5
H62A  WES 183   3   244    60  11.5  11.0  11.8
H62A WODY  81 266   517    60  14.4   1.9  10.9
H63A H64A  92 272    65    60  24.5   8.7  21.3
H63A H65A  88 269   142    60  19.4   3.0  16.2
H63A  HAL  88 273   511    60   6.2   1.3   5.3
H63A HANN  61 243   290    60  19.0   4.6  16.7
H63A HOLY  52 235   347    60  14.8   0.3  13.7
H63A I57A 262  78   456    60   0.9  12.7  10.4
H63A I60A 252  70   275    60   3.8  21.0  18.8
H63A I62A 230  49   136    60   8.3  27.8  22.7
H63A I63A 213  32    81    60  14.6  20.1  19.6
H63A I64A 159 339    88    60  24.4  14.0  22.0
H63A  ICQ  20 202   580    59   4.3   0.6   4.2
H63A J62A 222  41   214    60  10.3  21.9  21.2
H63A J63A 209  28   175    60  10.4  19.0  18.7
H63A JOSY  96 279   323    60  16.0   2.4  13.4
H63A K60A 235  53   385    37   2.6  17.8  16.6
H63A K62A 219  38   284    60  10.9  19.4  19.4
H63A L63A 203  22   336    60   8.2  15.6  14.5
H63A L65A 180   0   292    60  15.3  13.1  14.1
H63A LATQ 326 144   370    60   4.3  16.1  13.7
H63A  LMN  70 254   431    60  15.5   0.6  12.0
H63A LSQQ 315 130   720    60   0.7  10.9   8.7
H63A M66A 181   1   378    60   4.3   7.2   5.9
H63A N62A 215  33   500    60   7.4  18.9  17.1
H63A PLVO 277  92   558    60   1.9  15.2  14.4
H63A QM16  69 250   175    60  18.5   2.5  15.9
H63A QM38 350 169   341    60   6.2  14.2  13.7
H63A QM50 344 163   435    60   1.8  14.5  13.1
H63A QM60 335 152   560    60   3.2   7.5   7.0
H63A QMM5   7 188   694    60   5.3   3.4   5.0
H63A SHEY  82 268   638    60  12.0   1.5   9.1
H63A VLDQ 306 121   711    60   0.7   6.4   5.2
H63A  WES 203  22   273    60   5.5  18.0  14.3
H63A WODY  82 265   427    60  15.5   1.6  12.0
H64A H65A  85 266    77    60  22.0  13.1  21.4
H64A  HAL  88 272   447    60  11.7   0.3   8.1
H64A HANN  54 235   237    60  21.6   7.7  18.3
H64A HOLY  45 227   300    60  17.7   6.0  16.1
H64A I60A 256  73   337    60   3.0  21.3  17.8
H64A I62A 244  63   189    60   2.3  22.1  19.0
H64A I63A 239  58   127    60   6.3  21.3  19.3
H64A I64A 203  22    87    60  16.0  16.3  18.1
H64A  ICQ  15 196   562    59   3.4   6.3   6.4
H64A J59A 255  71   443    60   0.9  17.3  14.9
H64A J62A 234  52   261    60   7.8  21.1  20.1
H64A J63A 225  44   212    60   5.9  26.8  26.3
H64A JOSY  98 280   259    60  17.5   0.7  11.5
H64A K60A 241  58   439    37   1.3  17.9  14.0
H64A K62A 229  47   328    60   2.9  25.5  22.2
H64A L63A 213  31   365    60   5.2  11.3  11.5
H64A L65A 193  13   298    60  14.6  12.0  13.8
H64A  LMN  67 250   372    60  13.2   2.4   9.4
H64A LSQQ 312 127   768    60   1.1   8.8   5.6
H64A M66A 192  11   383    60   6.5   6.3   7.4
H64A MALY  72 257   478    60  15.1   2.1  14.4
H64A N62A 222  39   539    60   2.9  16.3  14.6
H64A NATG  35 220   792    39   7.7   0.5   6.0
H64A QM16  57 238   118    60  21.9   5.2  20.8
H64A QM38 340 159   360    60   2.6  16.0  12.7
H64A QM50 337 155   459    60   2.3  17.5  16.3
H64A QMM5   2 183   690    60   1.4   9.7   6.0
H64A SUSY  67 249   321    60  16.2   4.9  13.4
H64A VLDQ 304 118   765    60   1.9  11.7   9.8
H64A  WES 215  33   303    60   1.1   9.4   7.0
H64A WODY  80 264   364    60  16.0   5.6  13.9
H65A  HAL  89 273   369    60  13.6   1.4  11.5
H65A HANN  41 222   176    60  20.7   9.6  20.7
H65A HOLY  34 215   246    60  19.1   9.3  17.5
H65A I57A 264  79   597    60   1.4  12.9  10.7
H65A I60A 259  75   414    60   0.6  19.7  17.0
H65A I62A 251  69   263    60   3.2  20.9  18.0
H65A I63A 250  68   199    60   2.1  19.4  16.8
H65A I64A 233  52   140    60   7.3  27.3  21.8
H65A  ICQ   8 188   542    59   1.7   7.7   4.6
H65A J62A 242  59   329    60   1.4  18.2  17.0
H65A J63A 236  54   276    60   0.9  17.0  16.0
H65A K60A 245  61   510    37   0.4  11.4  10.6
H65A L63A 222  40   417    60   6.6  22.2  19.6
H65A L65A 207  26   330    60   6.7  19.9  18.1
H65A M66A 203  21   412    60   0.4   7.0   6.3
H65A MALY  71 254   403    60  13.5   0.8  12.7
H65A N62A 227  44   597    60   0.2  13.6  10.0
H65A NATG  31 215   744    39   7.0   1.2   5.7
H65A QM16  22 202    62    60  16.7  19.6  19.7
H65A QM50 329 146   489    60   1.1  13.6  11.0
H65A QM60 324 140   630    60   1.7   3.7   3.4
H65A QMM5 357 176   685    60   1.9  10.4   6.6
H65A SUSY  62 244   249    60  24.8   7.0  22.7
H65A WODY  80 262   287    60  18.3   2.9  16.3
 HAL HANN 300 118   285    60   7.0  17.3  16.5
 HAL HOLY 314 132   307    60   8.5  16.9  15.7
 HAL I57A 270  81   966    60   1.4   9.0   7.7
 HAL I60A 267  80   779    60   0.1  11.9   8.0
 HAL I64A 263  79   489    60   0.7  16.2  13.5
 HAL  ICQ 334 151   611    59   1.4   6.6   5.7
 HAL J62A 260  74   678    60   0.6  12.4  10.3
 HAL J63A 259  73   619    60   1.6  13.1  10.9
 HAL JOSY 259  77   197    60  14.1  19.2  19.3
 HAL K62A 256  70   731    60   0.4  15.9  13.8
 HAL L63A 247  62   720    60   0.2  10.9   8.5
 HAL L65A 243  59   599    60   2.9  16.0  14.6
 HAL LATQ 296 110   774    60   0.6   4.8   3.8
 HAL  LMN 325 144   165    60   5.9  25.2  20.6
 HAL MALY   8 188   130    60  21.8  16.7  22.1
 HAL NATG   5 186   631    39   1.7   2.4   0.5
 HAL QM16 282  99   350    60   1.9  11.2   7.9
 HAL SHEY  66 247   138    60  29.7  11.4  27.4
 HAL SUSY 310 129   188    60   5.4  15.4  13.1
 HAL VLDQ 295 105  1156    60   0.6   4.0   2.7
 HAL  WES 251  66   673    60   0.0   9.3   7.4
 HAL WODY 302 121    99    60   7.3  22.3  18.4
HANN HOLY  18 198    75    60  25.1  25.5  27.6
HANN I62A 240  57   424    60   2.4  19.7  14.8
HANN I63A 237  55   363    60   3.8  16.6  14.7
HANN I64A 227  45   314    60   5.4  16.2  15.6
HANN  ICQ 355 174   407    59   5.1   2.4   5.3
HANN J62A 235  52   498    60   3.6  15.5  15.6
HANN J63A 231  48   448    60   1.2  16.9  15.4
HANN JOSY 161 342   189    60  17.4   8.4  16.3
HANN K60A 240  55   674    37   0.7  10.5   6.5
HANN K62A 233  49   564    60   5.0  15.9  15.1
HANN L63A 223  39   592    60   1.6  17.3  14.4
HANN L65A 213  31   503    60   6.0  20.6  16.3
HANN LATQ 292 108   490    60   0.6  12.5  10.1
HANN  LMN  90 272   152    60  15.4   4.4  13.7
HANN LSQQ 298 111   846    60   1.9   6.2   4.7
HANN M66A 209  27   581    60   0.9  12.3   8.8
HANN MALY  91 273   265    60  15.9   6.7  13.9
HANN N62A 227  42   772    60   0.6   8.4   7.3
HANN NATG  30 213   572    39   8.8   2.1   8.5
HANN QM16 231  51   119    60   7.5  19.1  16.4
HANN QM38 304 121   370    60   0.3  16.1  11.7
HANN QM50 309 125   465    60   1.0  10.6   7.6
HANN QMM5 345 164   572    60   1.0   6.7   4.7
HANN SHEY 101 284   383    60  14.9   3.3  11.8
HANN SUSY 100 280   105    60  17.0   7.6  16.0
HANN WODY 117 299   186    60  21.5   5.4  17.9
HOLY I60A 243  59   614    60   0.7  14.3  11.8
HOLY I62A 234  51   483    60   1.1  12.7   9.7
HOLY I63A 231  48   424    60   4.1  17.2  13.3
HOLY I64A 222  40   382    60   8.4  19.8  18.7
HOLY  ICQ 350 169   339    59   4.8   8.6   6.6
HOLY J62A 231  47   559    60   2.0  12.3  10.4
HOLY J63A 227  44   513    60   1.3  15.4  12.1
HOLY JOSY 172 352   254    60  17.9   7.6  13.3
HOLY K62A 229  45   627    60   0.1  11.4   8.1
HOLY L63A 220  37   661    60   0.3  12.2   9.2
HOLY L65A 211  29   576    60   2.6  10.0   8.6
HOLY LATQ 284  99   490    60   0.6  16.3  12.1
HOLY  LMN 120 301   148    60  21.9   5.6  15.9
HOLY M66A 208  25   655    60   0.0   6.4   3.5
HOLY MALY 108 290   254    60  17.5   0.4  13.5
HOLY NATG  32 214   498    39  12.0   3.0   9.9
HOLY PLVO 263  75   841    60   0.6   9.2   6.8
HOLY QM16 219  38   186    60  12.6  19.3  18.3
HOLY QM38 293 109   357    60   1.7  18.1  15.8
HOLY QM60 302 117   592    60   0.6   4.0   1.9
HOLY SUSY 138 319   120    60  18.7   7.9  15.2
HOLY VLDQ 286  98   872    60   1.3   9.1   7.6
HOLY  WES 222  38   601    60   1.4  10.4   8.0
HOLY WODY 138 319   212    60  20.1   5.6  17.2
I57A I63A  86 270   408    60  17.8   1.1  16.0
I57A J59A 119 300   107    60  27.8  10.4  24.0
I57A J62A 103 286   321    60  19.9   4.3  19.1
I57A J63A 100 283   377    60  17.6   0.9  16.6
I57A K60A 135 316   205    37  16.4   3.8  12.2
I57A K62A 116 298   312    60  20.6   6.8  19.7
I57A L63A 123 306   403    60  17.3   1.9  14.8
I57A LATQ  29 211   444    60  11.0   3.3  10.4
I57A LSQQ 350 169   578    60   6.0   3.4   4.9
I57A N62A 151 332   380    60  12.7   3.6  12.2
I57A PLVO 318 137   166    60   6.7  20.1  16.3
I57A QM16  74 260   628    60  11.9   1.8   9.9
I57A QM50  30 213   585    60  13.0   1.0  11.9
I57A QM60  16 198   608    60   3.4   1.5   0.5
I57A QMM5  32 217   925    60   7.5   1.0   5.4
I57A SUSY  73 260   832    60  12.5   1.1   9.3
I57A VLDQ 342 160   500    60   2.4   8.2   4.3
I57A WODY  78 265   883    60   9.1   1.2   7.8
I60A I62A  88 269   157    60  26.8   6.2  23.4
I60A I63A  83 265   219    60  21.9   4.8  20.2
I60A I64A  87 270   294    60  20.1   3.2  17.7
I60A  ICQ  34 218   781    59   5.3   1.9   5.0
I60A J59A 247  66   107    60   7.3  28.9  26.3
I60A J62A 119 300   138    60  27.6   3.1  22.7
I60A J63A 109 290   190    60  20.7   1.1  18.6
I60A K60A 200  19   145    37   8.0  12.6  13.5
I60A K62A 146 327   157    60  21.9   7.9  24.2
I60A L63A 147 329   259    60  16.1   6.1  14.3
I60A LATQ   6 186   395    60   8.7   8.8   9.3
I60A  LMN  69 255   707    60  13.9   1.4  11.6
I60A LSQQ 335 153   645    60   1.7  10.1   8.6
I60A MALY  71 258   815    60  13.4   2.5  10.9
I60A N62A 183   3   324    60   7.0   8.0   8.5
I60A NATG  44 232  1069    39   6.1   0.2   4.3
I60A PLVO 295 112   329    60   0.8  21.2  19.0
I60A QM16  68 252   451    60  13.5   0.9  13.0
I60A QM38  23 205   466    60   7.1   2.4   5.5
I60A QM50  13 195   523    60   8.6   8.1  10.6
I60A QM60 360 180   592    60   1.4   0.6   0.9
I60A QMM5  22 205   849    60   4.4   0.2   3.0
I60A  WES 135 316   228    60  20.7   5.9  16.7
I62A I63A  72 252    64    60  25.6   8.5  18.0
I62A I64A  87 268   137    60  25.9   2.0  21.4
I62A  ICQ  25 208   700    59   7.1   0.2   4.3
I62A J59A 261  79   260    60   2.8  19.7  17.8
I62A J62A 208  28    82    60  15.1  21.8  22.3
I62A J63A 162 343    69    60  22.8  19.3  20.4
I62A K60A 237  55   250    37   7.2  20.0  18.9
I62A K62A 209  28   153    60  10.8  23.2  21.0
I62A L63A 186   6   225    60  12.5  15.4  15.1
I62A L65A 152 333   230    60  18.0  10.3  16.9
I62A LATQ 344 163   406    60   4.9  18.4  15.3
I62A  LMN  65 249   561    60  14.2   1.3  10.7
I62A LSQQ 325 141   721    60   0.7  15.2  12.1
I62A M66A 161 342   307    60   9.8   8.2  11.2
I62A MALY  69 254   666    60  11.9   1.1   9.9
I62A N62A 209  28   371    60   1.3  15.1   9.7
I62A NATG  39 225   962    39   8.2   0.2   6.9
I62A PLVO 288 104   475    60   2.3  17.4  16.3
I62A QM16  60 242   307    60  10.0   1.9   8.4
I62A QM38   5 185   424    60   9.8   5.1  10.9
I62A QM50 357 177   505    60   5.7   8.3   7.6
I62A QM60 346 165   608    60   0.2   3.2   2.1
I62A QMM5  13 195   798    60   5.1   2.1   4.9
I62A SUSY  64 248   510    60  17.6   1.3  15.7
I62A VLDQ 316 132   690    60   0.1   8.4   6.0
I62A  WES 180 360   165    60   9.7  13.6  13.2
I62A WODY  73 258   548    60  15.5   2.5  12.6
I63A I64A 101 281    77    60  20.5  11.2  20.3
I63A J59A 260  77   323    60   1.2  20.3  18.2
I63A J62A 228  47   135    60   9.4  23.6  21.6
I63A J63A 205  25    95    60   8.4  14.1  16.2
I63A JOSY  85 268   366    60  19.8   1.8  16.3
I63A K60A 240  58   312    37   1.2  14.5  13.7
I63A K62A 222  40   204    60   8.3  20.5  19.9
I63A L63A 199  19   257    60   9.2  19.8  18.1
I63A L65A 169 349   229    60  13.1  15.8  13.3
I63A LATQ 336 154   408    60   4.8  21.1  18.0
I63A  LMN  64 248   498    60  16.7   2.3  14.3
I63A LSQQ 321 136   742    60   0.9  17.1  15.5
I63A M66A 173 353   312    60   9.2   6.3   8.6
I63A MALY  69 254   602    60  13.2   1.4  10.8
I63A N62A 215  33   420    60   2.3  18.5  15.3
I63A NATG  38 223   909    39   6.7   0.4   4.3
I63A PLVO 284 100   528    60   2.4  14.6  12.8
I63A QM16  57 239   245    60  12.7   1.1   9.7
I63A QM38 357 177   403    60   1.4  11.9   8.8
I63A QM50 351 170   491    60   0.5  15.7  12.2
I63A QM60 341 159   607    60   2.0   2.0   0.9
I63A QMM5   9 191   767    60   2.0   3.5   3.6
I63A SUSY  64 247   447    60  20.8   4.9  18.7
I63A  WES 198  18   195    60  10.0  20.8  16.3
I63A WODY  74 258   484    60  17.4   2.5  14.6
I64A  ICQ  15 197   648    59   6.4   2.1   5.4
I64A J59A 264  81   396    60   0.3  18.4  14.5
I64A J62A 247  66   192    60   4.4  24.8  21.8
I64A J63A 239  58   137    60   2.7  20.5  17.3
I64A JOSY  81 264   293    60  23.3   1.2  18.7
I64A K60A 249  66   374    37   1.5  20.3  18.1
I64A K62A 237  56   253    60   3.7  21.5  17.8
I64A L63A 216  35   280    60   9.2  18.1  21.0
I64A L65A 189   9   213    60  12.6  14.9  16.1
I64A LATQ 329 146   456    60   0.4  11.8   8.6
I64A  LMN  59 242   438    60  18.4   2.4  15.7
I64A LSQQ 318 133   802    60   0.5  14.7  12.4
I64A M66A 188   8   298    60  10.0   9.7  10.8
I64A MALY  65 249   538    60  10.7   0.7   6.3
I64A PLVO 284  99   605    60   0.3  11.6   9.2
I64A QM16  42 224   196    60  19.8  12.1  20.3
I64A QM38 348 167   428    60   5.5  15.7  13.8
I64A QM50 343 162   523    60   2.6  16.5  13.4
I64A QM60 335 153   649    60   0.7   5.4   2.8
I64A QMM5   4 185   772    60   0.7   6.8   3.4
I64A SHEY  75 260   623    60  15.6   0.5  11.8
I64A SUSY  58 240   388    60  18.9   1.6  14.6
I64A VLDQ 310 124   787    60   0.8  12.0   9.1
I64A  WES 219  38   219    60   2.1  18.1  13.9
I64A WODY  70 253   416    60  14.3   1.4  10.2
 ICQ J62A 208  25   782    59   0.4   3.7   2.9
 ICQ J63A 204  22   753    59   0.9   4.5   2.3
 ICQ JOSY 170 351   592    59   7.3   4.7   7.3
 ICQ K60A 216  31   922    37   1.0   2.8   2.4
 ICQ L65A 196  14   860    59   1.8   3.5   3.3
 ICQ M66A 195  13   945    59   2.5   2.8   3.1
 ICQ MALY 143 326   508    59   5.2   1.9   2.5
 ICQ N62A 209  25  1071    59   1.3   1.4   1.2
 ICQ NATG  73 257   332    39  20.9   3.5  18.1
 ICQ QM38 233  51   335    59   1.5  21.4  16.5
 ICQ QM60 267  83   442    59   1.8   7.7   5.9
 ICQ QMM5 324 143   183    59   4.0  13.1  10.2
 ICQ SHEY 139 323   630    59   4.9   1.1   3.1
 ICQ SUSY 161 343   445    59   4.2   1.3   2.9
 ICQ VLDQ 263  75   783    59   0.3  11.6   9.6
 ICQ  WES 203  20   853    59   1.4   3.0   2.1
 ICQ WODY 157 339   530    59   5.2   1.7   5.0
J59A J62A  96 278   220    60  24.5   2.1  20.5
J59A J63A  93 275   278    60  18.7   2.0  16.9
J59A JOSY  80 266   688    60  13.6   4.4  12.0
J59A K60A 152 332   107    37  16.8   8.3  14.4
J59A K62A 115 296   205    60  24.4   5.8  22.6
J59A L63A 126 308   297    60  17.4   3.6  14.5
J59A L65A 112 295   398    60  18.3   2.1  15.7
J59A LATQ  17 198   456    60   6.3   1.6   4.8
J59A  LMN  68 254   813    60  12.1   1.1   8.4
J59A M66A 123 306   435    60   7.8   0.4   6.4
J59A MALY  70 258   921    60   9.8   0.3   6.6
J59A N62A 163 343   294    60   9.4   4.9   7.3
J59A NATG  45 234  1168    39   8.0   0.8   5.7
J59A PLVO 311 130   270    60   4.2  15.6  14.8
J59A QM16  67 252   557    60  10.6   2.7  11.0
J59A QM38  30 213   548    60  12.4   0.8   8.6
J59A QM50  21 203   592    60   8.9   1.6   6.2
J59A QM60   8 189   640    60   3.9   0.3   1.7
J59A SHEY  75 264  1015    60   9.3   0.2   5.8
J59A SUSY  68 254   762    60  13.9   1.5  11.3
J59A VLDQ 335 153   583    60   0.9   9.3   8.0
J59A  WES 114 296   286    60  20.6   0.2  18.8
J62A J63A  84 265    60    60  28.4   9.8  22.6
J62A K60A 249  68   183    37   3.1  23.9  21.6
J62A K62A 209  29    71    60  16.7  25.0  22.9
J62A L63A 174 354   152    60  14.8  12.6  12.9
J62A L65A 132 313   196    60  22.6   7.0  19.6
J62A LATQ 351 170   468    60   4.9   9.2   7.8
J62A LSQQ 330 146   761    60   0.9   9.5   7.3
J62A M66A 147 328   259    60  11.3   5.3  10.4
J62A MALY  64 250   730    60  11.6   0.1   9.0
J62A N62A 209  28   289    60  11.5  19.5  21.0
J62A NATG  38 225  1042    39   7.3   3.2   6.2
J62A QM16  53 236   379    60  11.6   4.6  10.7
J62A QM38   8 189   500    60   8.1   2.4   5.3
J62A QM50   1 181   576    60   4.9   7.4   6.6
J62A QM60 350 169   671    60   2.1   2.4   0.9
J62A SHEY  72 258   813    60  11.5   1.4   9.1
J62A SUSY  59 244   578    60  21.8   1.4  19.0
J62A VLDQ 322 138   720    60   0.8  14.8  12.9
J62A  WES 157 337   102    60  17.2  14.1  16.6
J63A JOSY  73 257   422    60  11.8   1.3  11.0
J63A K60A 253  71   241    37   3.4  27.6  24.1
J63A K62A 235  54   116    60   5.0  24.8  22.1
J63A L63A 196  15   163    60  11.4  15.5  14.2
J63A L65A 148 329   162    60  19.7   9.2  17.5
J63A LATQ 344 163   475    60   3.0  16.1  13.9
J63A  LMN  58 242   574    60  12.6   0.1  10.3
J63A LSQQ 327 142   787    60   1.2  14.2  13.1
J63A M66A 161 341   237    60  13.5   8.0  11.5
J63A MALY  63 248   674    60  12.4   0.7  10.1
J63A N62A 218  36   327    60   4.4  15.3  13.8
J63A NATG  36 222  1001    39   6.6   1.8   5.4
J63A QM16  48 230   329    60  15.1   1.8  14.1
J63A QM38   2 182   489    60   7.9   2.3   6.6
J63A QM50 356 175   572    60   3.8   9.6   6.8
J63A QM60 346 164   677    60   1.1   5.5   4.3
J63A QMM5  11 192   859    60   4.0   1.0   2.3
J63A SHEY  71 257   755    60  12.6   0.0   9.5
J63A SUSY  57 241   524    60  15.9   0.5  13.0
J63A  WES 191  11   101    60   9.2  12.6   9.7
J63A WODY  66 251   551    60  13.7   1.3  10.0
JOSY K62A 253  68   534    60   0.4  18.7  15.7
JOSY L63A 242  58   528    60   2.8  12.5  11.3
JOSY L65A 234  52   412    60   2.3  20.8  16.5
JOSY LATQ 306 121   630    60   0.3   8.7   5.7
JOSY  LMN  28 209   201    60  20.8  16.2  20.4
JOSY LSQQ 306 118   993    60   0.1   5.4   3.3
JOSY M66A 227  44   475    60   3.0   9.5   7.7
JOSY MALY  50 232   270    60  19.1   8.1  14.9
JOSY NATG  19 201   712    39   4.2   1.3   3.8
JOSY QM16 305 124   186    60   5.1  21.2  15.1
JOSY QM38 317 134   533    60   0.6   3.7   2.1
JOSY QM50 319 135   633    60   2.9   5.7   4.4
JOSY QM60 317 132   781    60   1.1   2.1   1.2
JOSY QMM5 345 163   761    60   2.4   5.7   5.4
JOSY SHEY  72 255   333    60  17.6   7.4  16.1
JOSY SUSY  16 196   168    60  16.1  11.4  16.8
JOSY VLDQ 300 111  1004    60   0.2   5.4   2.2
JOSY  WES 246  62   478    60   0.9  15.6  12.7
JOSY WODY  49 230   142    60  17.5   4.3  15.9
K60A K62A  87 268   136    37  23.5   1.1  19.6
K60A L63A 113 295   206    37  22.2   4.6  19.0
K60A L65A 100 283   323    37  16.4   3.7  16.1
K60A LATQ   9 190   537    37   5.4   0.2   3.5
K60A LSQQ 343 160   755    37   2.0   2.2   2.2
K60A MALY  64 251   912    37  10.5   0.9   8.3
K60A N62A 169 350   190    37  13.3   5.1   8.8
K60A PLVO 317 135   372    37   2.1   8.1   6.8
K60A QM16  57 241   557    37   0.2   3.6   0.6
K60A QM38  22 204   611    37   6.0   1.3   5.7
K60A QM50  14 196   667    37   6.0   1.9   4.8
K60A QMM5  21 205   993    37   3.7   0.6   2.7
K60A SHEY  70 258   996    37  11.2   0.7   8.6
K60A VLDQ 335 153   689    37   0.7   5.6   4.8
K60A  WES  96 278   213    37  15.8   1.0  12.2
K62A L63A 150 330   103    60  21.6  11.2  18.6
K62A LATQ 355 175   526    60   6.7   4.1   6.6
K62A  LMN  57 242   691    60  10.9   2.1   9.3
K62A LSQQ 334 151   800    60   0.5   8.5   5.7
K62A M66A 131 313   234    60  12.3   5.2   9.6
K62A N62A 208  28   218    60  11.7  19.1  19.0
K62A PLVO 306 122   470    60   0.3  18.3  14.1
K62A QM16  49 232   445    60  17.2   3.6  15.8
K62A QM38  11 192   567    60   7.9   4.2   6.9
K62A QM50   4 184   640    60   3.4   4.6   3.0
K62A QM60 354 173   728    60   1.4   1.7   1.7
K62A QMM5  15 197   946    60   2.4   1.3   2.4
K62A SHEY  68 255   867    60  18.2   3.5  16.6
K62A SUSY  56 240   641    60  12.2   2.6   9.3
K62A  WES 112 293    81    60  25.1   9.9  23.3
K62A WODY  63 249   665    60  10.3   1.2   7.4
L63A L65A  81 262   130    60  23.3   1.1  21.0
L63A LATQ 352 171   620    60   6.3   3.9   5.6
L63A  LMN  49 233   704    60  11.3   0.5   9.4
L63A LSQQ 334 150   903    60   0.6   7.3   5.8
L63A M66A 118 299   140    60  12.0   3.7  10.0
L63A MALY  54 240   794    60  12.5   0.7   9.7
L63A N62A 237  56   187    60   5.3  23.2  21.7
L63A NATG  33 219  1156    39   6.2   0.5   4.1
L63A QM16  37 220   475    60   9.4   2.6   8.7
L63A QM38   5 186   649    60   4.4   2.1   2.9
L63A QM50 360 180   727    60   4.5   2.1   3.5
L63A QM60 351 170   823    60   0.9   1.1   2.7
L63A QMM5  11 193  1021    60   3.5   1.7   1.6
L63A SUSY  47 231   656    60  10.8   0.6   7.4
L63A VLDQ 328 143   853    60   1.5   4.0   3.5
L63A  WES  22 202    63    60  22.4  20.8  21.9
L63A WODY  55 240   667    60   9.2   0.3   6.8
L65A LATQ 341 159   633    60   3.5  17.6  14.3
L65A  LMN  43 227   598    60  13.1   1.0   8.7
L65A M66A 185   5    86    60  10.2  16.8  14.4
L65A N62A 248  66   310    60   1.5  16.6  14.0
L65A NATG  29 214  1074    39   7.3   0.8   5.5
L65A PLVO 303 118   658    60   1.1  13.9  11.6
L65A QM16  25 206   392    60   9.9   4.3   9.8
L65A QM38 355 174   631    60   3.7   5.1   4.7
L65A QM50 350 169   720    60   4.0   7.1   6.4
L65A QMM5   5 186   984    60   1.8   0.5   1.3
L65A SHEY  59 245   737    60  14.6   2.5  13.1
L65A SUSY  41 224   553    60  16.4   4.5  14.2
L65A VLDQ 321 136   914    60   1.9  12.1   9.3
L65A  WES 291 110   112    60   6.6  21.9  19.6
L65A WODY  50 234   553    60  15.8   0.5  12.4
LATQ  LMN 103 288   634    60   8.9   0.5   8.1
LATQ LSQQ 302 119   363    60   3.7  17.9  15.2
LATQ M66A 162 344   712    60   6.7   1.7   4.7
LATQ N62A 185   4   719    60   1.7   4.5   4.4
LATQ NATG  63 250   799    39  16.2   0.7  13.5
LATQ PLVO 233  50   421    60   0.0  23.9  20.0
LATQ QM16 121 305   444    60   7.5   0.4   6.8
LATQ QM50  36 217   141    60  17.5   5.3  13.0
LATQ QM60 348 168   203    60   4.7   9.2   8.0
LATQ QMM5  36 219   482    60  12.2   2.7  11.4
LATQ SHEY 103 291   868    60   8.5   2.4   7.1
LATQ SUSY 106 291   593    60   6.6   1.2   5.5
LATQ  WES 168 349   567    60   3.9   1.3   1.7
LATQ WODY 109 295   675    60  11.1   0.6   8.9
 LMN LSQQ 296 107   983    60   1.3   6.6   4.5
 LMN M66A 222  38   668    60   0.5   9.8   6.2
 LMN MALY  93 274   113    60  21.3  11.5  15.6
 LMN NATG  16 198   515    39   5.5   5.4   6.2
 LMN QM38 296 111   504    60   2.1   9.9   5.5
 LMN QM50 301 116   592    60   1.0  12.5  10.9
 LMN QMM5 333 150   629    60   1.0   7.5   5.6
 LMN SHEY 109 291   235    60  18.1   5.5  14.5
 LMN SUSY 253  72    51    60  14.8  22.6  20.6
 LMN  WES 236  51   648    60   1.7  11.1  10.9
 LMN WODY 172 352    85    60  20.7  16.4  20.1
LSQQ MALY 104 294  1088    60   8.4   1.0   6.9
LSQQ NATG  77 268  1030    39  21.7   0.8  18.9
LSQQ PLVO 181   1   447    60   4.1   7.6   4.6
LSQQ QM38 106 291   479    60  20.1   2.1  16.6
LSQQ QMM5  68 254   619    60  18.1   0.6  15.7
LSQQ VLDQ 211  30   112    60   7.8  20.4  16.4
M66A MALY  45 230   744    60   9.5   0.5   7.8
M66A NATG  27 212  1153    39   0.0   0.4   0.3
M66A PLVO 309 124   703    60   1.6   4.4   4.5
M66A QM16  21 203   473    60   7.3   1.0   6.3
M66A QM38 356 175   715    60   1.2   2.8   2.1
M66A QM50 352 171   804    60   0.2   3.0   1.0
M66A QMM5   5 186  1070    60   0.1   1.4   0.3
M66A SUSY  36 219   624    60   7.4   1.8   6.8
M66A VLDQ 325 139   978    60   1.2   2.3   2.3
M66A  WES 322 141   159    60   4.1  13.9   9.9
MALY N62A 240  53   981    60   1.6   6.9   4.4
MALY NATG   4 185   501    39   4.4   3.8   2.4
MALY PLVO 270  81  1076    60   1.2   8.0   5.6
MALY QM38 293 107   610    60   0.1  14.4  11.4
MALY QM50 298 112   694    60   1.0   7.2   5.4
MALY QM60 300 113   840    60   1.0   3.4   1.9
MALY QMM5 326 142   691    60   0.3   6.5   4.7
MALY SHEY 124 305   130    60  18.4   9.5  16.4
MALY SUSY 268  86   162    60  11.3  21.0  17.9
MALY VLDQ 289  98  1126    60   0.7   8.9   6.6
MALY WODY 233  52   128    60  11.8  15.5  13.0
N62A QM38  15 196   778    60   3.4   0.2   1.8
N62A QM50   9 190   843    60   3.9   1.1   4.4
N62A QM60   1 181   915    60   1.6   2.0   1.9
N62A VLDQ 339 156   875    60   1.6   3.9   4.0
N62A  WES  47 229   241    60  18.9   3.8  17.5
N62A WODY  54 240   853    60   8.3   0.4   7.0
NATG PLVO 247  56  1217    39   0.7  11.9  10.0
NATG QM38 247  61   656    39   0.8  11.9   8.8
NATG QM50 255  69   676    39   0.6  17.0  14.4
NATG SUSY 202  20   544    39   2.6   5.6   3.5
NATG VLDQ 264  72  1111    39   0.7  13.8  11.3
NATG WODY 194  13   593    39   3.5   3.9   2.3
PLVO QM16  85 272   718    60   4.9   0.5   3.7
PLVO QM38  56 241   561    60  18.2   1.0  16.1
PLVO SHEY  84 275  1186    60   4.5   0.4   2.8
PLVO VLDQ 352 171   354    60   5.5   5.2   4.9
QM16 QM38 322 140   353    60   3.4   9.1   8.1
QM16 QM50 323 140   454    60   0.2   9.5   6.7
QM16 QMM5 355 174   630    60   2.5  10.3   9.8
QM16 SHEY  89 273   469    60   6.1   1.1   4.8
QM16 SUSY  73 255   205    60  16.3   2.0  13.6
QM16 VLDQ 297 110   819    60   1.2   4.0   4.2
QM16  WES 222  40   415    60   0.4   7.2   4.7
QM38 QM50 324 143   101    60   7.7  21.4  21.8
QM38 QMM5  22 204   383    60   9.7   5.3   8.0
QM38 SUSY 116 300   468    60  14.4   0.5  11.1
QM38 VLDQ 279  94   519    60   0.3  13.5   9.7
QM38  WES 184   3   589    60   1.2   3.7   2.5
QM50 QMM5  36 218   341    60  15.2   4.6  11.2
QM50 SHEY 113 300   823    60   9.1   1.2   7.3
QM50 VLDQ 269  85   453    60   0.6  18.5  15.5
QM50  WES 178 358   670    60   4.0   1.8   3.0
QM50 WODY 122 307   649    60   5.4   1.6   4.7
QM60 VLDQ 253  70   343    60   0.9  18.6  16.2
QM60 WODY 121 308   798    60   2.1   1.8   2.2
QMM5 SHEY 139 324   813    60   7.0   0.2   5.1
QMM5 SUSY 155 338   622    60   9.1   1.9   6.7
QMM5  WES 193  11   960    60   1.0   1.4   1.2
QMM5 WODY 153 336   709    60   4.3   1.7   5.1
SHEY SUSY 285 102   277    60   1.4  14.7  11.7
SHEY  WES 251  65   811    60   1.1  10.9   8.5
SHEY WODY 270  88   211    60   8.2  22.3  18.5
SUSY VLDQ 291 102   976    60   0.9   3.5   2.8
SUSY WODY 139 319    91    60  24.8  12.9  20.7
VLDQ  WES 140 324   819    60   3.4   0.9   3.3
VLDQ WODY 104 294  1058    60   5.5   0.4   3.0
