 A11  A64  19 200    69    62  22.1  13.6  15.4
 A11 ALLY 132 316   557    31   7.1   0.7   4.9
 A11 BATG  88 271   313    62  18.2   3.8  16.0
 A11 CHEG  90 277   725    50  15.2   1.3  12.9
 A11 D59A 259  77   127    61   7.4  24.4  19.9
 A11 D60A 237  56    66    61  13.1  18.8  17.2
 A11 D62A 101 282    89    62  24.4  10.4  21.0
 A11 D63A  97 279   160    61  23.6  10.8  22.7
 A11 E55A 261  77   455    61   1.8  16.8  13.7
 A11 E62A 143 324    86    62  27.3   8.4  23.6
 A11 E64A 116 298   203    61  18.7   7.6  18.1
 A11 EDEY 105 291   638    62   9.8   0.0   9.6
 A11 EMMW 142 324   353    62  18.7   3.6  17.8
 A11 F57A 247  64   380    61   1.6  14.4  11.0
 A11 F60A 224  43   195    61   4.4  18.4  15.7
 A11 F61A 204  23   154    61   9.7   8.9   7.2
 A11 F62A 173 353   151    62  25.4   8.7  24.7
 A11 F64A 137 318   209    61  18.6   1.1  15.6
 A11 G57A 239  56   440    61   3.0  15.7  13.5
 A11 G59A 225  43   333    61   5.7  15.0  12.4
 A11 G61A 206  25   241    61  12.2  10.2   9.8
 A11 G62A 187   6   227    61  13.6  15.3  16.7
 A11 G63A 169 350   241    61  23.2   8.3  20.9
 A11  GBN 104 290   699    62   9.6   0.1   6.7
 A11  GGN 131 314   350    62  13.4   2.4  10.9
 A11 H61A 205  23   331    61   7.9  11.8  11.2
 A11 H62A 194  14   306    61  11.4   7.9   8.9
 A11 H63A 177 358   287    61  19.7   9.9  17.6
 A11 H64A 165 346   299    61  23.2   7.7  21.0
 A11 H65A 151 333   321    61  22.8   1.0  19.7
 A11 HANN 119 301   303    62  16.4   4.0  12.9
 A11 HOLY 104 287   295    62  16.3   7.3  14.1
 A11 I57A 231  47   563    61   1.4  12.2   9.1
 A11 I60A 214  32   448    58   1.6  12.2   8.1
 A11 I62A 194  13   385    61  11.3   9.1  10.5
 A11 I63A 185   5   356    61  12.0   8.4  12.7
 A11 I64A 173 353   372    61  18.8   4.0  15.3
 A11  ICQ  39 222   333    62  18.8   5.3  17.5
 A11 J59A 220  37   539    61   0.9  10.7   9.0
 A11 J62A 196  15   464    61   1.6   8.4   5.6
 A11 J63A 189   9   446    61   8.2   7.4   7.4
 A11 JOSY 134 317   464    31   7.8   2.0   6.9
 A11 K60A 211  28   591    61   3.3  10.0   8.1
 A11 K62A 198  17   534    61   5.2   6.0   6.2
 A11 L63A 191  10   608    61   6.3   4.9   7.2
 A11 L65A 179 359   579    61   9.4   3.0   8.8
 A11 LATQ 276  94   196    62   7.1  21.4  19.3
 A11 LSQQ 294 109   543    62   1.7  12.1  10.9
 A11 M66A 180 360   665    61   6.6   1.1   3.9
 A11 N62A 202  19   748    57   2.9   4.4   5.2
 A11 QM38 314 134    69    62  12.2  24.7  22.2
 A11 QM50 320 139   170    31   3.3  20.7  18.3
 A11 QM60 314 131   317    31   0.8  14.2  14.7
 A11 QMM5  14 195   413    62   7.7  11.3  10.9
 A11 SUSY 113 297   403    62  19.5   3.6  16.5
 A11  WES 190   9   547    62   6.0   7.1   6.7
 A64 ALLY 139 322   587    31   8.2   1.5   7.4
 A64 BATG 101 283   295    62  18.4   0.5  15.4
 A64 D56A 259  75   377    61   2.5  16.0  12.8
 A64 D59A 239  57   173    61   3.6  20.5  20.3
 A64 D60A 218  37   128    61   7.7  17.0  15.9
 A64 D62A 142 323   104    62  22.0   9.6  21.3
 A64 D63A 122 304   161    61  19.0   2.9  14.8
 A64 DRLN  76 265   927    62  12.7   2.9  10.9
 A64 E58A 239  57   304    61   5.2   8.9  10.0
 A64 E62A 168 348   137    62  28.7   7.6  24.5
 A64 E64A 134 316   221    61  17.1   9.4  18.0
 A64 EMMW 151 332   394    62  16.9   3.9  14.3
 A64 F57A 240  57   429    61   3.0  16.0  12.8
 A64 F60A 218  36   259    61   1.1  13.5   9.1
 A64 F61A 203  22   222    61   6.6   8.9  10.0
 A64 F62A 182   1   215    62  16.5  18.3  18.2
 A64 F64A 151 332   248    61  19.5   7.7  18.0
 A64 G57A 234  50   495    61   1.5  18.8  18.1
 A64 G59A 221  38   396    61   3.8  14.7  12.1
 A64 G61A 205  23   309    61  10.4  11.5  10.5
 A64 G62A 190   9   294    61  11.5   7.2  10.4
 A64 G63A 176 356   302    61  11.7   9.8  10.6
 A64  GGN 141 323   381    62  12.8   2.5  10.3
 A64 H61A 204  22   399    61   8.1   7.7   7.5
 A64 H62A 196  15   375    61  11.4   6.5  10.9
 A64 H63A 182   2   352    61  11.8   8.3   9.5
 A64 H64A 171 352   358    61  16.2   2.6  10.3
 A64 H65A 159 341   370    61  18.6   3.4  16.1
 A64 HANN 131 313   322    62  15.7   0.9  13.6
 A64 HOLY 118 300   297    62  21.0   1.4  18.0
 A64 I57A 228  44   622    61   1.3  11.5   9.6
 A64 I60A 212  30   515    58   0.2  11.1   6.2
 A64 I62A 195  14   453    61  10.3  10.3   9.8
 A64 I63A 188   7   423    61  10.6   8.9  10.0
 A64 I64A 177 357   435    61  13.3   4.2  10.9
 A64  ICQ  45 227   270    62  17.7   8.9  16.1
 A64 J59A 218  35   603    61   3.5  13.8  14.7
 A64 J62A 197  16   533    61   6.8   6.3   7.3
 A64 J63A 191  10   514    61   4.5   8.0   7.0
 A64 JOSY 141 324   497    31   6.9   3.1   7.2
 A64 K60A 210  27   658    61   0.9   9.3   6.3
 A64 K62A 199  17   602    61   3.4  10.2   7.2
 A64 L63A 192  11   677    61   5.1   7.7   5.9
 A64 L65A 181   1   644    61   4.2   3.4   4.6
 A64 LATQ 258  76   223    62   3.1  17.9  14.7
 A64  LMN 118 301   445    62  17.4   0.3  16.0
 A64 LSQQ 287 102   542    62   4.2  17.0  15.7
 A64 M66A 182   1   730    61   2.1   0.7   1.8
 A64 MALY 112 297   547    62  11.5   1.4   7.7
 A64 N62A 202  19   817    57   1.2   5.9   4.2
 A64 NATG  60 245   585    55  15.8   2.4  13.5
 A64 PLVO 243  58   633    61   2.0   9.8   6.1
 A64 QM16 152 334   327    62  12.4   1.5  10.7
 A64 QM38 257  76    74    62  12.9  26.1  22.2
 A64 QM50 297 115   147    31   4.2  19.9  17.0
 A64 QMM5  13 194   345    62   7.3  12.4   9.8
 A64 SHEY 113 299   677    62  10.1   0.4   8.0
 A64 SUSY 123 306   413    62  13.9   2.9  10.4
 A64  WES 191  10   615    62   0.6   8.9   6.0
 A64 WODY 125 309   503    62  13.4   1.5  10.9
ALLY BATG 349 169   400    31   3.5   8.4   4.9
ALLY CHEG  44 227   486    25   3.8   4.7   6.8
ALLY D56A 299 112   840    31   0.5   3.4   3.1
ALLY D62A 322 139   483    31   2.7  11.2   9.5
ALLY E55A 293 105   913    31   0.1   4.0   2.9
ALLY E62A 314 131   472    31   1.9   9.9   7.6
ALLY E64A 325 143   367    31   0.1   7.3   3.1
ALLY EDEY  48 230   290    31  10.6  12.6  10.2
ALLY EMMW 300 119   217    31   0.5  12.0  11.0
ALLY F60A 297 112   595    31   1.4   7.9   5.3
ALLY F62A 304 120   453    31   1.3   5.1   2.6
ALLY F64A 314 131   349    31   0.9   6.9   5.7
ALLY G59A 286 100   661    31   1.2   3.9   2.3
ALLY  GBN  56 238   339    31  19.2  12.0  19.7
ALLY  GGN 318 137   207    31   4.1  18.3  16.7
ALLY H61A 281  97   553    31   0.8  12.2  11.1
ALLY H62A 283  99   493    31   0.5  12.1   8.9
ALLY H64A 288 105   344    31   0.6   8.8  11.2
ALLY  HAL  50 231   156    31  19.3  20.9  24.7
ALLY HANN 332 150   272    31   0.1  18.1  16.7
ALLY HOLY 341 160   327    31   5.0  11.6   8.6
ALLY I57A 275  88   849    31   0.4  10.0   8.8
ALLY I62A 274  90   502    31   0.3  13.4  10.5
ALLY I63A 276  93   442    31   3.9  10.5   8.5
ALLY  ICQ 346 165   664    31   0.8   0.2   0.4
ALLY J62A 266  82   546    31   0.1   6.1   4.2
ALLY JOSY 309 128    94    31   6.9  20.1  19.7
ALLY K60A 263  77   725    31   2.6   5.6   4.7
ALLY K62A 261  76   592    31   0.0   7.8   5.8
ALLY L63A 251  66   572    31   2.5   7.2   7.6
ALLY L65A 247  63   447    31   3.2   9.2   6.5
ALLY LATQ 307 121   723    31   0.5   5.3   3.8
ALLY  LMN   5 186   236    31   4.7   5.6   5.7
ALLY M66A 238  55   498    31   1.8   4.8   3.6
ALLY MALY  31 212   266    31  11.7  18.2  16.6
ALLY N62A 248  63   757    27   0.7   5.3   2.8
ALLY NATG  13 194   748    31   3.0   1.1   1.2
ALLY QM38 316 132   626    31   0.4   6.2   4.6
ALLY SHEY  57 239   292    31  18.9  13.1  19.5
ALLY SUSY 353 173   221    31   3.3  17.2  11.9
ALLY WODY  13 193   155    31  11.2  19.2  18.7
BATG CHEG  95 279   412    50  12.8   5.0  12.6
BATG D56A 271  85   660    61   0.7  14.3  10.9
BATG D59A 268  84   439    61   1.3  18.8  18.0
BATG D60A 266  82   371    61   2.0  15.6  13.4
BATG D62A 266  83   228    62   5.3  22.2  19.1
BATG D63A 261  80   157    61   7.9  18.5  14.8
BATG E58A 262  77   560    61   0.8   8.3   5.5
BATG E62A 256  73   274    62   6.8  16.0  15.2
BATG E64A 235  54   165    61  10.2  21.6  18.7
BATG EDEY 124 307   353    62  15.4   0.4  11.9
BATG EMMW 201  20   305    62  14.4  13.6  15.6
BATG F57A 259  73   681    61   2.1  12.4  11.2
BATG F60A 254  70   474    61   2.7  13.7  11.3
BATG F61A 251  67   404    61   2.4  17.6  15.6
BATG F62A 244  61   336    62   7.6  14.0  13.2
BATG F64A 229  47   236    61  14.1  21.5  18.8
BATG G57A 254  68   730    61   0.8  12.7   9.6
BATG G59A 249  64   601    61   0.3  12.3   9.1
BATG G61A 244  60   476    61   4.6  18.0  15.4
BATG G62A 238  55   414    61   5.1  13.3  12.8
BATG G63A 230  48   365    61   9.6  21.6  17.3
BATG  GBN 119 302   407    62  13.8   2.2  10.4
BATG  GGN 194  14   247    62  23.2  11.0  21.4
BATG H61A 238  54   548    61   3.7  13.9  12.0
BATG H62A 235  51   496    61   3.5  13.0  10.2
BATG H63A 228  45   423    61   3.1  19.8  17.0
BATG H64A 221  39   382    61  10.6  14.0  14.5
BATG H65A 211  30   333    61  14.1  10.9  13.0
BATG  HAL 146 328   350    62  15.6   0.2  12.8
BATG HANN 200  19   164    62  20.2  14.5  19.8
BATG HOLY 200  20    89    62  22.8  14.5  19.6
BATG I60A 239  53   681    58   0.5  12.7  10.2
BATG I62A 229  46   559    61   4.1  18.5  15.5
BATG I63A 226  43   503    61   2.1  18.6  14.5
BATG I64A 218  36   466    61   7.4  13.4  10.8
BATG  ICQ 341 160   265    62   1.6  18.7  14.1
BATG J62A 227  43   637    61   4.7  16.1  14.9
BATG J63A 223  40   593    61   2.3  12.0   9.4
BATG JOSY 179 359   335    31  17.0   8.4  14.7
BATG K60A 233  47   805    61   1.5  14.1  11.0
BATG K62A 226  41   707    61   2.9  15.3  13.4
BATG L63A 218  34   745    61   3.1   9.8   7.6
BATG L65A 210  27   663    61   7.9  11.4  10.2
BATG  LMN 148 329   185    62  22.6   3.0  18.7
BATG M66A 207  25   743    61   3.2   7.7   5.1
BATG MALY 127 309   265    62  14.2   1.3  11.1
BATG N62A 223  38   920    57   0.2   7.2   5.7
BATG NATG  34 217   411    55   7.2   5.5   7.5
BATG PLVO 258  70   886    61   1.1   6.2   4.9
BATG QM16 213  32   272    62  16.4   9.0  14.4
BATG QM38 279  95   364    62   1.3  16.4  14.3
BATG QM60 294 109   580    31   0.7  10.5   7.9
BATG QMM5 334 152   444    62   3.7   9.1   7.9
BATG SHEY 126 309   394    62  11.6   0.5   8.3
BATG SUSY 164 345   180    62  18.6   6.5  11.9
BATG VLDQ 281  92   882    58   0.0   8.2   6.1
BATG  WES 219  36   684    62   5.0  10.2   9.4
BATG WODY 155 336   265    62  16.1   1.9  11.8
CHEG D59A 276  87   850    49   0.7  13.4  12.4
CHEG D60A 275  87   781    49   1.2  10.5   8.9
CHEG D62A 276  90   638    50   0.3  18.0  14.2
CHEG DRLN  40 222   361    50   5.7   0.8   5.0
CHEG E64A 268  83   550    49   1.6  15.5  12.4
CHEG EDEY 220  39   198    50  10.7  14.6  15.5
CHEG EMMW 249  64   577    50   0.3   8.0   7.5
CHEG F57A 269  79  1084    49   0.5   7.4   4.8
CHEG F61A 267  80   798    49   0.0  11.3   8.9
CHEG F62A 265  79   722    50   0.3  10.4   8.1
CHEG G62A 261  73   783    49   2.5   5.0   3.5
CHEG  GBN 203  22   169    50  16.4   8.6  16.1
CHEG H61A 258  70   912    49   0.8   6.5   4.8
CHEG H63A 255  69   766    49   0.7   5.9   4.7
CHEG H64A 253  67   707    49   1.0   6.6   4.8
CHEG  HAL 224  42   331    50  11.4   8.6  10.4
CHEG HANN 260  75   480    50   3.0  13.1  11.1
CHEG HOLY 268  84   444    50   1.0  16.2  12.9
CHEG I62A 253  65   896    49   3.1   3.2   3.3
CHEG  ICQ 304 119   576    50   2.6   1.9   2.3
CHEG J62A 250  62   963    49   0.6   6.1   4.5
CHEG J63A 248  61   908    49   0.7   7.2   4.6
CHEG JOSY 238  54   504    25   1.6   7.4   5.5
CHEG K60A 251  61  1144    49   0.2   5.1   2.8
CHEG K62A 247  59  1023    49   0.1   5.3   4.1
CHEG L63A 242  54  1029    49   0.1   4.7   2.1
CHEG  LMN 253  70   335    50   0.6   3.8   2.5
CHEG M66A 234  48   976    49   1.6   1.1   1.0
CHEG MALY 242  60   235    50   4.8   4.1   4.4
CHEG NATG 339 157   418    43   0.5   6.2   3.9
CHEG PLVO 267  75  1285    49   0.9   5.1   4.5
CHEG QM16 255  70   591    50   0.8   3.3   2.6
CHEG QM38 281  93   776    50   0.2  11.4  10.1
CHEG QM60 290 101   980    25   1.4   2.5   2.6
CHEG QMM5 310 124   746    50   2.5   6.8   5.1
CHEG SHEY 209  28   212    50  10.5   6.8   9.4
CHEG SUSY 253  70   386    50   4.5  13.1  12.0
CHEG  WES 244  56   977    50   2.4   5.1   3.9
CHEG WODY 240  57   363    50   5.7   8.6   8.5
D56A D59A  90 272   222    61  22.0  10.5  20.8
D56A D60A  92 274   292    61  16.7   3.7  14.2
D56A D62A  87 272   433    61  16.7   3.1  17.5
D56A D63A  88 273   505    61  17.4   2.9  13.3
D56A E55A 237  56   119    61   6.5  25.0  23.4
D56A E58A 123 304   136    61  22.4   4.2  18.4
D56A E62A  95 279   402    61  17.4   2.2  17.7
D56A E64A  95 280   534    61  12.5   0.4  10.8
D56A EDEY  96 285   975    61   4.7   0.5   3.1
D56A EMMW 112 297   623    61  10.2   0.5   9.3
D56A F57A 178 358   138    61  13.8  11.5  11.6
D56A F60A 118 300   246    61  16.4   5.3  15.8
D56A F61A 111 294   313    61  16.4   4.8  14.6
D56A F62A 107 291   389    61  19.1   0.8  15.9
D56A F64A 103 287   509    61  16.9   2.7  15.5
D56A G57A 185   5   217    61   9.9  11.9  15.4
D56A G59A 150 331   250    61  23.1   3.4  22.5
D56A G61A 127 309   317    61  16.9   2.4  15.3
D56A G63A 117 300   452    61  13.5   1.9  13.2
D56A H61A 141 323   357    61  16.8   2.9  14.6
D56A H62A 133 316   392    61  25.0   0.1  22.9
D56A H63A 124 308   452    61  18.1   3.5  15.2
D56A H65A 115 300   569    61  13.2   0.2  10.7
D56A  HAL 103 291   907    61   1.9   2.0   3.2
D56A HANN  99 285   627    61  10.1   2.4   6.9
D56A HOLY  92 278   636    61  14.7   0.4  10.9
D56A I57A 192  11   353    61   6.5   9.6   9.5
D56A I60A 162 343   374    58   6.3   4.6   5.4
D56A I62A 142 324   443    61  20.0   1.8  17.5
D56A I63A 134 317   466    61  23.0   0.6  20.4
D56A I64A 129 313   530    61  20.0   0.0  17.6
D56A J59A 177 357   399    61   8.0   3.1   5.8
D56A J62A 150 332   484    61  16.3   1.5  13.4
D56A J63A 144 327   509    61  17.8   0.7  15.3
D56A K62A 157 339   526    61  10.8   1.2   8.4
D56A L63A 155 338   628    61   9.4   1.4   6.6
D56A LATQ  75 257   154    61  21.8   5.9  17.6
D56A  LMN  96 283   775    61   6.7   2.1   5.6
D56A LSQQ 324 143   278    61   2.1  23.7  21.5
D56A M66A 148 332   742    61   8.5   1.0   4.8
D56A MALY  95 283   887    61  11.6   0.5   9.2
D56A N62A 171 352   687    57   5.7   1.2   4.7
D56A NATG  63 252   949    55  13.4   0.1  11.9
D56A PLVO 220  38   286    60   2.2  14.1  12.5
D56A QM38  75 258   303    61  21.9   3.6  19.4
D56A QM50  56 238   277    30  21.0   1.2  18.0
D56A QM60  24 205   258    30   9.1  10.9  10.1
D56A QMM5  44 228   607    61   9.7   1.2   6.8
D56A SHEY  98 287  1009    61   9.0   0.8   8.3
D56A SUSY  98 285   732    61   8.9   2.1   7.5
D56A VLDQ 300 118   259    57   3.4  21.8  19.9
D56A  WES 151 333   585    61  11.0   3.2  11.3
D56A WODY 102 289   810    61   8.3   0.2   5.8
D59A D60A  98 279    70    61  23.0  12.2  20.8
D59A D63A  88 271   284    61  22.7   5.1  20.7
D59A E55A 261  78   328    61   3.6  16.9  15.7
D59A E58A 238  57   131    61   4.0  15.0  15.4
D59A E62A 103 285   182    61  25.2   6.6  21.4
D59A E64A 101 284   313    61  14.8   1.0  11.9
D59A F57A 240  58   257    61   4.0  20.3  16.7
D59A F60A 184   4   116    61  17.5   9.2  19.3
D59A F61A 150 331   132    61  26.9   6.3  26.7
D59A F62A 130 311   189    61  23.6   2.8  20.2
D59A F64A 114 297   297    61  15.2   3.7  15.4
D59A G57A 230  48   323    61   5.3  17.7  16.2
D59A G59A 206  25   238    61   9.9  12.2  12.1
D59A G61A 173 353   193    61  18.8  11.3  15.7
D59A G62A 153 334   223    61  26.7   7.2  23.0
D59A H61A 182   1   276    61  12.1   3.5  10.7
D59A H62A 169 349   276    61  17.5   4.7  12.1
D59A H63A 151 332   296    61  24.4   1.5  20.7
D59A H64A 141 323   332    61  20.7   2.2  19.1
D59A H65A 131 314   379    61  18.9   1.8  17.0
D59A  HAL 109 295   692    61  11.0   1.4   7.9
D59A HANN 106 290   409    61  13.3   2.5  10.5
D59A HOLY  95 279   414    61  12.9   2.9  10.8
D59A I57A 223  40   454    61   2.7  12.4  10.0
D59A I60A 198  17   370    58   3.8   5.2   5.8
D59A I62A 173 354   350    61  12.7   2.9  10.5
D59A I63A 163 344   343    61  16.2   1.2  12.7
D59A I64A 153 334   384    61  19.9   2.6  17.6
D59A  ICQ  49 232   439    61  15.4   1.5  12.9
D59A J59A 209  27   446    61   4.0  13.8  10.2
D59A J62A 180 360   420    61  11.1   4.9  10.7
D59A J63A 172 352   419    61  12.4   3.2  11.0
D59A K60A 199  18   514    61   1.7   7.2   5.4
D59A K62A 184   4   484    61   6.7   1.0   4.3
D59A L63A 178 358   572    61  11.2   4.2   8.2
D59A L65A 165 346   571    61   6.3   2.4   6.4
D59A LATQ 301 120    83    61   7.5  24.3  20.2
D59A LSQQ 303 119   446    61   2.9  18.9  16.7
D59A M66A 167 349   653    61   3.6   0.1   2.9
D59A MALY  99 285   666    61   9.6   0.5   8.9
D59A N62A 192  10   688    57   1.5   2.7   2.9
D59A PLVO 244  60   461    60   3.6  10.8   9.1
D59A QM38  45 225   105    61  18.9   8.3  15.2
D59A QM50   5 185   156    30   8.1  13.9  11.3
D59A QM60 336 154   265    30   2.5  23.5  19.6
D59A QMM5  26 209   481    61   6.6   5.5   5.9
D59A SHEY 102 289   789    61   8.2   1.5   5.8
D59A SUSY 104 289   513    61   8.6   2.3   7.4
D59A VLDQ 289 104   464    57   1.2  12.1   9.1
D59A  WES 175 356   515    61  17.3   3.9  11.7
D59A WODY 108 293   594    61  12.3   0.5  12.0
D60A D62A  82 263   144    61  23.0   0.9  20.5
D60A E58A 252  71   190    61   0.8  16.6  11.9
D60A E62A 106 287   112    61  24.4   8.7  22.3
D60A E64A 102 284   243    61  16.8   1.8  14.3
D60A EDEY 101 287   684    61   9.4   0.9   6.0
D60A EMMW 131 314   364    61  10.7   2.4   9.5
D60A F57A 248  66   315    61   2.4  17.0  13.0
D60A F60A 217  37   131    61   7.6  20.1  16.9
D60A F61A 183   3   105    61  22.7   9.3  17.8
D60A F62A 147 327   135    61  23.8   9.3  23.5
D60A F64A 120 301   230    61  14.9   2.3  13.9
D60A G57A 239  56   373    61   5.3  14.0  12.0
D60A G59A 221  40   268    61   3.1  16.3  15.2
D60A G61A 195  14   187    61  15.2   9.7  14.0
D60A G62A 171 351   191    61  19.7   4.2  16.2
D60A G63A 153 334   224    61  21.4   3.0  17.6
D60A  GGN 121 304   374    61  16.7   4.6  15.2
D60A H61A 197  16   277    61  10.3   8.1  10.8
D60A H62A 184   4   261    61  15.5   7.2  15.2
D60A H63A 164 345   260    61  19.9   6.4  17.3
D60A H64A 152 333   285    61  25.0   6.6  22.8
D60A H65A 139 321   323    61  18.0   1.6  13.8
D60A  HAL 111 297   624    61   8.3   1.2   7.3
D60A HANN 108 291   340    61  18.0   1.4  13.0
D60A HOLY  96 279   344    61  15.4   1.6  13.3
D60A I57A 230  47   497    61   0.5  16.5  13.7
D60A I60A 209  28   388    58   6.8   7.8   7.5
D60A I62A 186   5   339    61  10.1   8.4  10.8
D60A I63A 175 355   319    61  17.2   9.8  14.1
D60A I64A 163 344   348    61  19.8   5.1  16.7
D60A  ICQ  42 224   397    61  15.4   4.3  11.9
D60A J59A 218  35   475    61   1.4  15.3  12.5
D60A J62A 190   9   416    61   6.3   9.9   9.0
D60A J63A 182   2   404    61   9.0  11.9   9.3
D60A K60A 207  25   532    61   3.3   7.5   5.7
D60A K62A 193  12   483    61   7.6   7.9   8.3
D60A L63A 186   5   564    61   5.5   7.3   6.8
D60A L65A 172 353   547    61   9.2   4.3   7.1
D60A LATQ 291 110   150    61   6.3  19.6  17.7
D60A  LMN 102 286   485    61  12.8   0.7  11.5
D60A M66A 174 355   631    61  10.5   2.9   8.8
D60A MALY  99 285   595    61   9.2   0.2   7.0
D60A N62A 198  16   695    57   2.7   6.8   7.5
D60A NATG  55 241   706    55  13.7   1.6  10.6
D60A PLVO 249  64   520    60   1.2  12.1   9.2
D60A QM38   4 184    85    61  13.1  13.4  13.2
D60A QM50 342 161   175    30   3.1  23.7  23.9
D60A QM60 325 143   308    30   1.1  18.5  14.2
D60A QMM5  19 200   464    61   3.9   4.1   4.6
D60A SHEY 103 289   719    61   7.5   0.3   3.8
D60A SUSY 105 289   443    61  12.1   0.7   7.8
D60A VLDQ 288 103   533    57   1.0  10.3   6.7
D60A  WES 184   3   504    61   7.0   9.8   9.1
D60A WODY 110 295   525    61  13.4   0.3  11.7
D62A D63A  94 274    72    61  26.1  13.0  24.0
D62A DRLN  70 259   891    62  12.0   0.8   9.0
D62A E58A 258  75   333    61   2.4  11.7   7.9
D62A E62A 215  35    63    62  15.7  19.5  15.7
D62A E64A 128 309   119    61  22.7   5.6  19.0
D62A EMMW 154 335   291    62  12.2   5.0   9.3
D62A F57A 254  70   456    61   0.8  16.5  14.4
D62A F61A 231  50   193    61   7.8  13.5  11.7
D62A F62A 208  28   149    62  14.3  11.4  14.1
D62A F64A 158 339   146    61  21.6   4.8  18.8
D62A G59A 237  54   389    61   0.5  11.4   6.5
D62A G61A 225  43   277    61   7.5  18.2  14.3
D62A G62A 209  28   237    61  11.4  13.5  13.2
D62A G63A 192  11   223    61  16.4   9.7  16.8
D62A  GBN 105 290   610    62   8.4   1.7   5.4
D62A  GGN 141 323   277    62  17.0   0.2  14.3
D62A H61A 219  37   362    61   8.5  10.8  10.1
D62A H62A 211  30   323    61   8.6  11.0  10.3
D62A H63A 196  16   280    61  12.5  13.1  13.8
D62A H64A 183   3   272    61  21.7  15.1  22.6
D62A H65A 166 347   272    61  17.7   4.9  15.2
D62A  HAL 121 305   503    62  13.1   0.7  10.3
D62A HANN 126 308   220    62  18.1   4.9  13.8
D62A I57A 238  54   623    61   1.6  11.7   9.1
D62A I60A 224  41   489    58   5.2   8.9   7.0
D62A I62A 207  26   399    61   6.4   9.6   8.3
D62A I63A 200  19   357    61  10.4  13.7  12.9
D62A I64A 188   7   354    61  18.3   6.2  17.0
D62A  ICQ  25 207   302    62  14.9  13.8  15.7
D62A J59A 229  45   587    61   0.2  12.2   9.1
D62A J62A 208  26   480    61   4.0   9.9   9.4
D62A J63A 201  20   452    61  10.3   8.8  10.4
D62A JOSY 142 324   393    31   9.7   3.8   8.3
D62A K60A 219  36   626    61   3.5   8.7   7.0
D62A K62A 208  26   551    61   6.4   8.8   8.2
D62A L63A 200  18   615    61   2.9   6.9   6.9
D62A L65A 188   8   567    61   7.5   5.6   4.8
D62A LATQ 278  95   285    62   1.7  20.8  16.9
D62A  LMN 111 294   353    62  15.9   1.9  11.7
D62A LSQQ 293 107   630    62   2.6  10.7   8.8
D62A M66A 188   7   653    61   3.7   0.9   1.6
D62A MALY 106 290   460    62  14.9   2.0  14.0
D62A N62A 209  26   769    57   0.4   6.5   6.2
D62A NATG  50 235   581    55   7.1   0.1   7.1
D62A QM38 297 115   151    62   4.2  22.8  18.2
D62A QM60 308 124   394    31   0.6  10.3   8.0
D62A QMM5   2 183   419    62   3.1  15.5  13.8
D62A VLDQ 284  97   665    58   0.3   9.3   8.9
D62A  WES 200  18   552    62   6.9  10.2   9.2
D62A WODY 121 305   405    62  17.4   1.8  16.3
D63A DRLN  69 257   826    61  13.3   0.1  10.6
D63A E55A 267  81   611    61   0.7  11.8   9.5
D63A E58A 261  78   402    61   0.0   8.8   7.5
D63A E62A 247  66   118    61  10.1  23.6  17.2
D63A E64A 163 343    72    61  29.2  12.5  23.4
D63A EDEY 110 294   480    61  14.0   0.4  12.1
D63A EMMW 169 349   264    61  20.8   6.4  17.5
D63A F60A 249  67   318    61   4.8  17.1  14.6
D63A F61A 243  61   251    61   9.5  20.7  19.3
D63A F62A 229  48   191    61   9.5  22.5  20.1
D63A F64A 188   8   132    61  23.5  12.6  19.2
D63A G59A 243  59   449    61   3.3  10.2   8.3
D63A G61A 235  52   328    61   1.9  18.6  15.8
D63A G62A 224  42   276    61  11.8  16.0  16.1
D63A G63A 209  28   244    61  13.3  14.3  11.7
D63A  GBN 107 292   540    61  12.3   0.9   8.5
D63A  GGN 155 336   235    61  13.8   7.0  14.1
D63A H61A 228  45   408    61   5.8  13.6  11.8
D63A H62A 222  40   362    61   9.9  14.7  15.8
D63A H63A 210  29   304    61  11.8  13.1  11.8
D63A H64A 198  18   280    61  10.6   8.8  11.2
D63A H65A 182   2   260    61  24.3  10.8  21.4
D63A  HAL 126 309   441    61  13.6   1.5  11.5
D63A HANN 141 322   165    61  17.2   3.1  13.6
D63A HOLY 114 295   138    61  23.7   6.0  20.1
D63A I57A 242  57   683    61   1.7  12.6  10.4
D63A I60A 231  47   539    58   1.4  10.9   8.9
D63A I62A 217  35   433    61   3.5  11.2   7.0
D63A I63A 211  29   384    61   8.3   8.9   9.8
D63A I64A 200  18   366    61   9.4   6.6   9.5
D63A  ICQ  12 193   283    61   6.9  13.3  13.0
D63A J59A 234  49   640    61   0.2  10.9   9.8
D63A J62A 216  33   514    61   2.7  11.2   8.0
D63A J63A 210  28   478    61   6.2   9.2   8.4
D63A JOSY 151 333   349    31  12.9   0.9  10.5
D63A K60A 225  41   671    61   0.1   9.6   5.7
D63A K62A 215  32   585    61   4.6  14.5  11.0
D63A L63A 207  25   639    61   4.8   6.4   4.8
D63A L65A 196  15   577    61   6.3   5.6   6.3
D63A LATQ 278  94   356    61   2.4  21.4  18.9
D63A  LMN 116 299   286    61  17.8   2.1  15.5
D63A LSQQ 292 105   698    61   0.3  13.5  11.3
D63A M66A 195  13   662    61   2.1   6.1   3.2
D63A MALY 109 292   391    61  15.8   2.6  13.4
D63A N62A 214  31   803    57   0.8   6.8   3.8
D63A NATG  45 229   532    55  12.2   1.4   9.1
D63A PLVO 256  69   728    60   0.3   7.9   5.8
D63A QM16 177 357   204    61  21.8   2.7  17.7
D63A QM38 290 108   219    61   2.7  21.5  18.3
D63A QM50 301 118   307    30   0.4  11.6  10.2
D63A QMM5 353 173   426    61   0.7  25.4  19.8
D63A SHEY 112 296   518    61  14.7   1.9  13.5
D63A SUSY 125 306   253    61  17.7   3.7  15.4
D63A  WES 207  25   576    61   5.1   8.2   7.7
D63A WODY 128 310   343    61  14.3   0.9  11.4
DRLN E55A 264  71  1419    61   0.3   7.5   6.0
DRLN E58A 261  69  1222    61   0.6   5.8   3.6
DRLN E62A 256  68   943    62   2.1   9.3   7.4
DRLN E64A 252  64   834    61   1.8  10.1   7.9
DRLN EDEY 222  39   559    62   0.9   0.8   0.4
DRLN EMMW 240  53   909    62   1.9  12.1  10.9
DRLN F57A 260  67  1346    61   0.7   6.9   4.6
DRLN F61A 255  65  1076    61   1.3  10.8   9.0
DRLN F64A 249  61   898    61   0.8  11.0   8.1
DRLN G57A 257  65  1399    61   0.4   8.3   6.2
DRLN G62A 250  61  1082    61   0.6   8.2   6.3
DRLN  GBN 217  34   524    62   2.9   0.4   3.6
DRLN  GGN 240  54   843    62   1.8  10.9   8.8
DRLN H61A 250  59  1216    61   0.8   9.4   6.4
DRLN H62A 249  59  1161    61   1.5   9.6   8.2
DRLN H64A 244  56  1027    61   0.6   9.2   6.9
DRLN H65A 242  54   961    61   1.1  11.4  10.5
DRLN HANN 245  58   791    62   1.5  14.6  12.2
DRLN HOLY 249  62   735    62   0.5   9.9   8.9
DRLN I60A 249  58  1349    58   0.4   7.8   6.2
DRLN I62A 246  56  1215    61   0.8   9.0   7.7
DRLN  ICQ 276  89   709    62   1.5  14.4  12.8
DRLN K60A 246  54  1465    61   0.3   9.7   7.3
DRLN K62A 243  52  1353    61   2.2   5.9   4.9
DRLN  LMN 238  53   667    62   0.9   7.0   5.7
DRLN LSQQ 276  82  1417    62   0.9   9.0   7.3
DRLN MALY 231  47   585    62   2.1   3.4   3.3
DRLN NATG 289 105   399    55   1.5  17.8  16.4
DRLN PLVO 260  65  1552    61   0.4   5.2   2.5
DRLN QM38 265  75  1001    62   0.6   7.9   6.0
DRLN QM50 270  80  1042    31   1.1   5.5   4.0
DRLN QM60 276  84  1152    31   0.5   4.4   3.4
DRLN QMM5 287  98   827    62   0.6  16.1  13.5
DRLN SHEY 218  35   570    62   2.7   1.4   2.0
DRLN SUSY 240  54   715    62   3.1  20.2  18.5
DRLN VLDQ 273  78  1490    58   1.0   6.8   5.6
DRLN  WES 240  50  1314    62   1.1   7.0   5.6
DRLN WODY 232  47   712    62   3.5   9.4   8.3
E55A E58A  91 273   214    61  20.4   7.0  17.5
E55A E62A  86 270   501    61  18.6   2.7  15.8
E55A E64A  87 273   632    61   9.8   1.8   8.5
E55A EMMW 103 289   698    61   8.6   1.4   7.0
E55A F57A 124 305   127    61  29.5   4.1  26.9
E55A F60A  98 281   321    61  13.9  10.5  15.1
E55A F61A  96 280   394    61  15.4   4.6  15.4
E55A F62A  95 280   474    61  13.9   5.6  13.8
E55A F64A  94 279   599    61  14.5   3.9  12.9
E55A G57A 151 331   172    61  18.2   5.2  14.4
E55A G59A 123 305   271    61  25.8   6.3  23.6
E55A G61A 109 292   375    61  17.6   1.7  16.0
E55A G62A 106 290   451    61  15.1   1.8  13.7
E55A  GBN  91 281  1132    61   4.2   0.6   2.7
E55A H61A 122 305   388    61  21.0   0.7  18.8
E55A H62A 117 300   436    61  17.5   1.9  14.8
E55A H63A 111 295   510    61  12.3   0.3  10.6
E55A H64A 108 293   570    61  17.4   3.3  16.0
E55A  HAL  97 286   993    61   3.3   0.1   2.8
E55A HANN  92 278   720    61  10.9   1.5   9.5
E55A I57A 173 354   281    61  13.3  10.4  12.0
E55A I60A 142 324   362    58  15.7   0.3  12.6
E55A I63A 120 304   506    61  19.3   0.6  16.8
E55A I64A 117 301   578    61  13.9   1.1  10.7
E55A  ICQ  59 246   739    61  19.0   1.3  14.8
E55A J59A 159 340   354    61  17.4   4.5  16.0
E55A J63A 130 314   528    61  22.1   0.7  18.4
E55A K60A 157 339   460    61  14.1   1.4  11.6
E55A K62A 143 326   519    61  16.9   1.2  12.7
E55A LATQ  66 249   270    61  25.6   6.3  23.3
E55A  LMN  90 278   871    61   8.7   0.1   7.1
E55A LSQQ 347 166   298    61   9.1  12.7  11.2
E55A M66A 138 322   748    61   7.5   1.5   5.4
E55A N62A 160 342   648    57   7.2   0.6   3.3
E55A PLVO 207  26   176    60   8.8  16.9  14.6
E55A QM60  33 215   364    30  10.2   1.7   6.1
E55A SUSY  92 279   825    61  14.1   2.1  11.9
E55A VLDQ 327 146   232    57   4.3  22.8  20.4
E55A  WES 138 322   589    61  14.7   2.2  13.5
E58A E62A  83 266   290    61  12.7   2.3  10.2
E58A E64A  87 271   419    61   7.5   3.5   4.4
E58A EDEY  93 281   856    61   0.3   0.5   0.2
E58A EMMW 110 294   491    61  10.0   0.2   6.7
E58A F57A 241  60   126    61   6.6  19.3  17.8
E58A F60A 113 294   112    61  16.8   8.2  18.1
E58A F61A 103 285   182    61  15.0   4.3  11.1
E58A F62A 100 283   261    61  13.2   4.4  10.0
E58A G57A 224  43   194    61   2.1  12.8   9.0
E58A G59A 177 357   144    61  12.9  13.3  11.5
E58A G61A 131 312   182    61  19.3   2.4  16.5
E58A G62A 120 302   249    61  18.6   1.5  14.1
E58A G63A 115 297   317    61  15.2   2.7  11.8
E58A H61A 152 333   231    61  20.3   1.4  17.2
E58A H62A 140 321   260    61  21.5   0.9  16.7
E58A H63A 126 308   317    61  15.4   2.6  12.6
E58A  HAL 101 288   781    61   6.0   2.4   3.9
E58A HANN  94 279   506    61   6.6   2.1   3.4
E58A HOLY  86 271   524    61   6.2   0.1   6.1
E58A I57A 216  34   329    61   0.3   6.8   5.9
E58A I60A 180   0   281    58   6.3   3.1   4.3
E58A I62A 150 332   317    61  16.9   2.1  13.9
E58A  ICQ  50 234   569    61  11.7   1.1   9.0
E58A J59A 197  16   337    61   0.3   3.7   1.4
E58A J62A 161 342   368    61  12.4   1.9  10.7
E58A J63A 152 334   385    61  17.1   2.0  14.4
E58A K60A 187   6   420    61   2.8   1.1   1.5
E58A K62A 168 349   420    61   7.3   0.6   4.5
E58A L65A 151 333   547    61   7.6   0.9   5.4
E58A LATQ  18 199   119    61  14.9  10.6  11.5
E58A  LMN  92 278   657    61   6.5   0.6   3.7
E58A LSQQ 318 136   408    61   1.6  14.2  11.9
E58A M66A 155 337   622    61   2.5   1.6   2.1
E58A MALY  91 278   770    61   1.6   1.2   1.0
E58A N62A 182   1   605    57   1.2   1.9   0.7
E58A PLVO 245  62   331    60   2.2  15.4  12.6
E58A QM16 105 289   434    61   6.6   0.2   3.4
E58A QM38  51 233   234    61  10.2   3.0   9.9
E58A QM50  28 209   257    30  11.9   9.6  10.3
E58A QM60 359 179   311    30   3.2  12.9  10.5
E58A QMM5  32 215   597    61   2.8   0.7   3.9
E58A SHEY  95 283   888    61   4.3   0.2   3.1
E58A SUSY  94 280   611    61   5.7   1.6   3.2
E58A  WES 160 341   470    61  14.6   0.1  11.2
E58A WODY  99 285   685    61   4.6   0.2   3.1
E62A E64A  99 280   132    61  20.8   6.3  18.9
E62A EMMW 142 324   267    62  20.8   4.8  18.1
E62A F57A 259  75   409    61   2.3   7.7   7.1
E62A F60A 250  68   201    61   6.3  14.8  12.9
E62A F61A 238  57   134    61  13.7  25.1  24.4
E62A F62A 203  23    87    62  20.4  14.7  16.6
E62A F64A 132 313   124    61  23.8   5.4  20.0
E62A G57A 250  66   456    61   2.2  12.3  11.1
E62A G59A 240  58   332    61   3.9  11.7  11.6
E62A G61A 227  46   215    61   7.1  16.7  11.3
E62A G62A 207  26   174    61  11.0  10.1   9.5
E62A G63A 183   3   167    61  21.4  13.9  19.0
E62A  GGN 128 310   267    62  16.2   5.8  14.0
E62A H62A 210  29   261    61   9.0  14.1  12.2
E62A H63A 191  10   221    61  11.9   8.4   9.1
E62A H64A 174 354   221    61  25.5   8.5  23.4
E62A H65A 155 336   236    61  23.7   7.3  21.3
E62A HANN 110 292   228    62  17.0   4.1  15.1
E62A I57A 240  56   566    61   2.5  10.3   7.6
E62A I60A 225  42   427    58   2.2   8.3   6.7
E62A I62A 206  24   337    61   5.4   7.5   6.2
E62A I63A 197  16   297    61   9.6   9.1   8.7
E62A I64A 182   2   300    61  15.2   9.5  14.5
E62A  ICQ  27 208   364    62  13.5   7.7  10.5
E62A J62A 206  25   418    61   1.6   8.3   7.7
E62A J63A 199  18   391    61   9.3   9.9  11.5
E62A JOSY 132 315   379    31   9.4   1.5   7.4
E62A K60A 219  36   564    61   2.7   9.7   8.0
E62A K62A 207  25   489    61   4.9  10.8   8.2
E62A L63A 198  17   554    61   5.0   8.6   7.9
E62A L65A 185   5   512    61   8.8   7.8   8.1
E62A LATQ 290 108   262    62   4.0  21.5  18.6
E62A  LMN 101 285   374    62  12.0   0.1   9.3
E62A M66A 185   5   598    61   5.3   0.7   3.3
E62A MALY  99 283   485    62  14.8   4.3  13.9
E62A N62A 208  25   707    57   2.2   6.5   5.7
E62A NATG  48 233   642    55  10.2   2.5   7.8
E62A PLVO 256  71   612    61   1.8   8.6   6.6
E62A QM16 142 323   199    62  16.3   0.8  15.2
E62A QM38 320 139   155    62   4.5  24.7  21.0
E62A QM50 322 140   256    31   0.0  21.9  16.3
E62A QM60 316 133   402    31   1.9  11.4   8.8
E62A QMM5   6 187   473    62   6.1   9.5   8.5
E62A SUSY 106 289   331    62  15.1   3.1  12.7
E62A VLDQ 289 103   645    58   0.6   9.4   8.4
E62A  WES 198  16   492    62   8.3   7.4   7.7
E62A WODY 112 296   413    62  15.7   1.6  11.8
E64A EDEY 102 286   441    61  16.7   3.7  13.3
E64A EMMW 171 351   192    61  19.8   8.6  16.3
E64A F60A 263  80   322    61   3.7  15.6  12.9
E64A F61A 260  77   249    61   0.8  20.5  17.9
E64A F62A 251  70   175    61   5.5  24.7  21.2
E64A F64A 213  33    74    61  18.1  19.7  20.8
E64A G57A 258  73   575    61   0.1  15.2  13.3
E64A G59A 252  68   442    61   3.6  14.2  13.1
E64A G61A 248  65   314    61   4.9  15.7  12.5
E64A G62A 239  57   249    61   8.7  21.5  19.4
E64A G63A 225  43   201    61   6.6  21.8  18.4
E64A  GBN 101 285   503    61  15.0   4.3  13.1
E64A  GGN 152 332   164    61  27.5   6.7  22.8
E64A H61A 238  55   383    61   4.8  18.4  16.7
E64A H62A 233  51   331    61   5.7  15.0  14.4
E64A H63A 222  41   260    61  11.0  18.8  16.5
E64A H64A 209  28   225    61  11.1  15.1  14.1
E64A H65A 190  10   194    61  23.3   5.4  16.9
E64A  HAL 119 302   386    61  15.9   1.7  12.6
E64A HANN 126 306   101    61  21.8   8.8  18.9
E64A HOLY  83 264   105    61  24.4   9.2  21.6
E64A I57A 249  63   674    61   0.5  18.3  15.5
E64A I60A 238  54   516    58   3.5  17.0  15.5
E64A I62A 226  43   395    61   3.5  21.6  17.7
E64A I63A 220  38   340    61   7.3  16.7  16.1
E64A I64A 208  26   312    61   9.1   8.8  10.3
E64A  ICQ   7 187   348    61   4.1  13.5   9.1
E64A J62A 223  40   474    61   2.6  17.7  15.0
E64A J63A 218  35   433    61   6.6  16.0  12.3
E64A JOSY 149 330   279    31  19.6   1.1  16.4
E64A K60A 231  47   640    61   2.5  10.8   8.5
E64A K62A 222  38   544    61   5.2  14.6  12.4
E64A L63A 212  30   590    61   7.6  10.5  11.1
E64A L65A 201  19   519    61  12.0  10.4  13.7
E64A  LMN 104 286   242    61  16.4   5.6  13.6
E64A LSQQ 296 110   746    61   2.2  10.3   8.5
E64A M66A 199  17   602    61   7.1   5.7   6.0
E64A MALY 100 283   353    61  18.6   9.1  16.1
E64A N62A 219  35   760    57   0.7  12.4   9.9
E64A NATG  39 223   568    55  12.0   2.9  10.2
E64A QM16 184   4   135    61  21.8   7.7  21.1
E64A QM38 302 120   269    61   3.6  18.7  17.4
E64A QM50 309 126   364    30   0.3  15.3   9.3
E64A SHEY 105 290   476    61  13.7   1.7  11.2
E64A SUSY 112 294   201    61  20.7   5.8  18.7
E64A VLDQ 288 101   776    57   1.1   5.1   3.2
E64A  WES 213  31   527    61   6.3   9.8  10.2
E64A WODY 120 302   287    61  18.0   3.0  14.6
EDEY EMMW 260  77   413    62   0.5  19.5  13.6
EDEY F60A 278  91   752    61   0.7   6.9   4.6
EDEY F61A 278  92   678    61   0.8   7.7   4.6
EDEY F62A 278  92   598    62   2.1  11.9  10.6
EDEY G62A 271  85   644    61   2.1   9.9   7.0
EDEY G63A 269  84   574    61   0.8   8.6   5.5
EDEY  GBN  93 274    63    62  23.6  10.6  19.8
EDEY  GGN 266  83   357    62   1.7  11.2   9.3
EDEY H64A 263  78   551    61   0.5  16.9  11.9
EDEY H65A 262  78   474    61   3.0  19.1  15.9
EDEY  HAL 229  48   134    62  24.6  19.0  22.1
EDEY HANN 280  96   350    62   1.6  15.5  10.3
EDEY HOLY 292 109   343    62   1.0  15.0  11.4
EDEY I57A 266  76  1069    61   0.6   7.0   4.1
EDEY I64A 256  71   604    61   1.5  12.9   8.4
EDEY J62A 255  69   796    61   1.0   9.4   8.1
EDEY JOSY 247  65   320    31   3.0  17.9  14.5
EDEY K62A 252  65   852    61   0.1   9.7   7.3
EDEY L63A 245  59   848    61   2.9   9.8   7.2
EDEY L65A 241  56   729    61   2.0   9.8   7.7
EDEY LATQ 289 101   832    62   0.2   9.8   7.9
EDEY  LMN 284 102   199    62   5.7  16.8  16.1
EDEY LSQQ 295 104  1178    62   2.2   6.1   4.0
EDEY M66A 236  51   785    61   0.0   4.8   4.0
EDEY MALY 296 116    90    62  11.1  20.4  19.6
EDEY QM16 269  85   442    62   3.5  11.7  10.4
EDEY QM38 294 108   699    62   1.7  10.9   7.9
EDEY QM50 298 111   784    31   1.2   4.1   4.1
EDEY QM60 300 112   929    31   1.0   4.1   2.6
EDEY QMM5 324 139   770    62   0.8   2.8   1.6
EDEY SHEY 143 323    43    62  24.9  14.1  23.4
EDEY SUSY 278  96   245    62  12.1  13.8   8.6
EDEY VLDQ 290  99  1215    58   1.2   5.8   4.2
EDEY WODY 259  77   188    62  11.3  22.9  20.1
EMMW F60A 293 110   379    61   4.8  15.8  14.8
EMMW F61A 298 116   311    61   1.8  18.2  13.9
EMMW F62A 305 123   237    62   5.8  18.2  16.4
EMMW F64A 332 151   146    61  10.0  24.1  22.2
EMMW G59A 277  93   454    61   2.6  12.3  10.1
EMMW G61A 283 100   327    61   2.8  13.7  12.2
EMMW G62A 284 102   249    61   4.5  22.4  17.7
EMMW G63A 286 104   177    61   3.4  19.0  17.4
EMMW  GBN  78 263   475    62  12.9   4.9   9.1
EMMW  GGN  47 227    67    62  25.3  16.2  23.5
EMMW H61A 268  85   355    61   0.9  14.4  11.3
EMMW H62A 268  86   294    61   1.9  14.9  12.0
EMMW H64A 268  86   140    61  11.9  15.6  15.6
EMMW H65A 269  89    63    61   7.0  27.4  22.1
EMMW  HAL  90 273   307    62  17.7   7.7  17.0
EMMW HANN  22 203   141    62  23.6  28.7  27.7
EMMW HOLY  21 201   216    62  18.1  18.2  19.4
EMMW I60A 260  76   475    58   2.0  15.6  12.4
EMMW I62A 255  72   323    61   2.0  14.4  12.0
EMMW I64A 244  63   195    61   5.9  18.5  14.7
EMMW  ICQ   1 182   535    62   3.1  17.1  13.6
EMMW J62A 246  63   386    61   4.0  15.7  14.9
EMMW J63A 243  60   331    61   3.0  16.0  12.6
EMMW JOSY 113 294   125    31  19.5  10.2  22.0
EMMW K62A 241  58   447    61   2.4  10.6   9.5
EMMW L63A 228  45   462    61   3.2  16.3  13.0
EMMW L65A 216  34   364    61  14.0  19.1  17.8
EMMW LATQ 308 124   508    62   0.6   9.9   8.1
EMMW  LMN  58 239   244    62  18.1   8.3  14.2
EMMW M66A 211  29   441    61   3.9   9.3   7.8
EMMW MALY  68 251   344    62  13.5   3.7   9.3
EMMW N62A 232  48   646    57   0.7  11.7  10.9
EMMW NATG  28 211   712    55   4.4   1.2   3.2
EMMW PLVO 276  89   760    61   2.1   6.4   5.3
EMMW QM16 325 145    68    62   7.0  26.0  20.5
EMMW QM38 323 140   421    62   1.3  18.3  15.9
EMMW QM50 323 140   522    31   2.4  15.9  14.4
EMMW SHEY  82 266   434    62  13.8   1.6  11.4
EMMW SUSY  54 236   195    62  21.5  13.8  20.3
EMMW  WES 232  49   405    62   0.9  16.1  14.1
EMMW WODY  78 260   225    62  24.1  10.7  22.3
F57A F60A  84 266   213    61  17.3   8.6  17.0
F57A F61A  85 268   288    61  15.1   1.6  12.4
F57A F62A  87 270   367    61  13.6   0.8  11.6
F57A G57A 196  16    82    61  12.9  12.8  14.4
F57A G59A 124 305   144    61  27.5   7.1  28.4
F57A G61A 102 285   254    61  18.5   5.9  17.7
F57A G62A 100 283   332    61  20.8   2.7  17.6
F57A G63A  99 283   404    61  19.3   0.3  16.9
F57A  GBN  88 277  1028    61   3.8   2.6   3.4
F57A  GGN  94 280   619    61   8.3   1.6   5.6
F57A H61A 122 304   260    61  21.9   7.6  21.2
F57A H62A 115 298   310    61  22.8   3.0  21.3
F57A H63A 108 291   387    61  13.7   1.4  11.2
F57A H64A 105 289   449    61  13.6   1.0  11.6
F57A H65A 101 286   521    61  15.9   1.8  14.1
F57A HOLY  80 266   640    61   9.5   0.2   5.8
F57A I57A 200  20   222    61   1.8   8.1   8.3
F57A I60A 153 334   245    58  15.8   2.3  12.5
F57A I62A 128 310   342    61  28.4   2.7  25.2
F57A I63A 120 303   379    61  22.3   1.9  19.6
F57A I64A 116 300   452    61  17.6   3.5  16.4
F57A  ICQ  51 236   693    61  14.0   0.4  11.3
F57A J59A 177 357   261    61   7.3   6.1   7.4
F57A J62A 140 322   367    61  19.9   2.6  18.4
F57A J63A 133 316   402    61  25.1   3.5  23.0
F57A JOSY 101 287   705    31   8.1   1.7   6.2
F57A K60A 169 350   361    61  10.2   1.5   5.7
F57A LATQ  39 221   228    61   9.9  10.4  10.0
F57A MALY  86 274   881    61   6.8   1.1   5.6
F57A N62A 169 350   551    57   4.5   2.7   5.2
F57A NATG  56 245  1014    55   7.5   0.8   5.4
F57A PLVO 246  64   205    60   3.1  19.8  17.6
F57A QM16  95 280   531    61   5.1   0.5   4.2
F57A QM38  53 236   359    61  16.3   3.0  13.9
F57A QM50  37 220   369    30   4.8   4.5   4.8
F57A QM60  15 196   387    30   5.4   2.9   5.1
F57A QMM5  36 220   710    61   5.3   0.8   4.2
F57A SUSY  88 274   720    61   6.9   0.9   5.2
F57A VLDQ 320 137   352    57   0.1  25.9  21.2
F57A  WES 143 326   467    61  14.7   1.5  11.0
F57A WODY  92 279   788    61   5.5   0.7   3.5
F60A F61A  89 270    74    61  23.9  12.9  21.1
F60A F62A  92 274   154    61  16.6   3.1  15.6
F60A F64A  91 274   280    61  13.5   1.5  11.3
F60A G57A 249  67   256    61   5.5  13.2  14.2
F60A G59A 225  44   138    61   7.1  14.4  10.9
F60A G61A 156 337    83    61  30.6   6.0  26.9
F60A G62A 126 307   139    61  25.4   7.2  21.8
F60A G63A 117 298   205    61  23.3   5.3  21.7
F60A  GBN  91 278   815    61  10.0   0.9   8.5
F60A  GGN 101 285   410    61  12.4   3.0  10.1
F60A H61A 179 359   161    61  11.9  11.6  12.1
F60A H62A 158 338   167    61  28.4   3.5  22.4
F60A H63A 133 315   209    61  22.6   1.6  19.3
F60A H64A 124 306   260    61  22.9   4.4  20.0
F60A H65A 115 297   323    61  20.3   3.1  19.0
F60A  HAL 100 286   672    61   9.4   0.4   8.1
F60A HANN  90 273   402    61  14.0   0.8  10.5
F60A HOLY  80 264   428    61  14.3   0.2  11.1
F60A I60A 205  24   259    58   7.9  11.3  15.9
F60A I62A 168 348   238    61  21.8   6.2  15.8
F60A I63A 153 334   239    61  30.4   4.8  26.3
F60A I64A 140 322   292    61  21.5   5.2  20.0
F60A  ICQ  40 223   528    61  12.7   0.3  10.5
F60A J59A 217  35   344    61   1.9   9.8   8.7
F60A J62A 178 358   305    61  11.5   9.8  11.1
F60A J63A 167 347   307    61  17.7   6.1  15.5
F60A JOSY 110 294   504    31   9.7   0.3   6.5
F60A K60A 203  22   403    61   2.9  10.4   6.7
F60A K62A 184   3   368    61   6.3   6.8   4.9
F60A L63A 176 357   457    61  12.1   8.1  11.9
F60A L65A 160 341   463    61  18.2   3.4  18.2
F60A LATQ 338 158   170    61  12.5  26.9  24.5
F60A LSQQ 314 130   511    61   3.1  19.7  18.3
F60A M66A 164 345   543    61  10.8   0.1   7.3
F60A N62A 193  12   573    57   2.2   7.7   5.2
F60A NATG  51 238   832    55  10.0   1.2   6.5
F60A QM16 104 287   323    61  11.5   0.5  10.0
F60A QM38  23 204   207    61  11.5   7.6   8.2
F60A QM50   5 185   272    30   3.3  12.7   9.4
F60A QMM5  22 204   590    61   2.2   3.0   3.7
F60A SHEY  93 280   783    61  10.3   1.4   7.5
F60A SUSY  91 275   507    61  11.7   0.2  10.1
F60A VLDQ 301 117   505    57   0.8  16.4  14.9
F60A  WES 173 353   401    61  14.8   8.9  13.1
F60A WODY  97 282   577    61   8.1   1.1   6.5
F61A F62A  96 277    80    61  27.1  15.9  25.3
F61A F64A  92 274   205    61  15.7   8.9  15.4
F61A G57A 254  71   327    61   1.4  13.7  10.0
F61A G59A 241  59   198    61   4.4  11.7   9.3
F61A G61A 209  28    87    61  13.8  19.5  17.2
F61A G62A 157 337    91    61  28.3  13.3  26.8
F61A G63A 131 312   144    61  29.2   9.1  26.0
F61A  GBN  91 278   741    61   9.6   1.5   7.4
F61A H61A 205  24   177    61  11.7  21.4  18.0
F61A H62A 185   5   156    61  17.1  10.9  13.7
F61A H63A 152 333   164    61  28.3   8.9  25.1
F61A H64A 136 317   203    61  20.4   6.6  17.9
F61A H65A 122 304   258    61  21.7   2.3  18.8
F61A  HAL 102 287   599    61  10.6   0.7   8.3
F61A I60A 218  37   298    58   4.1  14.7  11.1
F61A I62A 187   7   235    61  10.9  10.2  11.1
F61A I63A 171 352   216    61  22.1  10.4  21.4
F61A I64A 154 335   252    61  23.9   7.1  21.0
F61A  ICQ  34 217   483    61  12.6   4.3   9.2
F61A J59A 226  44   394    61   4.8  11.0  10.6
F61A J62A 192  12   312    61  12.0   9.4  11.4
F61A JOSY 114 298   435    31   9.3   2.3   8.9
F61A K60A 213  31   439    61   0.2   7.8   6.4
F61A K62A 196  15   381    61   9.8  10.8  11.3
F61A L63A 186   6   459    61   8.6   6.7   8.4
F61A L65A 170 351   445    61  14.1   5.1  12.7
F61A LATQ 319 138   208    61   1.3  26.5  25.2
F61A  LMN  89 274   480    61  14.8   1.0  11.0
F61A M66A 172 353   528    61  11.1   2.8   8.7
F61A N62A 201  19   595    57   0.6   7.2   6.0
F61A NATG  49 235   774    55  12.8   0.6   9.9
F61A PLVO 260  76   486    60   0.1  15.1  11.5
F61A QM16 109 291   252    61  13.3   1.1  13.0
F61A QM38   3 183   189    61  10.9  21.7  18.2
F61A QM50 350 169   275    30   3.4  25.3  19.9
F61A QM60 334 153   396    30   1.8  19.3  16.1
F61A QMM5  16 198   565    61   3.8   8.6   9.0
F61A SHEY  94 281   709    61   7.8   0.7   5.7
F61A SUSY  92 276   433    61  15.2   2.8  14.0
F61A VLDQ 298 113   569    57   1.5  16.3  13.7
F61A  WES 184   4   400    61  11.3   7.3  11.3
F61A WODY  99 283   504    61  12.5   0.6   8.7
F62A F64A  91 272   126    61  16.8   4.9  15.9
F62A G57A 259  76   402    61   0.1  20.5  18.4
F62A G59A 251  69   267    61   1.5  16.5  15.0
F62A G61A 241  60   140    61   9.9  18.8  17.5
F62A G62A 211  30    87    61   9.0  27.4  20.9
F62A G63A 163 343    91    61  31.5  10.9  28.2
F62A  GBN  92 278   661    62   7.7   1.3   5.4
F62A  GGN 108 291   259    62  18.7   0.3  17.2
F62A H61A 226  45   217    61   4.9  17.6  16.7
F62A H62A 213  32   174    61  14.2  21.8  19.7
F62A H63A 182   2   137    61  22.1  13.0  21.4
F62A H64A 157 338   151    61  27.3   5.0  23.7
F62A H65A 134 315   190    61  22.5   2.9  18.3
F62A  HAL 103 288   519    62   8.8   0.8   6.1
F62A HANN  89 272   248    62  15.6   5.1  14.0
F62A HOLY  74 257   279    62  22.4   6.6  21.2
F62A I57A 246  62   499    61   1.5  16.5  14.9
F62A I60A 230  48   348    58   3.3  10.6   9.7
F62A I62A 206  25   249    61  13.9  16.1  16.5
F62A I63A 194  13   211    61  15.9  13.3  15.3
F62A I64A 173 353   221    61  20.2   6.8  16.2
F62A  ICQ  26 208   451    62  11.8   4.3   8.5
F62A J59A 235  52   450    61   3.5   9.4   7.4
F62A J62A 207  26   331    61   8.5  11.7  11.0
F62A J63A 197  16   304    61  10.2   9.3  11.6
F62A JOSY 119 302   360    31  12.3   2.1  12.3
F62A K60A 222  39   480    61   1.9  16.4  14.3
F62A K62A 208  26   402    61  10.2  13.3  12.4
F62A L63A 197  16   467    61   9.8   9.4   9.2
F62A L65A 181   1   430    61  13.7   7.9  10.8
F62A LATQ 308 126   272    62   5.0  19.2  18.9
F62A  LMN  89 273   401    62  16.3   4.6  16.8
F62A M66A 182   1   515    61   6.0   3.4   3.6
F62A MALY  89 274   514    62  13.5   1.4  10.0
F62A N62A 208  26   620    57   0.1   5.8   3.7
F62A NATG  45 230   722    55  10.1   2.3   8.4
F62A PLVO 263  78   564    61   1.6  15.1  11.2
F62A QM38 341 161   209    62  13.7  28.8  28.6
F62A QM50 336 155   307    31   2.0  22.7  19.2
F62A QM60 326 144   443    31   2.0  15.4  14.1
F62A QMM5   9 189   557    62   4.1   9.9   9.1
F62A SHEY  95 281   629    62  10.4   1.5   7.4
F62A SUSY  92 275   353    62  18.4   1.8  16.1
F62A  WES 196  15   405    62  10.9   8.9  11.7
F62A WODY 100 284   424    62   8.1   1.5   6.7
F64A G57A 263  78   525    61   0.1  15.6  15.7
F64A G59A 259  75   388    61   0.8  17.5  13.1
F64A G61A 257  74   256    61   4.1  23.0  21.3
F64A G62A 248  66   185    61   2.3  23.6  19.6
F64A G63A 230  50   129    61  10.6  23.5  20.8
F64A  GBN  93 278   535    61   8.9   0.9   5.2
F64A  GGN 125 306   144    61  19.7   4.4  15.8
F64A H61A 243  61   318    61   2.9  18.4  15.9
F64A H62A 238  56   263    61   6.2  19.0  16.0
F64A H63A 225  44   188    61  11.9  20.4  17.2
F64A H64A 207  26   152    61  15.6  15.2  13.8
F64A H65A 176 356   130    61  26.3  12.2  23.4
F64A  HAL 108 292   398    61   9.9   1.2   7.3
F64A HANN  88 270   123    61  16.4   7.5  16.4
F64A HOLY  62 244   163    61  24.8  10.5  22.5
F64A I57A 252  67   615    61   1.0  14.9  10.6
F64A I60A 242  58   450    58   2.9  10.9   9.1
F64A I62A 228  46   323    61   4.4  22.3  20.5
F64A I63A 222  40   268    61   5.2  14.3  12.5
F64A I64A 206  25   239    61   7.4  14.8  11.8
F64A  ICQ  11 192   415    61   6.8  16.5  14.6
F64A J59A 244  59   556    61   2.4  10.7   7.6
F64A J62A 224  42   402    61   7.3  19.5  20.0
F64A J63A 218  36   360    61   1.4  17.4  16.8
F64A K60A 233  49   571    61   1.7  17.6  14.4
F64A K62A 222  40   472    61   9.8  17.7  17.5
F64A L63A 212  29   516    61   4.8  11.7  12.3
F64A L65A 198  17   447    61  12.1  12.6  11.2
F64A  LMN  89 271   275    61  17.8   6.4  14.9
F64A LSQQ 302 115   741    61   3.5  10.2   9.7
F64A M66A 196  15   531    61   5.8   5.7   4.1
F64A MALY  89 273   388    61  13.4   6.7  11.6
F64A NATG  38 222   642    55   9.8   1.7   7.7
F64A PLVO 265  79   688    60   0.0  13.4   9.9
F64A QM16 157 337    79    61  19.9   5.7  17.3
F64A QM50 320 137   378    30   0.2  15.0  12.1
F64A QMM5 357 176   555    61   0.7  12.3   9.6
F64A SHEY  97 282   504    61  13.5   1.7  11.5
F64A SUSY  93 275   227    61  21.1   4.8  16.9
F64A  WES 213  31   454    61   4.1  16.9  12.2
F64A WODY 105 288   300    61  11.3   4.0  10.0
G57A G59A  90 272   142    61  23.4   5.3  21.5
G57A G61A  85 267   272    61  21.0   2.1  18.0
G57A G62A  86 269   350    61  14.7   1.7  11.8
G57A  GGN  87 273   641    61  12.3   1.3   9.9
G57A H61A 104 286   250    61  20.1   7.0  21.0
G57A H62A 100 282   308    61  21.0   3.4  19.2
G57A H63A  95 279   394    61  18.1   2.3  15.9
G57A H64A  94 278   458    61  15.1   2.8  13.4
G57A H65A  92 277   534    61  14.1   1.1  10.2
G57A  HAL  89 277   901    61   7.2   0.4   5.7
G57A HOLY  74 260   681    61  10.3   0.8   7.8
G57A I57A 203  22   140    61   9.7  10.8   8.5
G57A I60A 135 317   194    58  26.2   4.2  27.3
G57A I62A 114 296   321    61  24.9   5.3  22.4
G57A I63A 107 290   369    61  18.0   2.6  17.5
G57A I64A 105 289   445    61  20.3   1.2  17.7
G57A  ICQ  47 233   762    61  14.3   3.4  11.5
G57A J59A 168 348   186    61  15.2   9.4  14.4
G57A J62A 128 311   328    61  23.4   0.9  19.9
G57A J63A 122 304   372    61  20.6   3.3  18.9
G57A JOSY  94 281   717    31   5.0   2.1   5.0
G57A K60A 162 343   290    61  15.8   2.4  12.2
G57A K62A 140 322   350    61  20.4   1.5  15.8
G57A L63A 142 324   452    61  17.7   0.7  14.5
G57A L65A 129 312   525    61  18.0   0.8  15.0
G57A LATQ  33 215   305    61  15.7   6.0  13.4
G57A LSQQ 342 160   465    61   0.3   9.2   8.0
G57A N62A 165 346   480    57   6.8   1.1   3.4
G57A NATG  53 242  1078    55  11.0   0.3   8.7
G57A PLVO 268  87   165    60  10.6  24.0  22.1
G57A QM16  86 271   553    61   7.5   0.7   4.9
G57A QM38  47 230   427    61  13.5   2.0  11.9
G57A QM50  33 216   446    30   4.2   2.3   3.0
G57A QM60  15 196   469    30   6.7   1.2   4.1
G57A QMM5  34 218   787    61   6.2   1.3   5.3
G57A  WES 134 317   422    61  19.2   0.3  15.5
G59A G61A  80 261   132    61  17.9   3.2  16.1
G59A G62A  85 267   209    61  14.9   2.4  12.2
G59A  GBN  84 272   916    61   4.9   0.3   4.0
G59A  GGN  87 272   499    61  11.5   1.1  10.3
G59A H61A 122 302   117    61  28.7   6.5  25.3
G59A H62A 109 290   170    61  22.9   5.2  22.2
G59A H63A 100 282   253    61  19.7   5.7  19.0
G59A H64A  97 280   317    61  16.5   3.1  14.7
G59A H65A  95 278   392    61  15.9   1.8  13.0
G59A  HAL  90 277   759    61   7.2   0.9   5.7
G59A HANN  78 262   509    61  12.4   1.7   9.2
G59A I57A 238  56   234    61   5.1  19.5  16.9
G59A I60A 184   4   138    58  15.6  13.6  15.4
G59A I62A 132 313   199    61  27.0  10.4  26.9
G59A I63A 118 300   236    61  22.8   3.9  21.3
G59A I64A 113 296   310    61  17.8   1.4  15.4
G59A  ICQ  40 224   666    61  10.7   3.6   9.0
G59A J62A 152 332   233    61  19.3   3.3  15.0
G59A J63A 139 321   261    61  28.8   5.7  26.9
G59A JOSY  97 282   575    31   7.0   2.8   5.8
G59A K60A 192  11   280    61   2.2   9.3   7.5
G59A K62A 164 345   279    61  18.5   6.3  14.9
G59A L63A 160 341   379    61  14.2   2.7  10.7
G59A L65A 142 324   423    61  16.2   1.1  13.8
G59A LATQ   7 187   258    61  12.0  14.7  11.1
G59A LSQQ 328 145   528    61   1.1  18.5  16.5
G59A MALY  81 268   772    61  10.0   0.4   8.2
G59A N62A 183   3   462    57   6.4   3.1   6.4
G59A PLVO 271  88   307    60   3.0  16.1  15.5
G59A QM16  86 270   411    61   6.5   1.7   3.5
G59A QM38  31 213   339    61  12.7   8.0  13.2
G59A QM50  17 198   388    30   4.1   6.7   5.8
G59A QM60 359 178   455    30   4.0   9.8   7.3
G59A QMM5  25 209   719    61   5.9   1.9   6.4
G59A SHEY  86 274   880    61   4.4   1.0   4.4
G59A SUSY  81 266   611    61  13.3   1.3  10.3
G59A VLDQ 316 133   492    57   0.8  16.6  13.3
G59A  WES 153 334   335    61  13.3   5.9  11.7
G61A G62A  95 276    78    61  23.1  12.1  21.9
G61A G63A  96 278   151    61  22.3   4.8  19.1
G61A  GGN  91 274   369    61  14.4   3.8  13.1
G61A H61A 201  20    90    61  16.4  22.6  20.8
G61A H62A 159 340    84    61  29.7  10.9  26.7
G61A H63A 120 301   136    61  23.6   2.4  20.6
G61A H64A 111 292   195    61  21.9   5.1  19.7
G61A H65A 103 285   267    61  17.9   2.1  15.1
G61A  HAL  94 279   630    61  15.7   1.2  13.4
G61A HANN  78 262   377    61  12.7   2.6   9.7
G61A HOLY  69 252   416    61  17.5   2.8  15.2
G61A I57A 247  64   360    61   3.3  19.9  17.9
G61A I60A 222  41   213    58   6.6  18.2  14.5
G61A I62A 174 355   157    61  19.2   8.2  17.1
G61A I63A 151 332   156    61  28.8   4.4  23.9
G61A I64A 135 316   213    61  24.9   2.8  23.7
G61A  ICQ  33 216   570    61   6.6   4.4   4.7
G61A J59A 231  49   312    61   2.0  16.6  14.1
G61A J62A 186   6   230    61  14.6   7.7   9.6
G61A J63A 171 351   225    61  14.8   8.9  14.3
G61A JOSY 103 286   451    31  10.0   3.1   7.0
G61A K60A 213  32   352    61   4.5  14.3  10.9
G61A K62A 191  11   296    61  12.0  16.7  14.9
G61A L63A 181   1   380    61  13.5   8.4  10.5
G61A L65A 161 342   380    61  18.2   3.7  17.4
G61A LATQ 338 157   253    61   5.0  25.5  20.4
G61A  LMN  81 265   528    61  16.2   1.4  11.8
G61A M66A 165 346   461    61  10.7   2.1   9.6
G61A MALY  82 268   641    61  12.9   1.4   9.6
G61A N62A 199  17   509    57   1.2   7.4   6.1
G61A PLVO 268  84   437    60   0.3  16.0  14.8
G61A QM16  90 273   281    61  10.7   0.6  10.4
G61A QM38  11 191   271    61   6.8  11.9   8.7
G61A QM50 358 178   348    30   3.1   6.6   3.8
G61A QMM5  17 199   651    61   2.3   5.8   4.4
G61A SHEY  88 275   749    61   7.1   0.3   4.6
G61A SUSY  82 266   479    61  13.9   0.9  12.1
G61A  WES 177 357   322    61  14.4   6.1  13.4
G61A WODY  90 275   540    61   9.1   2.0   6.8
G62A G63A  99 279    73    61  21.5  10.1  20.9
G62A  GBN  85 271   707    61   8.3   0.7   5.9
G62A  GGN  91 274   290    61  14.2   4.3  13.2
G62A H61A 235  55   135    61   9.2  19.5  19.2
G62A H62A 215  34    87    61  14.2  25.4  21.5
G62A H63A 147 328    73    61  33.2  14.2  28.5
G62A H64A 121 302   122    61  21.9   7.7  21.1
G62A H65A 107 289   189    61  21.6   3.1  17.7
G62A  HAL  94 279   552    61  18.7   0.7  16.4
G62A HANN  75 257   303    61  15.6   1.3  12.9
G62A HOLY  64 247   348    61  19.3   0.4  15.5
G62A I57A 253  69   431    61   7.0  19.4  18.5
G62A I60A 236  54   267    58   3.7  16.3  14.9
G62A I62A 203  23   162    61  18.0  21.5  20.3
G62A I63A 182   2   130    61  17.4  12.6  14.6
G62A I64A 153 334   161    61  28.5   8.6  23.3
G62A  ICQ  26 208   538    61  10.7   4.9   8.1
G62A J62A 205  24   244    61  11.3  15.5  15.0
G62A J63A 192  11   220    61  12.4  11.0   8.7
G62A K60A 224  42   395    61   0.8  14.8  12.2
G62A K62A 206  25   315    61  13.3  17.3  17.3
G62A L63A 194  13   383    61  10.2   9.2  10.0
G62A L65A 174 354   356    61  12.4  11.3  11.9
G62A LATQ 325 143   297    61   2.8  21.5  20.5
G62A  LMN  79 263   453    61  13.9   1.6  11.0
G62A LSQQ 313 129   649    61   0.8  16.0  15.0
G62A M66A 176 356   441    61  10.7   4.5   9.2
G62A MALY  81 266   564    61  12.0   4.1   9.7
G62A N62A 208  26   533    57   4.4  11.0   8.5
G62A QM16  89 271   203    61  13.7   2.0  10.0
G62A QM38 355 175   274    61   7.1  16.1  13.6
G62A QM50 347 166   365    30   4.0  21.8  18.3
G62A QM60 335 153   488    30   1.7  13.8  11.7
G62A QMM5  11 192   639    61   3.1   5.2   4.9
G62A SUSY  80 264   403    61  15.1   0.5  12.2
G62A  WES 192  11   321    61  12.1  13.9  14.6
G63A  GBN  84 270   637    61  10.5   0.7   8.2
G63A  GGN  89 271   218    61  17.8   8.0  17.5
G63A H61A 251  69   194    61   4.9  20.4  20.4
G63A H62A 244  63   136    61   8.6  20.9  18.1
G63A H63A 213  33    60    61  10.3  22.4  17.2
G63A H64A 149 329    61    61  29.3   8.5  24.5
G63A H65A 113 294   118    61  23.3   6.3  19.5
G63A  HAL  94 278   479    61  21.3   1.1  17.5
G63A HANN  68 250   239    61  17.4   6.1  15.4
G63A HOLY  56 239   291    61  21.6   5.5  17.8
G63A I57A 257  73   498    61   1.1  15.8  13.1
G63A I60A 246  63   325    58   0.5  22.2  18.8
G63A I62A 225  44   194    61   8.9  22.7  21.1
G63A I63A 213  33   141    61   6.5  15.9  13.8
G63A I64A 181   1   133    61  19.2  10.8  18.4
G63A  ICQ  19 201   521    61  13.9   9.3  12.0
G63A J59A 247  63   431    61   3.3  19.6  16.4
G63A J62A 221  39   274    61   3.9  22.7  17.8
G63A J63A 210  29   235    61  10.5  15.3  13.6
G63A JOSY 107 290   301    31  15.6   1.1  11.6
G63A K60A 233  50   441    61   0.2  16.9  14.5
G63A K62A 219  37   344    61   6.7  13.4  10.8
G63A L63A 205  23   395    61   8.2  10.8  13.2
G63A L65A 186   6   345    61  11.9  11.8  11.8
G63A LATQ 317 135   351    61   5.7  18.5  16.6
G63A  LMN  76 259   385    61  16.3   1.8  12.6
G63A M66A 186   5   430    61   4.2   2.3   2.6
G63A MALY  79 263   496    61  11.6   2.1   8.8
G63A N62A 215  33   561    57   0.2  14.2  11.7
G63A NATG  39 224   769    55   7.6   0.6   5.8
G63A QM16  85 266   132    61  18.2   2.4  14.2
G63A QM38 342 161   300    61   8.5  25.7  23.6
G63A QM50 338 156   398    30   0.2  19.1  18.9
G63A QM60 329 147   531    30   0.6  15.9  12.6
G63A QMM5   5 186   640    61   0.2  10.8   7.4
G63A SUSY  77 260   334    61  15.8   5.5  14.0
G63A  WES 205  24   333    61   9.5  12.0  13.4
G63A WODY  89 272   390    61  11.3   1.6   8.8
 GBN  GGN 267  84   419    62   4.1  14.5  10.9
 GBN H62A 266  80   766    61   3.0  13.5  11.6
 GBN H63A 266  80   676    61   0.7   8.8   7.3
 GBN H64A 265  79   613    61   1.2  10.6   8.0
 GBN H65A 264  79   536    61   0.3  13.2   8.7
 GBN  HAL 243  62   185    62  17.0  25.8  27.9
 GBN HANN 279  95   413    62   0.8  14.3   9.8
 GBN HOLY 290 106   403    62   0.9   9.1   8.0
 GBN I57A 267  77  1132    61   0.3   7.6   5.5
 GBN I62A 261  74   797    61   2.6   6.5   5.5
 GBN I64A 258  73   665    61   0.4  12.7  10.2
 GBN JOSY 252  69   378    31   4.7  16.5  14.1
 GBN L65A 244  58   783    61   0.5  11.7   8.2
 GBN LATQ 288 100   893    62   1.4   6.0   5.1
 GBN  LMN 282 100   262    62   5.4  11.3  11.1
 GBN M66A 240  54   837    61   0.4   2.9   1.1
 GBN MALY 287 106   150    62  10.5  16.9  15.1
 GBN N62A 247  59  1090    57   1.2   7.6   6.5
 GBN NATG 350 169   551    55   2.4   3.8   3.9
 GBN QM16 270  85   505    62   2.5   9.0   8.1
 GBN QM50 297 110   841    31   0.4   3.4   1.3
 GBN SHEY 231  50    48    62  21.9  33.8  32.3
 GBN SUSY 278  95   308    62   4.6  14.3  11.1
 GBN VLDQ 290  98  1275    58   0.5   1.5   1.0
 GBN  WES 250  64   856    62   1.5   8.3   8.8
 GBN WODY 263  81   250    62  11.2  22.5  19.1
 GGN H61A 262  79   408    61   1.3  13.9  11.7
 GGN H62A 261  78   346    61   1.8  15.2  14.2
 GGN H63A 260  78   257    61   2.5  16.0  13.8
 GGN H64A 255  73   195    61   6.4  19.2  17.9
 GGN H65A 248  67   120    61   8.4  23.5  20.2
 GGN  HAL 101 283   262    62  19.6   5.8  19.5
 GGN HANN   4 184    85    62  20.3  26.9  25.4
 GGN HOLY  10 191   159    62  19.5  26.6  25.1
 GGN I57A 263  76   713    61   1.8  11.7  11.0
 GGN I62A 250  67   383    61   1.4  20.0  16.5
 GGN I63A 250  67   320    61   4.0  23.7  21.0
 GGN I64A 240  58   259    61   8.4  22.8  20.1
 GGN  ICQ 356 176   491    62   1.9  12.4   8.7
 GGN J62A 244  60   450    61   3.7  17.0  14.5
 GGN J63A 240  57   395    61   0.4  17.1  13.8
 GGN JOSY 145 326   116    31  22.3   4.2  19.1
 GGN K60A 246  61   631    61   2.4  16.8  13.6
 GGN K62A 240  56   512    61   0.5  12.8   9.0
 GGN L63A 228  45   529    61   3.7  12.7  10.8
 GGN L65A 218  36   430    61  10.3  15.1  14.9
 GGN LATQ 301 117   522    62   2.7  17.1  14.9
 GGN  LMN  62 244   179    62  22.4   6.4  18.2
 GGN M66A 213  31   505    61   1.3   7.9   4.5
 GGN MALY  73 256   283    62  16.5   6.0  12.9
 GGN NATG  26 209   649    55   2.5   7.9   6.5
 GGN PLVO 273  86   805    61   0.4   6.6   5.9
 GGN QM16 277  96    88    62   5.8  20.6  14.8
 GGN QM38 314 131   419    62   4.2  13.9  12.7
 GGN QM50 317 133   519    31   0.9  12.4   8.2
 GGN QMM5 348 166   653    62   0.7   6.4   4.8
 GGN SHEY  88 271   382    62  10.7   3.8   4.8
 GGN SUSY  58 239   129    62  24.3   6.8  19.7
 GGN VLDQ 296 108   902    58   0.6  13.4  10.9
 GGN  WES 231  48   471    62   2.8  11.4   8.5
 GGN WODY  90 272   172    62  16.2  11.3  13.0
H61A H62A  85 265    62    61  26.9  11.4  25.4
H61A H63A  84 265   151    61  23.8   5.8  22.6
H61A H64A  86 267   215    61  17.4   3.9  16.4
H61A H65A  85 268   293    61  17.1   2.5  14.6
H61A HANN  68 251   432    61  16.1   4.0  14.2
H61A HOLY  61 244   481    61  18.7   4.7  15.4
H61A I57A 259  76   305    61   2.1  16.9  13.4
H61A I60A 236  55   133    58   7.8  25.1  22.0
H61A I62A 147 327    86    61  29.8  11.0  27.1
H61A I63A 116 297   120    61  26.9   6.8  27.5
H61A I64A 109 291   195    61  24.4   3.8  18.2
H61A  ICQ  31 214   659    61   8.0   4.4   7.5
H61A J62A 176 356   144    61  14.2  13.0  17.1
H61A J63A 153 334   154    61  23.6   4.6  19.7
H61A K60A 217  36   265    61   1.2  17.6  16.0
H61A K62A 187   7   208    61  17.5  10.0  13.9
H61A L63A 175 355   297    61  13.2   7.2  10.7
H61A L65A 151 332   316    61  21.0   4.8  16.5
H61A LATQ 349 168   325    61   3.9  23.2  18.8
H61A  LMN  73 258   579    61  17.6   2.8  14.4
H61A LSQQ 324 141   634    61   2.5  18.4  15.8
H61A M66A 157 339   391    61  12.9   3.0  12.7
H61A MALY  75 261   688    61   9.8   0.7   8.6
H61A PLVO 280  96   411    60   2.2  17.2  13.9
H61A QM38  13 194   360    61  10.3   9.3  10.0
H61A QM50   3 183   432    30   1.9  11.9   7.9
H61A QM60 349 168   527    30   0.2  10.5  10.1
H61A QMM5  17 200   741    61   2.0   5.1   3.8
H61A SUSY  73 258   528    61  17.4   0.1  13.2
H61A VLDQ 314 130   606    57   1.1  14.9  13.7
H61A  WES 168 349   243    61  15.0   9.6  15.7
H61A WODY  81 266   578    61  11.2   5.5  10.5
H62A H63A  83 264    89    61  22.5   8.5  20.8
H62A H64A  87 268   154    61  19.5   4.0  15.8
H62A H65A  86 268   231    61  18.4   1.3  16.1
H62A HANN  66 249   374    61  18.1   3.5  15.4
H62A HOLY  58 241   426    61  15.5   6.5  13.5
H62A I57A 260  77   367    61   1.0  16.5  14.8
H62A I60A 245  64   189    58   0.6  24.3  19.6
H62A I62A 191  10    79    61  12.2  15.1  12.8
H62A I63A 142 322    74    61  27.8   8.5  25.8
H62A I64A 120 301   142    61  22.8   5.5  20.6
H62A  ICQ  27 210   624    61   6.0   5.8   7.2
H62A J59A 246  64   295    61   3.6  21.4  18.5
H62A J62A 200  19   159    61  11.9  14.5  14.8
H62A J63A 177 358   144    61  18.0  12.1  16.5
H62A JOSY  93 277   411    31   7.2   0.7   5.4
H62A K60A 226  44   310    61   2.4  17.5  15.5
H62A K62A 203  22   229    61  12.2  13.6  14.7
H62A L63A 187   7   303    61   9.8  13.9  14.7
H62A L65A 162 343   297    61  19.8   5.1  16.7
H62A LATQ 339 157   337    61   2.3  22.0  21.6
H62A  LMN  72 256   519    61  10.0   2.2   7.8
H62A M66A 167 348   378    61  15.3   4.8  12.5
H62A MALY  75 260   628    61  13.3   2.2   9.9
H62A N62A 206  24   447    57   1.7   9.4   7.5
H62A NATG  42 228   893    55   5.1   1.3   4.5
H62A PLVO 278  94   471    60   1.7  17.1  15.5
H62A QM16  73 256   263    61  17.8   1.7  15.0
H62A QM38   4 184   345    61   6.2   4.9   5.7
H62A QM50 355 175   428    30   1.3   7.9   6.3
H62A QM60 343 161   537    30   3.8  10.9   9.9
H62A QMM5  13 195   719    61   3.5   2.6   3.7
H62A SHEY  82 268   727    61   8.5   1.1   6.9
H62A SUSY  72 256   468    61  16.1   1.3  11.6
H62A VLDQ 311 126   647    57   0.5  12.8   9.5
H62A  WES 183   3   244    61  16.9  10.4  16.6
H63A H64A  92 272    65    61  20.9   5.4  17.3
H63A H65A  88 269   142    61  20.1   2.9  16.1
H63A  HAL  88 273   511    61   4.7   1.3   4.4
H63A HANN  61 243   290    61  20.1   4.1  16.3
H63A HOLY  52 235   347    61  16.2   3.7  12.1
H63A I57A 262  78   456    61   0.8  12.0   9.7
H63A I60A 252  70   275    58   5.8  17.2  16.5
H63A I62A 230  49   136    61  13.9  24.1  22.4
H63A I63A 213  32    81    61  12.5  19.3  16.5
H63A I64A 159 339    88    61  28.2  11.2  24.2
H63A  ICQ  20 202   580    61   6.6   7.0   7.8
H63A J59A 251  68   382    61   0.6  16.3  15.2
H63A J62A 222  41   214    61   9.8  18.3  17.1
H63A J63A 209  28   175    61   9.4  16.4  15.4
H63A K60A 235  53   385    61   2.0  22.4  18.3
H63A K62A 219  38   284    61   7.4  16.1  16.0
H63A L63A 203  22   336    61   8.0  10.2  12.0
H63A L65A 180   0   292    61  19.2  12.3  17.7
H63A LATQ 326 144   370    61   2.1  21.7  17.5
H63A  LMN  70 254   431    61  14.1   0.5  12.2
H63A M66A 181   1   378    61   6.6   4.0   6.5
H63A MALY  74 259   539    61  11.3   2.5   8.9
H63A N62A 215  33   500    57   5.1  17.1  14.8
H63A NATG  38 224   829    55   7.3   1.4   5.0
H63A PLVO 277  92   558    60   2.3  15.0  13.9
H63A QM16  69 250   175    61  16.8   6.1  15.7
H63A QM38 350 169   341    61   6.3  18.1  15.5
H63A QM50 344 163   435    30   0.8  14.2  11.6
H63A QM60 335 152   560    30   2.4  13.9  13.5
H63A QMM5   7 188   694    61   3.0   4.5   3.9
H63A SUSY  70 254   380    61  15.7   1.9  13.1
H63A  WES 203  22   273    61   9.2  13.7  13.5
H63A WODY  82 265   427    61  11.6   2.0  10.2
H64A H65A  85 266    77    61  23.7  11.3  20.1
H64A HANN  54 235   237    61  22.7   9.3  19.1
H64A HOLY  45 227   300    61  18.1   9.0  15.4
H64A I57A 264  79   520    61   0.1  12.2   9.4
H64A I60A 256  73   337    58   0.6  18.8  15.7
H64A I62A 244  63   189    61   3.7  21.7  18.3
H64A I63A 239  58   127    61   7.0  19.3  16.5
H64A I64A 203  22    87    61  17.3  14.4  16.8
H64A  ICQ  15 196   562    61   4.5  12.7  12.7
H64A J59A 255  71   443    61   2.4  14.9  13.1
H64A J62A 234  52   261    61   6.9  17.9  17.0
H64A J63A 225  44   212    61   4.4  27.3  21.6
H64A JOSY  98 280   259    31  10.6   5.7   8.8
H64A K60A 241  58   439    61   2.1  17.9  14.7
H64A K62A 229  47   328    61   3.3  22.7  19.8
H64A L63A 213  31   365    61   1.3   9.9   8.6
H64A L65A 193  13   298    61  18.4   9.7  18.3
H64A LATQ 319 137   411    61   2.2  12.9  12.7
H64A  LMN  67 250   372    61   9.8   2.2   6.9
H64A LSQQ 312 127   768    61   0.8   8.4   5.7
H64A M66A 192  11   383    61  11.2   3.3   9.0
H64A MALY  72 257   478    61  12.4   4.6  11.0
H64A N62A 222  39   539    57   2.2  11.2   9.0
H64A NATG  35 220   792    55   5.4   2.3   5.7
H64A PLVO 277  91   622    60   0.8  13.8  12.0
H64A QM16  57 238   118    61  19.6   6.7  18.3
H64A QM38 340 159   360    61   2.2  19.7  17.2
H64A QM60 330 147   593    30   0.3  15.0  13.0
H64A QMM5   2 183   690    61   1.1  11.3   7.1
H64A SUSY  67 249   321    61  15.3   5.0  13.9
H64A VLDQ 304 118   765    57   0.1  13.9   9.4
H64A  WES 215  33   303    61   5.5  10.1   9.8
H64A WODY  80 264   364    61  16.2   4.9  13.4
H65A  HAL  89 273   369    61  14.6   3.1  11.7
H65A HANN  41 222   176    61  20.3  12.5  17.8
H65A HOLY  34 215   246    61  20.7   8.9  14.7
H65A I60A 259  75   414    58   1.9  18.4  15.1
H65A I62A 251  69   263    61   5.4  17.2  14.8
H65A I63A 250  68   199    61   1.1  20.9  16.4
H65A I64A 233  52   140    61   8.6  28.4  19.8
H65A  ICQ   8 188   542    61   3.8  14.8  12.2
H65A J59A 257  73   519    61   1.5  16.6  14.3
H65A J62A 242  59   329    61   3.9  14.7  13.7
H65A J63A 236  54   276    61   3.0  18.7  16.6
H65A K60A 245  61   510    61   1.9  13.9  11.5
H65A K62A 236  54   393    61   1.0  13.1  12.5
H65A L63A 222  40   417    61   7.1  19.8  19.3
H65A L65A 207  26   330    61  10.2  15.2  15.3
H65A LATQ 312 129   461    61   0.7  15.5  13.7
H65A M66A 203  21   412    61   3.2   5.9   5.1
H65A MALY  71 254   403    61  13.9   4.4  12.5
H65A N62A 227  44   597    57   0.8  12.6  10.7
H65A NATG  31 215   744    55   4.1   2.8   4.7
H65A PLVO 276  90   698    60   1.4  11.7   8.4
H65A QM16  22 202    62    61  15.3  21.7  21.9
H65A QM38 330 148   387    61   0.3  18.1  15.1
H65A QM60 324 140   630    30   0.0   7.2   5.3
H65A SHEY  82 267   497    61  14.5   1.3  10.2
H65A SUSY  62 244   249    61  21.3  12.4  21.5
H65A  WES 225  43   357    61   1.7  18.6  16.4
H65A WODY  80 262   287    61  18.0   4.5  14.4
 HAL HANN 300 118   285    62   3.9  18.2  17.1
 HAL HOLY 314 132   307    62   0.2  15.6  11.8
 HAL I57A 270  81   966    61   0.4   8.6   5.9
 HAL I60A 267  80   779    58   0.3   9.8   5.9
 HAL I63A 266  81   561    61   1.3   7.5   6.1
 HAL I64A 263  79   489    61   1.2  13.9  13.0
 HAL  ICQ 334 151   611    62   0.4  11.2  10.7
 HAL J59A 265  78   884    61   0.5   6.1   4.2
 HAL J62A 260  74   678    61   0.6  12.3   9.2
 HAL J63A 259  73   619    61   1.9   9.7   7.3
 HAL JOSY 259  77   197    31   9.7  18.1  16.5
 HAL K60A 258  71   860    61   3.2  15.8  12.2
 HAL L63A 247  62   720    61   0.4  10.3   6.7
 HAL L65A 243  59   599    61   2.0  13.3  11.0
 HAL LATQ 296 110   774    62   2.6   8.6   6.6
 HAL  LMN 325 144   165    62   7.4  20.0  17.6
 HAL LSQQ 300 111  1131    62   1.3   2.6   2.1
 HAL M66A 237  53   652    61   2.3   5.3   4.6
 HAL MALY   8 188   130    62  18.3  18.6  18.8
 HAL N62A 246  60   906    57   0.4   8.8   5.2
 HAL NATG   5 186   631    55   2.0   5.3   5.5
 HAL PLVO 277  88  1066    61   0.2   6.5   5.4
 HAL QM50 307 121   747    31   0.0   5.4   1.2
 HAL QM60 308 121   896    31   0.1   5.5   3.9
 HAL SHEY  66 247   138    62  29.4  14.4  26.7
 HAL SUSY 310 129   188    62   2.7  21.2  17.4
 HAL WODY 302 121    99    62  12.1  22.7  23.1
HANN HOLY  18 198    75    62  22.4  25.0  27.4
HANN I57A 256  70   734    61   0.6  11.2   9.3
HANN I60A 249  64   563    58   1.9  14.5  11.6
HANN I62A 240  57   424    61   1.8  19.0  15.4
HANN I63A 237  55   363    61   4.7  17.2  13.3
HANN I64A 227  45   314    61  12.8  16.0  16.3
HANN  ICQ 355 174   407    62   3.3  11.9   9.6
HANN J62A 235  52   498    61   3.1  15.1  13.4
HANN J63A 231  48   448    61   0.3  16.9  11.9
HANN JOSY 161 342   189    31  22.1   5.5  18.9
HANN K60A 240  55   674    61   0.3   9.7   7.5
HANN K62A 233  49   564    61   0.8  15.0  11.2
HANN L63A 223  39   592    61   2.5  15.5  12.7
HANN L65A 213  31   503    61   8.7  17.8  16.1
HANN LATQ 292 108   490    62   0.2  11.0   8.7
HANN  LMN  90 272   152    62  15.0   2.8  11.9
HANN LSQQ 298 111   846    62   0.2   8.8   7.7
HANN M66A 209  27   581    61   1.2   9.2   6.4
HANN MALY  91 273   265    62  14.2   4.9  10.0
HANN NATG  30 213   572    55   6.4   7.1   7.3
HANN PLVO 267  80   811    61   0.1   6.5   4.5
HANN QM16 231  51   119    62  10.6  21.2  18.4
HANN QM60 309 124   615    31   0.9   7.1   5.9
HANN SHEY 101 284   383    62   8.6   1.8   6.4
HANN SUSY 100 280   105    62  16.1  13.7  16.5
HANN VLDQ 291 103   873    58   0.3   4.9   2.2
HANN  WES 225  42   533    62   1.4   9.5   7.4
HANN WODY 117 299   186    62  23.6   5.4  18.3
HOLY I57A 252  65   777    61   0.4  10.1   7.6
HOLY I60A 243  59   614    58   2.7  12.0  10.2
HOLY I62A 234  51   483    61   4.4  12.6  11.5
HOLY I63A 231  48   424    61   4.0  14.5  13.1
HOLY I64A 222  40   382    61  11.4  18.4  17.9
HOLY  ICQ 350 169   339    62   2.5  18.1  16.4
HOLY J59A 245  59   719    61   0.7   8.9   5.1
HOLY J62A 231  47   559    61   0.9  11.3   9.0
HOLY J63A 227  44   513    61   3.2  13.1  11.1
HOLY JOSY 172 352   254    31  20.4   5.0  17.7
HOLY K60A 236  51   732    61   0.8   9.1   7.9
HOLY K62A 229  45   627    61   2.8  11.8   9.8
HOLY L63A 220  37   661    61   2.9  12.4  11.2
HOLY L65A 211  29   576    61   5.8   7.9   7.0
HOLY  LMN 120 301   148    62  18.4   7.6  17.3
HOLY M66A 208  25   655    61   2.9   3.0   2.6
HOLY MALY 108 290   254    62  18.9   0.3  13.6
HOLY N62A 225  40   839    57   0.1  10.7   7.6
HOLY NATG  32 214   498    55   8.9  10.9  12.2
HOLY QM16 219  38   186    62  10.2  19.2  17.8
HOLY QM60 302 117   592    31   2.7   5.8   4.5
HOLY SHEY 112 296   381    62  13.6   0.1  12.6
HOLY SUSY 138 319   120    62  20.3   4.6  16.1
HOLY VLDQ 286  98   872    58   1.4   8.1   6.7
HOLY  WES 222  38   601    62   3.6  11.2   9.9
HOLY WODY 138 319   212    62  22.8   6.7  20.4
I57A I60A  92 274   191    58  25.5   4.4  24.5
I57A I62A  90 273   347    61  20.2   2.0  18.8
I57A I63A  86 270   408    61  17.8   3.6  15.4
I57A I64A  88 272   484    61  15.5   1.2  12.6
I57A  ICQ  43 229   891    61   9.2   0.2   6.5
I57A J59A 119 300   107    61  25.5   9.8  24.6
I57A J62A 103 286   321    61  22.3   3.2  21.0
I57A J63A 100 283   377    61  23.4   3.4  19.8
I57A JOSY  84 271   773    31   7.8   0.0   7.1
I57A K60A 135 316   205    61  21.5   4.5  18.7
I57A K62A 116 298   312    61  23.0   3.3  21.7
I57A L63A 123 306   403    61  19.0   1.1  16.1
I57A L65A 113 297   504    61  19.1   0.6  17.0
I57A LATQ  29 211   444    61   7.9   3.6   6.4
I57A LSQQ 350 169   578    61   5.0   4.4   4.6
I57A M66A 121 305   542    61  12.1   0.1   9.5
I57A N62A 151 332   380    57  11.7   3.2  11.0
I57A PLVO 318 137   166    60   1.6  23.0  19.8
I57A QM16  74 260   628    61   9.3   1.0   7.7
I57A QM38  40 224   559    61   8.3   1.7   7.5
I57A QM50  30 213   585    30   6.1   1.0   4.6
I57A QMM5  32 217   925    61   5.3   0.0   2.8
I57A SHEY  78 268  1094    61   4.3   0.9   2.5
I57A VLDQ 342 160   500    57   6.4   5.4   5.6
I60A I62A  88 269   157    58  23.1   5.9  20.9
I60A I63A  83 265   219    58  23.8   8.0  21.0
I60A I64A  87 270   294    58  17.7   3.7  17.1
I60A  ICQ  34 218   781    58   7.3   1.3   4.4
I60A J59A 247  66   107    58   2.7  26.5  23.8
I60A J62A 119 300   138    58  28.2   7.6  26.1
I60A J63A 109 290   190    58  26.7   6.5  24.3
I60A JOSY  83 268   585    28  11.3   0.1   8.2
I60A K60A 200  19   145    58   6.5   9.4  10.4
I60A K62A 146 327   157    58  26.9   3.2  23.6
I60A L63A 147 329   259    58  21.3   4.9  16.9
I60A LATQ   6 186   395    58   4.9  11.4   9.9
I60A  LMN  69 255   707    58  13.1   1.7  12.1
I60A LSQQ 335 153   645    58   1.0  14.1  11.4
I60A M66A 137 319   387    58  10.4   2.8   8.3
I60A MALY  71 258   815    58  10.6   1.1   9.2
I60A N62A 183   3   324    54   6.8   8.3   8.9
I60A NATG  44 232  1069    52   4.4   1.9   4.0
I60A PLVO 295 112   329    57   0.9  24.2  23.5
I60A QM16  68 252   451    58  11.5   1.4  10.8
I60A QM38  23 205   466    58   8.9   2.8   8.7
I60A QM50  13 195   523    30   3.2   3.3   3.7
I60A QM60 360 180   592    30   2.5   2.6   0.8
I60A QMM5  22 205   849    58   4.0   2.7   4.1
I60A SHEY  77 265   910    58   9.4   0.5   6.8
I60A SUSY  69 254   656    58  12.2   1.4  10.5
I60A VLDQ 326 143   594    54   0.3  11.0   8.0
I60A  WES 135 316   228    58  24.8   8.6  22.3
I62A I63A  72 252    64    61  23.5   5.5  18.1
I62A I64A  87 268   137    61  23.1   3.7  19.9
I62A  ICQ  25 208   700    61   8.6   5.0   6.8
I62A J59A 261  79   260    61   2.4  22.0  19.8
I62A J62A 208  28    82    61  14.7  19.9  20.2
I62A J63A 162 343    69    61  24.3  16.7  23.0
I62A K60A 237  55   250    61   1.0  20.4  17.2
I62A K62A 209  28   153    61   8.2  18.9  15.9
I62A L63A 186   6   225    61  13.2  16.1  12.9
I62A L65A 152 333   230    61  19.4   9.8  20.4
I62A LATQ 344 163   406    61   0.8  18.7  16.1
I62A  LMN  65 249   561    61  11.6   0.5   9.6
I62A M66A 161 342   307    61  16.3   6.4  15.5
I62A MALY  69 254   666    61  10.8   0.5   9.7
I62A N62A 209  28   371    57   3.2  14.2  12.1
I62A NATG  39 225   962    55   8.4   1.4   6.5
I62A PLVO 288 104   475    60   1.4  18.4  16.5
I62A QM38   5 185   424    61  10.5   6.4   8.5
I62A QM50 357 177   505    30   2.6   8.3   7.7
I62A QM60 346 165   608    30   2.3  11.3   8.8
I62A QMM5  13 195   798    61   6.0   4.4   5.5
I62A SHEY  76 263   756    61   7.7   1.4   5.9
I62A SUSY  64 248   510    61  14.1   5.4  13.0
I62A VLDQ 316 132   690    57   0.1  13.5   9.5
I62A  WES 180 360   165    61  18.5  14.0  15.9
I62A WODY  73 258   548    61  12.4   2.1  10.2
I63A I64A 101 281    77    61  20.6   4.4  18.5
I63A  ICQ  21 204   659    61   3.2   4.0   3.3
I63A J59A 260  77   323    61   1.1  19.6  14.6
I63A J62A 228  47   135    61   8.9  24.7  20.8
I63A J63A 205  25    95    61  13.0   9.1   9.4
I63A JOSY  85 268   366    31  16.9   1.7  13.1
I63A K60A 240  58   312    61   3.2  16.3  12.9
I63A K62A 222  40   204    61   8.9  20.7  19.0
I63A L63A 199  19   257    61  11.8  15.3  15.4
I63A L65A 169 349   229    61  15.2  11.1  12.2
I63A LATQ 336 154   408    61   1.7  23.5  20.0
I63A  LMN  64 248   498    61  15.8   1.4  10.4
I63A M66A 173 353   312    61  15.1   2.8  11.4
I63A MALY  69 254   602    61  13.0   2.1   9.4
I63A N62A 215  33   420    57   2.8  15.4  13.0
I63A PLVO 284 100   528    60   1.4  16.3  13.3
I63A QM16  57 239   245    61  14.1   0.3   9.5
I63A QM38 357 177   403    61   2.0  13.1  12.0
I63A QM60 341 159   607    30   0.5   8.2   6.1
I63A SHEY  77 263   693    61   8.7   1.7   6.9
I63A SUSY  64 247   447    61  19.2   1.9  16.4
I63A VLDQ 312 127   720    57   1.5  13.8  10.0
I63A  WES 198  18   195    61  13.8  16.3  15.6
I63A WODY  74 258   484    61  15.3   1.8  12.8
I64A  ICQ  15 197   648    61   8.0   8.6  10.0
I64A J59A 264  81   396    61   1.7  19.0  16.1
I64A J62A 247  66   192    61   3.2  20.3  19.8
I64A J63A 239  58   137    61   1.2  18.9  15.5
I64A JOSY  81 264   293    31  18.6   2.7  14.5
I64A K62A 237  56   253    61   4.2  17.7  16.8
I64A L63A 216  35   280    61   9.5  17.6  17.3
I64A L65A 189   9   213    61  18.9  11.0  17.4
I64A  LMN  59 242   438    61  15.1   2.8  13.0
I64A LSQQ 318 133   802    61   1.3  16.9  15.3
I64A M66A 188   8   298    61   9.2   6.0   8.0
I64A MALY  65 249   538    61   9.7   0.3   6.4
I64A N62A 225  42   458    57   0.9  14.6  12.3
I64A PLVO 284  99   605    60   2.8  12.7  11.6
I64A QM16  42 224   196    61  16.2   9.7  13.5
I64A QM38 348 167   428    61   3.3  20.6  16.6
I64A QM50 343 162   523    30   2.6  13.0  11.5
I64A QMM5   4 185   772    61   1.3   9.0   5.9
I64A SHEY  75 260   623    61  13.9   1.1  11.0
I64A SUSY  58 240   388    61  16.6   8.9  15.8
I64A VLDQ 310 124   787    57   2.0  13.9  11.8
I64A  WES 219  38   219    61   0.0  17.6  13.1
I64A WODY  70 253   416    61  11.6   1.4   9.1
 ICQ J62A 208  25   782    61   2.4   3.7   3.7
 ICQ J63A 204  22   753    61   4.0   6.0   4.2
 ICQ JOSY 170 351   592    31  12.9   0.6  10.0
 ICQ K62A 209  25   853    61   3.6   2.9   2.8
 ICQ L63A 203  20   915    61   2.3   3.7   3.8
 ICQ L65A 196  14   860    61   4.2   6.9   4.1
 ICQ LATQ 242  58   472    62   0.3  22.7  19.5
 ICQ  LMN 155 336   448    62  14.6   2.9  11.8
 ICQ LSQQ 270  82   708    62   1.4  14.9  13.2
 ICQ M66A 195  13   945    61   3.3   1.1   0.8
 ICQ MALY 143 326   508    62   9.2   0.8   6.6
 ICQ N62A 209  25  1071    57   1.4   3.1   2.3
 ICQ NATG  73 257   332    55  24.5   2.7  22.2
 ICQ PLVO 240  53   892    61   0.5  15.6  13.4
 ICQ QM16 186   6   482    62  12.3   0.8   9.1
 ICQ QM38 233  51   335    62   2.9  21.2  17.9
 ICQ QM50 251  67   344    31   1.5  16.8  14.7
 ICQ QM60 267  83   442    31   2.0  14.7  12.0
 ICQ QMM5 324 143   183    62   3.6  15.6  13.0
 ICQ SHEY 139 323   630    62  13.5   1.8  11.0
 ICQ  WES 203  20   853    62   3.0   4.9   5.7
 ICQ WODY 157 339   530    62   5.1   2.0   5.6
J59A J62A  96 278   220    61  23.2   2.3  19.7
J59A J63A  93 275   278    61  20.1   3.6  19.3
J59A JOSY  80 266   688    31  10.3   1.0   8.7
J59A K60A 152 332   107    61  23.6   8.3  20.3
J59A K62A 115 296   205    61  28.5   3.6  25.9
J59A L63A 126 308   297    61  19.3   4.0  17.9
J59A LATQ  17 198   456    61   6.4   4.9   4.0
J59A  LMN  68 254   813    61  11.6   1.1  10.2
J59A LSQQ 344 162   650    61   0.1   9.1   5.9
J59A M66A 123 306   435    61  12.6   1.1   8.7
J59A N62A 163 343   294    57   7.7   4.7   6.5
J59A NATG  45 234  1168    55   6.9   0.8   5.9
J59A PLVO 311 130   270    60   5.1  19.1  17.8
J59A QM38  30 213   548    61  11.3   2.5   9.3
J59A QM50  21 203   592    30   6.6   1.8   4.3
J59A QM60   8 189   640    30   2.3   2.5   2.2
J59A SHEY  75 264  1015    61   6.4   0.1   5.3
J59A SUSY  68 254   762    61  14.2   0.3  11.8
J59A VLDQ 335 153   583    57   0.5  11.9  10.9
J59A  WES 114 296   286    61  25.8   1.5  23.5
J62A J63A  84 265    60    61  27.4   4.5  21.2
J62A JOSY  74 258   481    31   7.2   4.1   5.9
J62A K60A 249  68   183    61   1.2  26.5  22.2
J62A K62A 209  29    71    61  15.0  24.1  24.9
J62A L63A 174 354   152    61  15.2  13.3  15.3
J62A L65A 132 313   196    61  21.4   5.4  18.1
J62A LATQ 351 170   468    61   2.4  10.1   8.1
J62A M66A 147 328   259    61  13.6   4.2  12.3
J62A MALY  64 250   730    61  10.2   1.9   7.4
J62A N62A 209  28   289    57   6.0  20.9  16.6
J62A NATG  38 225  1042    55   6.6   1.5   4.7
J62A PLVO 297 114   467    60   1.5  21.6  18.4
J62A QM16  53 236   379    61   9.9   1.1   8.3
J62A QM38   8 189   500    61   9.8   4.4   7.5
J62A QM50   1 181   576    30   3.8   6.4   6.5
J62A QM60 350 169   671    30   1.1   3.1   1.3
J62A QMM5  14 196   877    61   2.9   3.6   1.7
J62A SUSY  59 244   578    61  18.5   1.1  16.6
J62A  WES 157 337   102    61  24.7  15.1  20.8
J62A WODY  68 253   608    61   9.1   1.4   7.3
J63A JOSY  73 257   422    31  10.7   1.3   8.7
J63A K60A 253  71   241    61   4.8  23.9  21.4
J63A K62A 235  54   116    61   6.7  24.0  23.8
J63A L63A 196  15   163    61  13.8  16.2  15.9
J63A L65A 148 329   162    61  23.2   9.0  18.7
J63A LATQ 344 163   475    61   1.7  18.0  14.4
J63A  LMN  58 242   574    61   9.3   0.9   7.1
J63A LSQQ 327 142   787    61   0.7  16.6  14.5
J63A M66A 161 341   237    61  19.3   7.2  19.6
J63A MALY  63 248   674    61  13.3   5.7  11.8
J63A N62A 218  36   327    57   1.3  11.8   7.1
J63A PLVO 294 110   518    60   0.0  16.5  13.8
J63A QM16  48 230   329    61  13.7   0.3  11.7
J63A QM38   2 182   489    61   7.6   6.1   6.8
J63A QM50 356 175   572    30   1.4   9.5   7.7
J63A QM60 346 164   677    30   2.0   8.0   7.9
J63A QMM5  11 192   859    61   4.6   3.0   5.6
J63A SHEY  71 257   755    61   9.9   3.8  10.1
J63A VLDQ 319 134   753    57   2.6  17.6  15.5
J63A  WES 191  11   101    61  14.4   8.6  11.8
J63A WODY  66 251   551    61  10.7   2.0   9.1
JOSY K60A 257  71   663    31   4.1  14.3  11.3
JOSY L63A 242  58   528    31   1.8  11.1   8.5
JOSY L65A 234  52   412    31   2.3  13.8  12.4
JOSY  LMN  28 209   201    31  15.1  15.8  16.1
JOSY LSQQ 306 118   993    31   1.1   3.3   2.3
JOSY MALY  50 232   270    31  15.0   8.1  13.0
JOSY PLVO 279  92   881    31   0.1   4.6   3.5
JOSY QM16 305 124   186    31   2.4   2.4   3.0
JOSY QM38 317 134   533    31   0.5   4.4   3.2
JOSY QMM5 345 163   761    31   0.6   3.6   2.8
JOSY SHEY  72 255   333    31  18.2   5.6  15.3
JOSY SUSY  16 196   168    31  11.8  11.6  11.4
JOSY VLDQ 300 111  1004    31   1.0   2.3   1.1
JOSY  WES 246  62   478    31   4.7  13.0  11.8
JOSY WODY  49 230   142    31  15.0   7.1  12.3
K60A K62A  87 268   136    61  26.3   5.8  22.1
K60A L63A 113 295   206    61  27.1   5.6  22.8
K60A L65A 100 283   323    61  22.3   2.8  19.6
K60A LATQ   9 190   537    61   7.8   4.3   5.1
K60A  LMN  61 247   809    61  10.4   0.5   7.4
K60A MALY  64 251   912    61  10.2   0.1   8.8
K60A N62A 169 350   190    57  14.1   5.7  12.6
K60A PLVO 317 135   372    60   0.8  13.3  11.3
K60A QM16  57 241   557    61   6.0   1.4   5.1
K60A QM38  22 204   611    61   5.8   0.3   3.9
K60A QM50  14 196   667    30   1.4   1.6   2.2
K60A QM60   3 184   729    30   2.3   1.0   2.0
K60A QMM5  21 205   993    61   2.3   2.5   1.6
K60A SHEY  70 258   996    61  12.0   0.3   9.1
K60A SUSY  60 246   759    61  15.7   3.1  14.1
K60A  WES  96 278   213    61  22.5   2.5  20.4
K62A L63A 150 330   103    61  23.3   6.9  18.9
K62A L65A 111 292   193    61  26.6   2.8  25.9
K62A LATQ 355 175   526    61   6.0   6.3   5.7
K62A  LMN  57 242   691    61   9.8   1.7   6.3
K62A M66A 131 313   234    61  14.9   2.7  11.8
K62A MALY  61 247   789    61   6.7   0.9   3.8
K62A N62A 208  28   218    57   8.2  14.8  15.5
K62A PLVO 306 122   470    60   0.8  19.8  16.9
K62A QM38  11 192   567    61   7.4   4.1   5.4
K62A QM50   4 184   640    30   2.3   3.0   1.0
K62A QM60 354 173   728    30   0.1   9.4   5.7
K62A QMM5  15 197   946    61   3.6   1.3   4.2
K62A SHEY  68 255   867    61  16.3   1.4  14.6
K62A SUSY  56 240   641    61  10.9   1.3   9.6
K62A  WES 112 293    81    61  30.2   7.5  27.2
K62A WODY  63 249   665    61   8.8   0.8   7.5
L63A L65A  81 262   130    61  22.3   4.9  22.6
L63A LATQ 352 171   620    61   3.2   8.3   6.9
L63A  LMN  49 233   704    61   9.2   0.7   7.2
L63A LSQQ 334 150   903    61   0.2   8.2   6.0
L63A M66A 118 299   140    61  19.0   3.6  19.0
L63A MALY  54 240   794    61  10.1   0.4   7.9
L63A N62A 237  56   187    57   2.9  23.0  21.5
L63A NATG  33 219  1156    55   6.3   0.3   4.9
L63A PLVO 310 127   566    60   0.9  14.3  12.1
L63A QM16  37 220   475    61   7.7   2.1   7.6
L63A QM38   5 186   649    61   4.7   6.0   5.7
L63A QM50 360 180   727    30   1.4   4.8   3.1
L63A QMM5  11 193  1021    61   1.7   2.8   4.5
L63A SHEY  62 248   858    61  11.4   1.4   9.2
L63A  WES  22 202    63    61  21.8  17.2  20.7
L63A WODY  55 240   667    61   7.6   0.4   5.5
L65A LATQ 341 159   633    61   2.4  17.9  14.5
L65A  LMN  43 227   598    61  10.6   2.6   8.1
L65A LSQQ 328 143   949    61   0.5  10.9   7.8
L65A M66A 185   5    86    61  13.5  11.7  14.4
L65A MALY  50 234   681    61  12.4   3.4   9.8
L65A N62A 248  66   310    57   4.5  17.6  16.2
L65A NATG  29 214  1074    55   6.2   0.7   4.5
L65A PLVO 303 118   658    60   2.9  15.8  13.9
L65A QM16  25 206   392    61   1.8   9.8   8.3
L65A QM38 355 174   631    61   1.7   4.9   3.9
L65A QM60 343 161   834    30   0.5   5.7   3.6
L65A SHEY  59 245   737    61  12.1   0.5   9.4
L65A SUSY  41 224   553    61  15.2   5.3  12.9
L65A VLDQ 321 136   914    57   1.1  14.1  11.9
L65A  WES 291 110   112    61   6.3  24.8  22.3
L65A WODY  50 234   553    61  12.1   5.0  10.6
LATQ LSQQ 302 119   363    62   4.6  19.2  17.1
LATQ M66A 162 344   712    61   9.0   1.6   7.8
LATQ N62A 185   4   719    57   1.4   4.4   3.1
LATQ PLVO 233  50   421    61   2.5  17.6  15.1
LATQ QM16 121 305   444    62   9.3   0.3   7.3
LATQ QM38  77 258   149    62  22.9   4.3  21.5
LATQ QM50  36 217   141    31  13.6  11.9  13.9
LATQ QM60 348 168   203    31   4.8  18.4  16.2
LATQ QMM5  36 219   482    62   7.7   3.9   6.9
LATQ SHEY 103 291   868    62   8.4   0.6   6.0
LATQ SUSY 106 291   593    62   6.9   1.4   4.9
LATQ VLDQ 285 102   383    58   1.7  17.7  17.5
LATQ  WES 168 349   567    62  11.5   1.2   9.7
LATQ WODY 109 295   675    62  10.2   1.4   8.0
 LMN LSQQ 296 107   983    62   1.6   5.9   3.8
 LMN M66A 222  38   668    61   0.7   8.0   5.1
 LMN MALY  93 274   113    62  19.2  13.3  13.3
 LMN NATG  16 198   515    55   3.5   5.4   5.2
 LMN QM16 255  73   256    62   0.7  16.4  13.2
 LMN QM38 296 111   504    62   2.6   9.3   6.8
 LMN QM60 303 117   740    31   0.7   6.6   5.0
 LMN QMM5 333 150   629    62   0.5   7.2   4.3
 LMN SHEY 109 291   235    62  18.3   5.7  16.5
 LMN SUSY 253  72    51    62  15.1  24.4  22.2
 LMN  WES 236  51   648    62   3.0  14.4  11.2
 LMN WODY 172 352    85    62  20.4   8.2  18.9
LSQQ MALY 104 294  1088    62   6.4   1.1   5.1
LSQQ N62A 162 344   944    57   2.7   0.1   2.4
LSQQ PLVO 181   1   447    61   7.2   6.7   6.7
LSQQ QM38 106 291   479    62  18.3   0.7  13.5
LSQQ QM50  98 282   398    31  16.3   2.1  16.4
LSQQ QM60  86 269   266    31  13.6   1.6  10.2
LSQQ QMM5  68 254   619    62  14.7   3.0  12.7
LSQQ SHEY 105 296  1217    62   7.2   0.4   6.2
LSQQ SUSY 109 297   946    62  10.4   0.3   8.1
LSQQ VLDQ 211  30   112    58  12.4  11.7  13.6
M66A MALY  45 230   744    61   8.1   0.5   5.4
M66A N62A 264  82   282    57   1.3   8.5   9.1
M66A PLVO 309 124   703    60   1.0   6.8   6.6
M66A QM16  21 203   473    61   3.4   5.4   4.7
M66A QM38 356 175   715    61   0.0   6.9   4.7
M66A QM50 352 171   804    30   1.3   1.5   2.2
M66A QM60 345 163   914    30   1.2   6.0   4.3
M66A QMM5   5 186  1070    61   0.9   1.0   0.7
M66A SHEY  54 240   789    61   6.3   0.9   3.8
M66A SUSY  36 219   624    61   4.7   3.1   4.3
M66A VLDQ 325 139   978    57   0.5   3.5   2.0
M66A  WES 322 141   159    61   8.3  16.6  14.4
M66A WODY  44 228   616    61   5.9   1.2   2.9
MALY NATG   4 185   501    55   0.5   4.1   0.9
MALY QM16 261  78   365    62   2.8  12.2   9.7
MALY QM38 293 107   610    62   2.3  13.2  11.0
MALY QMM5 326 142   691    62   0.9   5.1   3.6
MALY SHEY 124 305   130    62  22.0   8.6  20.5
MALY SUSY 268  86   162    62  16.9  12.9  16.2
MALY VLDQ 289  98  1126    58   0.9   5.6   4.6
MALY  WES 242  57   741    62   2.6  11.2   9.6
MALY WODY 233  52   128    62  14.5  19.2  20.0
N62A NATG  35 223  1329    51   4.5   0.6   2.6
N62A QM50   9 190   843    30   1.8   2.8   3.5
N62A QM60   1 181   915    30   0.5   1.5   1.9
N62A QMM5  17 200  1159    57   2.2   1.4   1.9
N62A SUSY  48 234   840    57   6.4   1.2   4.3
N62A VLDQ 339 156   875    53   1.3   5.1   3.3
N62A  WES  47 229   241    57  20.5   3.1  16.7
NATG PLVO 247  56  1217    54   0.4  10.3   8.9
NATG QM16 216  32   683    55   2.9   4.3   3.5
NATG QM38 247  61   656    55   0.5  14.5   9.4
NATG SHEY 174 354   576    55   5.9   3.3   4.2
NATG SUSY 202  20   544    55   7.3   5.2   5.8
NATG VLDQ 264  72  1111    53   0.5  15.6  13.8
NATG WODY 194  13   593    55   3.9   2.0   2.3
PLVO QM16  85 272   718    61   4.7   0.5   3.4
PLVO QM38  56 241   561    61  14.4   2.2  12.4
PLVO QM50  46 230   558    30   4.7   1.2   3.5
PLVO QM60  30 213   539    30   6.0   0.8   3.5
PLVO QMM5  41 227   893    61   3.4   0.8   3.8
PLVO SHEY  84 275  1186    61   3.5   1.4   4.0
PLVO SUSY  81 269   914    61   8.3   1.4   5.7
PLVO VLDQ 352 171   354    57   1.4   8.7   5.7
PLVO  WES 120 304   549    61  16.2   2.6  13.7
PLVO WODY  85 274   977    61   4.1   0.7   2.8
QM16 QM38 322 140   353    62   0.5  12.2  10.0
QM16 QM50 323 140   454    31   0.5  12.6  10.5
QM16 QMM5 355 174   630    62   1.5  15.8  14.4
QM16 SHEY  89 273   469    62   5.3   1.6   3.0
QM16 SUSY  73 255   205    62  13.9   3.7  13.5
QM16  WES 222  40   415    62   1.1   7.2   4.7
QM16 WODY  92 274   259    62  10.3   3.4   8.3
QM38 QM60 313 131   248    31   0.6  15.8  13.5
QM38 QMM5  22 204   383    62   9.7  10.9  11.1
QM38 SUSY 116 300   468    62  14.5   2.7  11.7
QM38  WES 184   3   589    62   6.0   1.5   3.1
QM50 QM60 305 124   149    31   2.3  18.5  13.7
QM50 QMM5  36 218   341    31   4.6   6.5   5.3
QM50 SUSY 120 305   560    31   6.2   1.1   4.1
QM50  WES 178 358   670    31   6.8   0.6   5.4
QM60 QMM5  58 242   375    31  19.0   0.6  15.9
QM60 VLDQ 253  70   343    27   1.6  20.4  19.0
QM60  WES 168 349   770    31   7.7   1.1   6.4
QMM5 VLDQ 249  62   712    58   2.2  14.4  12.4
QMM5  WES 193  11   960    62   2.4   1.2   0.7
QMM5 WODY 153 336   709    62   6.4   1.0   3.8
SHEY SUSY 285 102   277    62   5.7  16.9  17.7
SHEY VLDQ 291 100  1251    58   2.9   2.2   3.3
SHEY  WES 251  65   811    62   0.1  12.2   8.4
SHEY WODY 270  88   211    62  10.2  21.8  18.8
SUSY WODY 139 319    91    62  25.7  12.7  20.3
VLDQ WODY 104 294  1058    58   3.4   2.7   2.5
 WES WODY  58 243   615    62  10.7   2.5   8.4
