 A11  A64  19 200    69   427   5.4   3.1   4.2
 A11 ALLY 132 316   557   162   0.7   9.3   7.3
 A11 BATG  88 271   313   426   1.7   5.8   4.2
 A11 CHEG  90 277   725   385   2.2   1.1   0.5
 A11 D56A 268  85   346   337   1.8   3.4   3.2
 A11 D59A 259  77   127   359   3.6   3.8   3.5
 A11 D60A 237  56    66   358   5.6   5.1   5.5
 A11 D62A 101 282    89   390   4.3   5.9   5.1
 A11 D63A  97 279   160   349   2.1   5.5   3.5
 A11 DRLN  72 261   968   412   1.1   2.5   0.6
 A11 E55A 261  77   455   341   5.6   5.8   6.4
 A11 E58A 249  67   254   346   3.8  11.3   6.9
 A11 E62A 143 324    86   388   3.8   6.8   5.4
 A11 E64A 116 298   203   350   3.4  11.4   7.9
 A11 EDEY 105 291   638   342   0.5   8.2   8.0
 A11 EMMW 142 324   353   448   4.9  14.2  14.7
 A11 F57A 247  64   380   322   6.1   2.1   4.9
 A11 F60A 224  43   195   341   2.7   5.2   3.8
 A11 F61A 204  23   154   356   3.6   6.4   4.8
 A11 F62A 173 353   151   402   3.9   6.7   5.2
 A11 F64A 137 318   209   406   6.2   9.7   7.7
 A11 G57A 239  56   440   343   6.5   6.6  12.0
 A11 G59A 225  43   333   302   1.7   2.9   2.2
 A11 G61A 206  25   241   308   3.4   4.9   4.6
 A11 G62A 187   6   227   409   7.3   6.7   7.4
 A11 G63A 169 350   241   345  10.1  10.6  12.7
 A11  GGN 131 314   350   409   4.6  10.2   8.4
 A11 H61A 205  23   331   342   2.7   8.4   8.4
 A11 H62A 194  14   306   410  10.6   7.2  10.6
 A11 H63A 177 358   287   347   6.4  12.6  10.8
 A11 H64A 165 346   299   354  12.9  12.3  15.0
 A11 H65A 151 333   321   354   3.2  10.9   8.1
 A11  HAL 117 302   588   448   0.4   5.8   3.2
 A11 HANN 119 301   303   457   5.6   8.3   7.2
 A11 HOLY 104 287   295   332   5.8   4.8   7.1
 A11 I57A 231  47   563   365   6.3   3.5   9.3
 A11 I60A 214  32   448   374   4.8   6.6   8.1
 A11 I62A 194  13   385   422   6.2   9.9   9.3
 A11 I63A 185   5   356   402   9.8   5.2   8.3
 A11 I64A 173 353   372   348   7.1  12.5  10.9
 A11  ICQ  39 222   333   458   6.0   3.1   6.5
 A11 J59A 220  37   539   433   7.5   6.9   9.2
 A11 J62A 196  15   464   376   6.7  14.4  13.6
 A11 J63A 189   9   446   368   5.5   5.3  10.8
 A11 JOSY 134 317   464   206   3.0   9.2   9.6
 A11 K60A 211  28   591   269   7.3  11.6  12.9
 A11 K62A 198  17   534   420   7.7   8.5  10.1
 A11 L63A 191  10   608   373   6.0  11.2  10.6
 A11 L65A 179 359   579   364   8.8   1.7   7.8
 A11 LATQ 276  94   196   459   2.5   2.8   2.8
 A11  LMN 109 292   441   435   1.5   6.0   5.8
 A11 LSQQ 294 109   543   459   7.4   2.2   8.3
 A11 MALY 105 290   549   333   5.1   5.5  11.9
 A11 N62A 202  19   748   394   4.5   6.1   6.1
 A11 NATG  55 241   639   356   0.5   1.8   0.1
 A11 PLVO 248  63   585   457   5.1   2.3   5.8
 A11 QM16 142 323   285   299   1.5   8.5   5.8
 A11 QM38 314 134    69   367   6.3   4.4   5.3
 A11 QM50 320 139   170   239   9.8   6.7   9.4
 A11 QMM5  14 195   413   336   8.4   7.6   9.5
 A11 SHEY 107 293   676   335   1.9   4.6   2.9
 A11 SUSY 113 297   403   332   3.7   5.2   4.6
 A11  WES 190   9   547   459   7.7   2.8   6.0
 A11 WODY 117 301   489   328  12.3   7.7  10.4
 A64 BATG 101 283   295   395   2.4   3.2   2.6
 A64 CHEG  96 283   706   357   0.4   3.7   4.6
 A64 D56A 259  75   377   337   1.7   1.5   0.9
 A64 D59A 239  57   173   359   3.4   3.6   3.4
 A64 D60A 218  37   128   358   3.7   5.7   4.6
 A64 D62A 142 323   104   358   2.3   5.2   3.7
 A64 D63A 122 304   161   325   2.4   5.3   4.3
 A64 E55A 254  70   492   341   9.1   0.2   5.6
 A64 E58A 239  57   304   346   6.8   5.1   7.4
 A64 E62A 168 348   137   356   4.3   5.5   5.0
 A64 E64A 134 316   221   326   6.6   9.8  10.3
 A64 EDEY 112 297   637   325   5.9  14.2  12.3
 A64 EMMW 151 332   394   416   5.0  14.7  12.4
 A64 F57A 240  57   429   322  13.9   6.8  12.3
 A64 F60A 218  36   259   341   1.3   8.9   6.7
 A64 F61A 203  22   222   356   4.7   6.5   7.0
 A64 F62A 182   1   215   370   5.5  11.4   7.9
 A64 F64A 151 332   248   374  10.0  11.3  14.6
 A64 G57A 234  50   495   343   6.0   7.9   8.3
 A64 G59A 221  38   396   302   7.2   5.7   4.0
 A64 G61A 205  23   309   308  10.1  14.3  15.8
 A64 G62A 190   9   294   377   7.4   6.5   7.4
 A64 G63A 176 356   302   322   7.8  14.7  13.3
 A64  GBN 110 296   695   427   3.8   8.3   9.2
 A64  GGN 141 323   381   391   5.9  10.5   9.2
 A64 H61A 204  22   399   323   7.7   9.8  12.6
 A64 H62A 196  15   375   378   9.6   9.0   9.6
 A64 H63A 182   2   352   324   7.6   6.8   8.4
 A64 H64A 171 352   358   326   7.8  12.2  10.5
 A64 H65A 159 341   370   328   7.6  11.3  11.0
 A64  HAL 124 308   601   416   4.6   4.9   5.3
 A64 HANN 131 313   322   426   4.0   9.1   9.6
 A64 HOLY 118 300   297   320   8.2   5.4   7.0
 A64 I57A 228  44   622   349   6.7   7.3  10.4
 A64 I60A 212  30   515   342   4.3   7.4   6.5
 A64 I62A 195  14   453   390   7.7  11.3   9.9
 A64 I63A 188   7   423   370   9.4   6.7   9.1
 A64 I64A 177 357   435   318   5.5   7.8   8.1
 A64  ICQ  45 227   270   426   6.0   0.6   2.6
 A64 J59A 218  35   603   401   9.9   0.4   6.1
 A64 J62A 197  16   533   344   2.1  12.8   8.7
 A64 J63A 191  10   514   336  10.7   4.3   7.6
 A64 JOSY 141 324   497   191   5.5   6.7  12.0
 A64 K60A 210  27   658   269   6.9  11.0  12.8
 A64 K62A 199  17   602   388   3.6   3.5   9.9
 A64 L63A 192  11   677   341   1.1  10.3   7.3
 A64 L65A 181   1   644   332   5.4   6.4   8.6
 A64 LATQ 258  76   223   427   4.9   1.7   2.9
 A64  LMN 118 301   445   403   1.8   6.1   6.4
 A64 LSQQ 287 102   542   427   7.1   9.9   9.2
 A64 M66A 182   1   730   333   3.1   1.1   2.5
 A64 MALY 112 297   547   323   4.6   6.1   8.7
 A64 N62A 202  19   817   362   3.4   3.0   3.9
 A64 NATG  60 245   585   356   1.3   7.1   4.7
 A64 PLVO 243  58   633   425   6.7   2.6   5.5
 A64 QM16 152 334   327   299   8.4   7.4   9.3
 A64 QM38 257  76    74   367   5.3   4.4   5.0
 A64 QM50 297 115   147   239   7.8   3.9   6.9
 A64 QMM5  13 194   345   336   5.5   7.8   9.6
 A64 SHEY 113 299   677   318   8.9   9.3   8.9
 A64 SUSY 123 306   413   319   7.5   8.8   9.1
 A64 VLDQ 277  91   588   356   3.3   2.7   3.8
 A64  WES 191  10   615   427   5.2   7.1   6.9
 A64 WODY 125 309   503   317   5.5   6.9   5.7
ALLY BATG 349 169   400   129   4.1   9.8   7.0
ALLY D59A 307 122   640   132  16.2   2.2   7.1
ALLY D63A 328 146   435   162   2.4   5.7   7.4
ALLY EDEY  48 230   290   162   6.0   5.3   6.3
ALLY EMMW 300 119   217   156   7.0   3.3   8.4
ALLY F60A 297 112   595   120  16.2   0.4  10.8
ALLY G59A 286 100   661   122   3.6   1.5   6.1
ALLY G63A 295 111   391   160  11.2   3.7   8.7
ALLY  GGN 318 137   207   162   8.1   9.1  12.2
ALLY H61A 281  97   553   161  17.5   2.8  10.0
ALLY  HAL  50 231   156   160   2.9  10.0   6.1
ALLY HANN 332 150   272   162   5.7   5.1   9.0
ALLY HOLY 341 160   327   155   2.9   4.2   7.3
ALLY I63A 276  93   442   155   4.6   1.1   1.8
ALLY  ICQ 346 165   664   161   2.2   5.1   4.9
ALLY JOSY 309 128    94   162   7.7   3.2   7.2
ALLY LATQ 307 121   723   162   5.3   0.9   4.6
ALLY  LMN   5 186   236   162   5.3   7.1   5.6
ALLY NATG  13 194   748    87  12.1  10.8  16.1
ALLY SUSY 353 173   221   155   7.6   2.9   7.7
ALLY VLDQ 301 112  1097   129  20.2   0.5   7.9
ALLY WODY  13 193   155   151   7.4   0.5   1.9
BATG CHEG  95 279   412   385   4.0   0.7   3.7
BATG D59A 268  84   439   337   5.1   7.4   8.0
BATG D62A 266  83   228   357   5.7   5.7   6.3
BATG D63A 261  80   157   316   2.0   3.5   3.4
BATG E55A 267  80   767   337   3.4   4.2   5.7
BATG E58A 262  77   560   337   8.0   8.0   7.2
BATG E62A 256  73   274   355   3.9   1.8   2.7
BATG E64A 235  54   165   317   4.0   4.8   4.3
BATG EDEY 124 307   353   309   4.2   2.7   3.5
BATG EMMW 201  20   305   415   7.2   3.9  10.2
BATG F60A 254  70   474   331   4.8   2.8   8.1
BATG F62A 244  61   336   369   6.5   4.5   8.9
BATG F64A 229  47   236   373   5.3   5.4   8.9
BATG G57A 254  68   730   337   2.8   2.6   5.4
BATG G61A 244  60   476   282   2.9   3.5   7.6
BATG G62A 238  55   414   376   8.2   5.0   7.8
BATG  GBN 119 302   407   426   1.8  11.2   2.8
BATG  GGN 194  14   247   376   1.9   3.7  11.7
BATG H62A 235  51   496   377   4.9   3.6   6.5
BATG H63A 228  45   423   314   3.0   2.6   3.2
BATG H65A 211  30   333   321   4.8   7.7   9.9
BATG  HAL 146 328   350   417   4.7   7.5   6.8
BATG HANN 200  19   164   424   2.9   3.2   3.1
BATG HOLY 200  20    89   299   4.7   8.6   6.7
BATG I62A 229  46   559   389   5.7   2.6   5.7
BATG I63A 226  43   503   369   7.7   6.2  13.6
BATG  ICQ 341 160   265   425  11.9   5.7  10.0
BATG J59A 240  54   785   400   5.7   8.8   6.5
BATG J62A 227  43   637   343   7.2   3.9   6.4
BATG J63A 223  40   593   335   7.4   3.6   9.2
BATG K60A 233  47   805   269   8.6   3.7  11.7
BATG K62A 226  41   707   387   0.4   5.0   1.6
BATG L63A 218  34   745   340   3.7   4.7   4.8
BATG L65A 210  27   663   331   5.9   6.1   6.6
BATG LATQ 274  89   508   426   6.8   4.1   4.2
BATG  LMN 148 329   185   402   7.4   7.9   7.6
BATG MALY 127 309   265   300   1.2   8.8   9.2
BATG N62A 223  38   920   361   1.7   4.4   4.6
BATG NATG  34 217   411   356   9.9   3.3   6.8
BATG QM50 289 105   438   215  20.1   4.7  13.2
BATG QM60 294 109   580   245   5.1   2.4   5.0
BATG QMM5 334 152   444   336  10.4   6.7  12.8
BATG SUSY 164 345   180   299   4.7  14.5  10.7
BATG VLDQ 281  92   882   337   9.7   4.4   7.4
BATG WODY 155 336   265   295   4.8  12.3  14.9
CHEG D59A 276  87   850   305   0.5   3.6   5.3
CHEG D60A 275  87   781   305   2.4   1.7   2.2
CHEG D63A 275  90   566   276   1.5   0.1   5.3
CHEG DRLN  40 222   361   339   8.7   6.3  10.0
CHEG E55A 274  83  1177   305   4.6   0.4   5.1
CHEG E62A 271  85   677   315   5.1   3.4  12.8
CHEG EDEY 220  39   198   269   5.9   5.4   5.9
CHEG EMMW 249  64   577   374   4.0   2.6   4.9
CHEG F62A 265  79   722   328   5.2   2.8   1.7
CHEG G57A 265  75  1124   305   1.2   1.0   2.2
CHEG G59A 263  74   987   258   1.8   3.5   3.5
CHEG G63A 258  72   718   272   1.0   7.4   9.5
CHEG  GBN 203  22   169   385   2.7   4.9   4.1
CHEG H62A 257  69   853   336   1.1   3.2   8.0
CHEG H63A 255  69   766   274   3.5   1.4   5.3
CHEG  HAL 224  42   331   377   1.9   4.3   6.4
CHEG HANN 260  75   480   383   4.1   0.6   1.8
CHEG HOLY 268  84   444   259   6.2   1.6   5.3
CHEG I64A 249  62   771   275   5.7   1.1   6.0
CHEG JOSY 238  54   504   133   5.4   2.3   6.8
CHEG K62A 247  59  1023   346   0.9   0.6   3.1
CHEG L63A 242  54  1029   300   3.0   2.7   5.2
CHEG LATQ 278  90   920   385  13.5   5.7  12.4
CHEG  LMN 253  70   335   361   4.7   1.1   2.7
CHEG MALY 242  60   235   260   1.7   4.9   4.1
CHEG N62A 242  53  1216   320   4.7   1.6   3.0
CHEG NATG 339 157   418   346   8.9   2.6   7.1
CHEG QM38 281  93   776   305   6.2   6.5  12.3
CHEG QM50 286  98   844   183   6.8   1.7   5.0
CHEG QM60 290 101   980   213   2.3   2.7   5.2
CHEG QMM5 310 124   746   305   0.6   2.1   1.5
CHEG SHEY 209  28   212   262   6.5   7.5   9.6
CHEG SUSY 253  70   386   259   6.9  10.0  10.1
CHEG  WES 244  56   977   385   2.0  11.2   6.6
CHEG WODY 240  57   363   255   4.1  11.7   9.5
D56A D59A  90 272   222   337   3.9   6.2   7.3
D56A D60A  92 274   292   337   2.9   4.3   5.0
D56A D62A  87 272   433   268   6.1   9.7   8.6
D56A D63A  88 273   505   288  10.4   3.1   6.3
D56A E55A 237  56   119   337   4.0   5.6   4.4
D56A E58A 123 304   136   337   6.4   7.3   7.3
D56A E64A  95 280   534   289   8.9   8.8  12.3
D56A EDEY  96 285   975   288   2.1   2.1   0.0
D56A EMMW 112 297   623   331   4.4   3.7   5.9
D56A F57A 178 358   138   322   5.2   7.1   6.2
D56A F61A 111 294   313   333   1.8   4.3   2.6
D56A F62A 107 291   389   280   8.1   2.5   5.0
D56A F64A 103 287   509   284   8.8   8.5  10.0
D56A G57A 185   5   217   337   7.4   8.0   8.1
D56A G59A 150 331   250   290   6.8   7.8   7.3
D56A G61A 127 309   317   282   3.0  10.4   9.5
D56A G62A 120 303   385   287   9.7  10.4  13.9
D56A  GGN 106 292   648   336   8.2   5.6   7.7
D56A H61A 141 323   357   286   4.6  10.6   9.7
D56A H62A 133 316   392   288   7.1  12.4  12.4
D56A H63A 124 308   452   287   9.2   7.6   9.5
D56A H65A 115 300   569   291   4.4   3.1   8.0
D56A  HAL 103 291   907   331   9.5   0.9   3.9
D56A HANN  99 285   627   336   4.5   1.2   3.9
D56A HOLY  92 278   636   283   5.4   4.4   3.8
D56A I57A 192  11   353   312   7.4   7.1   7.7
D56A I60A 162 343   374   287   8.1  11.3  11.1
D56A I62A 142 324   443   300   6.4   9.2  10.9
D56A I63A 134 317   466   280   4.1  15.4  10.8
D56A I64A 129 313   530   281   5.6  12.0  11.4
D56A  ICQ  61 246   620   336   3.1   5.0   4.6
D56A J59A 177 357   399   311   9.2  11.1  11.4
D56A J62A 150 332   484   300  12.2   8.2  12.3
D56A J63A 144 327   509   292   5.9   9.3   8.7
D56A K60A 172 352   497   269   9.3  12.5  14.3
D56A K62A 157 339   526   298   6.2  13.1  11.7
D56A L63A 155 338   628   296   8.0   9.4   9.8
D56A L65A 144 328   671   280   6.1  17.7  15.0
D56A LATQ  75 257   154   337   3.1   3.3   2.7
D56A  LMN  96 283   775   313   3.1   1.0   1.7
D56A LSQQ 324 143   278   337  13.1   7.3  11.0
D56A M66A 148 332   742   279   5.4   5.6   5.4
D56A N62A 171 352   687   272  11.9  12.4  13.7
D56A PLVO 220  38   286   335   6.8   8.6   9.8
D56A QM38  75 258   303   337   3.7   3.0   4.4
D56A QM50  56 238   277   215   6.4   6.9   6.6
D56A QMM5  44 228   607   336   9.4   6.8  13.0
D56A VLDQ 300 118   259   337   6.0   8.2   7.0
D56A  WES 151 333   585   337   3.1  10.4   7.9
D56A WODY 102 289   810   280   4.0   6.0   4.6
D59A D60A  98 279    70   358   5.5   6.4   6.0
D59A D62A  87 269   212   290   3.4   4.8   4.1
D59A D63A  88 271   284   310   7.9   9.3   9.9
D59A DRLN  72 262  1094   312   5.4   3.7   3.5
D59A E55A 261  78   328   341   6.7   0.5   3.7
D59A E58A 238  57   131   346   2.5   2.7   2.7
D59A E62A 103 285   182   288   3.1   5.4   3.6
D59A E64A 101 284   313   311   9.8  14.2  14.4
D59A EDEY 100 287   754   310   3.8   4.1   3.4
D59A EMMW 125 308   425   353   3.2   9.2   8.3
D59A F57A 240  58   257   322   7.9   9.1   8.4
D59A F60A 184   4   116   341   5.3   6.5   5.9
D59A F61A 150 331   132   355   4.1   8.2   7.4
D59A F62A 130 311   189   302   6.0  10.9   8.4
D59A F64A 114 297   297   306   2.5   6.7   8.1
D59A G57A 230  48   323   343   6.3   6.2   8.0
D59A G59A 206  25   238   302   8.0   4.1   5.4
D59A G61A 173 353   193   304   7.4   8.3   7.7
D59A G62A 153 334   223   309   8.9   9.5  10.8
D59A G63A 140 322   271   307   5.3  14.1  11.6
D59A  GBN  99 286   816   359   3.1   7.2   6.0
D59A  GGN 117 300   440   358   5.5  10.0   9.8
D59A H61A 182   1   276   308  10.8  10.5  11.0
D59A H62A 169 349   276   310   9.7  16.0  14.7
D59A H63A 151 332   296   309   8.4  12.8  12.1
D59A H64A 141 323   332   311   5.9  13.4  11.2
D59A H65A 131 314   379   313   4.5  11.5   9.8
D59A  HAL 109 295   692   351   1.4   6.9   3.2
D59A HANN 106 290   409   358   4.0   8.6   7.9
D59A HOLY  95 279   414   305   0.1   3.5   2.7
D59A I57A 223  40   454   334   6.7   5.1   7.1
D59A I60A 198  17   370   309   6.5  12.2  11.5
D59A I62A 173 354   350   322   6.4   8.2   8.9
D59A I63A 163 344   343   302   6.8  10.6  10.3
D59A I64A 153 334   384   303   8.5  11.5  16.6
D59A  ICQ  49 232   439   358   4.8   9.8  12.7
D59A J59A 209  27   446   333   7.1   6.1  10.2
D59A J62A 180 360   420   322   4.9   8.2   7.6
D59A J63A 172 352   419   314   8.7   7.3   8.2
D59A JOSY 122 306   547   176  12.2   6.5  10.8
D59A K60A 199  18   514   269   7.0   9.2  10.3
D59A K62A 184   4   484   320  10.6   3.6   7.2
D59A L63A 178 358   572   318  10.0  14.8  16.3
D59A L65A 165 346   571   302   5.8   5.8   7.4
D59A LATQ 301 120    83   359   7.2   4.8   6.1
D59A  LMN 101 286   555   335   2.1   3.4   3.7
D59A LSQQ 303 119   446   359  10.4   1.4   6.3
D59A M66A 167 349   653   301   5.7  10.2   9.7
D59A N62A 192  10   688   294   4.5   8.9  15.4
D59A NATG  58 245   758   304   1.4   4.7   2.8
D59A PLVO 244  60   461   357   1.8   0.1   3.2
D59A QM16 122 305   361   286   3.4   7.0  16.1
D59A QM38  45 225   105   359   5.6   5.4   5.5
D59A QM50   5 185   156   237   7.2   7.1   7.3
D59A QMM5  26 209   481   336   8.0   8.5   8.3
D59A SHEY 102 289   789   303   3.9   5.7   8.0
D59A SUSY 104 289   513   304   2.6   8.5   6.7
D59A VLDQ 289 104   464   356   9.7   6.3   9.5
D59A  WES 175 356   515   359  11.8   8.5  10.2
D59A WODY 108 293   594   302   3.8   6.8  12.7
D60A D62A  82 263   144   289   4.4   3.4   3.7
D60A D63A  85 267   215   309   4.1   4.6   4.3
D60A DRLN  70 260  1032   311   5.6   1.3   7.0
D60A E55A 264  81   396   341   6.8   4.4   7.7
D60A E58A 252  71   190   346   3.7   2.5   4.0
D60A E62A 106 287   112   287   5.2   5.7   5.4
D60A E64A 102 284   243   310   4.5   5.5   6.8
D60A EDEY 101 287   684   309   0.4   4.0   3.5
D60A EMMW 131 314   364   352   5.8  13.6  11.1
D60A F57A 248  66   315   322  11.0   5.7   7.8
D60A F60A 217  37   131   341   4.6   3.8   4.3
D60A F61A 183   3   105   354   4.3   7.4   6.0
D60A F62A 147 327   135   301   7.5   7.4   7.7
D60A F64A 120 301   230   305   1.9   6.9   5.6
D60A G57A 239  56   373   343   3.3   6.7   4.4
D60A G59A 221  40   268   302   5.0   3.5   5.4
D60A G61A 195  14   187   303   5.2   8.1   6.5
D60A G62A 171 351   191   308   9.2  11.3  10.3
D60A G63A 153 334   224   306   8.6  12.1  10.8
D60A H61A 197  16   277   307   6.1   4.2   5.3
D60A H62A 184   4   261   309  10.5   8.6  11.8
D60A H63A 164 345   260   308  11.1  15.6  15.6
D60A H64A 152 333   285   310  13.4  13.2  15.8
D60A H65A 139 321   323   312   6.8  12.2  10.8
D60A  HAL 111 297   624   350   6.0   2.4   7.4
D60A HANN 108 291   340   357   3.3   4.7   6.9
D60A HOLY  96 279   344   304   0.8   6.2   6.1
D60A I57A 230  47   497   333   0.8   2.1   2.0
D60A I60A 209  28   388   308   1.4   8.4   7.4
D60A I62A 186   5   339   321   4.4   5.8   7.1
D60A I63A 175 355   319   301   7.1   9.8  10.0
D60A I64A 163 344   348   302  10.7  11.7  12.4
D60A  ICQ  42 224   397   357   6.9   1.4   7.2
D60A J59A 218  35   475   332   9.9  10.0  14.6
D60A J62A 190   9   416   321   9.8   6.8  10.5
D60A J63A 182   2   404   313   6.9  11.0   8.9
D60A JOSY 126 309   483   175  13.3   7.5  10.3
D60A K60A 207  25   532   269   0.4   9.1   7.2
D60A K62A 193  12   483   319   9.4   2.8   8.5
D60A L63A 186   5   564   317   8.0   8.8   9.6
D60A L65A 172 353   547   301  10.5  10.7  15.0
D60A LATQ 291 110   150   358   3.6   4.0   3.6
D60A  LMN 102 286   485   334   3.1   5.4   9.3
D60A LSQQ 300 116   511   358   7.6   5.3   7.1
D60A M66A 174 355   631   300   5.2   4.0   9.0
D60A N62A 198  16   695   293   3.0   5.5   9.1
D60A NATG  55 241   706   304   6.2   3.3   5.5
D60A PLVO 249  64   520   356   9.6   3.0   8.4
D60A QM16 128 311   298   285   7.0  14.8  15.8
D60A QM38   4 184    85   358   7.1   5.3   7.1
D60A QM50 342 161   175   236  11.1   6.6   9.9
D60A QMM5  19 200   464   336   8.0   4.9   7.9
D60A SHEY 103 289   719   302   7.3   7.2   9.7
D60A SUSY 105 289   443   303   7.1  11.0   9.8
D60A VLDQ 288 103   533   356   5.4   7.0   8.5
D60A  WES 184   3   504   358   9.2   7.6  11.3
D60A WODY 110 295   525   301   0.9   7.7   5.8
D62A D63A  94 274    72   329   5.2   5.7   5.6
D62A DRLN  70 259   891   349   5.9   0.7   3.0
D62A E55A 265  80   540   272   5.2   4.9   8.1
D62A E58A 258  75   333   277   2.0   3.2   3.1
D62A E62A 215  35    63   387   4.1   4.8   4.5
D62A E64A 128 309   119   329   3.4   7.0   5.4
D62A EMMW 154 335   291   379   8.5  16.2  13.8
D62A F57A 254  70   456   263   5.8   0.2   3.0
D62A F60A 242  60   255   278   5.9   4.5   5.3
D62A F61A 231  50   193   291   3.4   8.7   5.5
D62A F62A 208  28   149   390   3.8   2.5   3.1
D62A F64A 158 339   146   390   4.0   7.2   5.6
D62A G57A 247  62   509   274   6.9   5.3   7.5
D62A G59A 237  54   389   280   3.6   4.1   3.8
D62A G61A 225  43   277   294   3.3   9.0   6.6
D62A G62A 209  28   237   390   6.2   5.7   6.3
D62A G63A 192  11   223   328   8.2   5.9   7.1
D62A  GGN 141 323   277   340   6.9  13.9  12.3
D62A H61A 219  37   362   324   4.6  11.1  11.6
D62A H62A 211  30   323   390   6.9  10.2  11.0
D62A H63A 196  16   280   328   5.0   9.2   8.6
D62A H64A 183   3   272   333   6.9  13.2  11.5
D62A H65A 166 347   272   331   5.1   8.9   7.7
D62A  HAL 121 305   503   379   6.8   9.6  10.8
D62A HANN 126 308   220   388   2.7   8.8   6.8
D62A HOLY 106 288   207   317   1.3   4.9   3.1
D62A I57A 238  54   623   321   5.0   0.4   3.0
D62A I60A 224  41   489   355  13.0   7.0  12.1
D62A I62A 207  26   399   390   3.9   8.5   9.1
D62A I63A 200  19   357   390   8.3   7.2   9.0
D62A I64A 188   7   354   335   7.7   6.1   8.7
D62A  ICQ  25 207   302   389   5.6   5.3   7.3
D62A J59A 229  45   587   390   6.4   6.6   9.0
D62A J62A 208  26   480   344   7.2   6.5   8.4
D62A J63A 201  20   452   337   9.0   8.2  11.1
D62A K60A 219  36   626   243   1.7   6.1   4.2
D62A K62A 208  26   551   390   6.0   7.9   7.7
D62A L63A 200  18   615   345  11.8  11.2  14.5
D62A L65A 188   8   567   352   8.9   6.2  12.3
D62A LATQ 278  95   285   390   3.5   1.9   4.9
D62A  LMN 111 294   353   367   1.1   3.7   5.1
D62A LSQQ 293 107   630   390   7.5   6.9   8.6
D62A M66A 188   7   653   354   0.4   5.5   2.9
D62A MALY 106 290   460   315   5.8  11.0  15.2
D62A N62A 209  26   769   389   6.2   5.3   7.7
D62A NATG  50 235   581   296   5.8   1.6   9.2
D62A PLVO 253  67   661   388   2.6   2.0   0.9
D62A QM16 157 338   225   298   3.7   7.9   7.3
D62A QM38 297 115   151   298   6.5   2.3   3.9
D62A QM50 308 126   245   238  18.3   4.7  12.9
D62A QMM5   2 183   419   267   8.0   8.1   8.0
D62A SUSY 117 300   317   318   1.3  12.1   6.9
D62A  WES 200  18   552   390   9.8   6.4  11.5
D62A WODY 121 305   405   316   6.6  12.0  12.1
D63A E55A 267  81   611   292   5.1   1.8   3.9
D63A E58A 261  78   402   297   5.4   2.8   6.1
D63A E62A 247  66   118   327   2.8   2.1   4.2
D63A E64A 163 343    72   349   4.1   8.2   6.5
D63A EDEY 110 294   480   342   8.1   9.2  10.6
D63A EMMW 169 349   264   343   8.3  12.2  13.4
D63A F60A 249  67   318   298   7.7   6.7   6.6
D63A F61A 243  61   251   311   3.9   6.4   5.5
D63A F62A 229  48   191   341   0.8   0.5   0.0
D63A F64A 188   8   132   345   4.1   5.9   6.9
D63A G59A 243  59   449   300   2.2   4.9   6.8
D63A G61A 235  52   328   308   3.8   8.9   6.5
D63A G62A 224  42   276   348   3.0   3.9   3.8
D63A G63A 209  28   244   345   7.8   9.7   9.8
D63A  GGN 155 336   235   342   5.2   6.6   8.1
D63A H61A 228  45   408   342   1.1   6.0   3.7
D63A H62A 222  40   362   349   0.4   4.3   2.1
D63A H63A 210  29   304   347   3.0   3.2   3.5
D63A H64A 198  18   280   349   4.0   3.0   3.9
D63A H65A 182   2   260   349   5.6  11.4   9.5
D63A  HAL 126 309   441   341   5.4   6.2   6.3
D63A HANN 141 322   165   347   4.2   7.1   5.9
D63A HOLY 114 295   138   332   3.1   5.5   4.2
D63A I57A 242  57   683   341  12.6   5.0  11.3
D63A I60A 231  47   539   348   0.7   7.7   7.0
D63A I62A 217  35   433   349   5.4   9.6   9.2
D63A I63A 211  29   384   341   3.1   3.4   3.3
D63A I64A 200  18   366   342   4.0   2.9   3.4
D63A  ICQ  12 193   283   348   8.0   4.6  10.3
D63A J59A 234  49   640   349   5.8   7.7   8.4
D63A J62A 216  33   514   349   0.0   6.3   7.5
D63A J63A 210  28   478   342   4.7   4.9   7.8
D63A JOSY 151 333   349   206   9.0  11.1  12.3
D63A K60A 225  41   671   263  14.4  10.5  12.3
D63A K62A 215  32   585   349   3.6   7.3   5.6
D63A L63A 207  25   639   349   5.1   6.1   8.4
D63A L65A 196  15   577   341   4.2   7.5   9.0
D63A LSQQ 292 105   698   349   5.8   5.7   5.5
D63A M66A 195  13   662   340   3.0   2.9   5.0
D63A MALY 109 292   391   333   5.1  12.9   9.6
D63A N62A 214  31   803   333   2.2   9.6   9.6
D63A NATG  45 229   532   264   6.9   6.4   9.3
D63A PLVO 256  69   728   347   3.8   0.7   5.2
D63A QM16 177 357   204   299   8.8   7.3  12.0
D63A QM38 290 108   219   318   6.9   2.2   5.8
D63A QM50 301 118   307   239  10.4   4.3   9.6
D63A QMM5 353 173   426   287  10.5   7.7  10.7
D63A SHEY 112 296   518   335   3.6   9.5   8.4
D63A SUSY 125 306   253   332   9.7   8.7  10.1
D63A VLDQ 284  96   736   307   1.0   7.1   5.7
D63A  WES 207  25   576   349   4.8   5.3   9.1
D63A WODY 128 310   343   328   8.0  10.7  10.6
DRLN E62A 256  68   943   347   1.9   2.1   3.4
DRLN E64A 252  64   834   307   2.7   1.2   4.7
DRLN EDEY 222  39   559   299   2.7   6.3   8.5
DRLN EMMW 240  53   909   401   0.7   1.1   1.8
DRLN F64A 249  61   898   363   6.5   0.3   4.0
DRLN G57A 257  65  1399   297   7.4   1.0   4.9
DRLN G61A 253  62  1147   265   1.7   1.9   7.5
DRLN G62A 250  61  1082   366   3.1   3.7   4.6
DRLN  GBN 217  34   524   412   0.1   1.5   2.4
DRLN H63A 247  57  1080   304   2.2   4.1   1.0
DRLN  HAL 224  40   691   407   2.2   1.4   4.2
DRLN HANN 245  58   791   411   7.5   1.7   6.1
DRLN HOLY 249  62   735   289   4.3   6.7   5.4
DRLN I62A 246  56  1215   379   0.0   6.8   6.4
DRLN J59A 250  58  1454   390   4.0   2.3   3.3
DRLN J62A 244  54  1288   333   3.0   3.7   6.4
DRLN J63A 243  53  1237   325   2.8   2.8   1.1
DRLN JOSY 233  46   854   179  10.2   8.2   8.8
DRLN K60A 246  54  1465   227   4.3   2.7   3.7
DRLN K62A 243  52  1353   377   6.1   6.3   7.0
DRLN L63A 238  48  1370   330   1.3   9.2   3.5
DRLN L65A 235  46  1263   321   1.2   5.7   7.5
DRLN  LMN 238  53   667   400   0.8   0.1   1.4
DRLN M66A 233  44  1328   322   5.5   3.1   9.7
DRLN QM38 265  75  1001   320   4.9   3.8   0.5
DRLN QM60 276  84  1152   222   2.0   0.4   3.7
DRLN QMM5 287  98   827   290   2.0   4.7   4.6
DRLN SHEY 218  35   570   292   1.0   7.0   7.4
DRLN  WES 240  50  1314   412   3.0   6.1   3.2
DRLN WODY 232  47   712   285   5.7   6.5  11.8
E55A E58A  91 273   214   341   3.9   4.3   4.3
E55A E62A  86 270   501   270   6.1   9.5   7.6
E55A EDEY  91 281  1070   292   4.1   8.3   8.8
E55A EMMW 103 289   698   335  11.7   8.7  13.9
E55A F57A 124 305   127   322   4.6   5.6   5.2
E55A F60A  98 281   321   335   7.0   2.5   9.9
E55A F61A  96 280   394   337   5.9   6.2   8.3
E55A F62A  95 280   474   284   7.2   8.6  11.5
E55A F64A  94 279   599   288  11.0   4.1   7.6
E55A G57A 151 331   172   341   5.2   7.5   6.4
E55A G59A 123 305   271   294   0.8   6.5  10.1
E55A G62A 106 290   451   291   3.7   4.0   3.6
E55A G63A 104 289   522   289   4.0   6.2   7.9
E55A  GGN  98 285   731   340   2.4   2.1   1.2
E55A H61A 122 305   388   290   2.2  14.3   9.1
E55A H62A 117 300   436   292   5.8  10.1  13.7
E55A H63A 111 295   510   291   7.6   4.4   9.2
E55A H64A 108 293   570   293   1.5   4.6   4.3
E55A H65A 105 291   640   295   2.0  10.5   6.9
E55A HANN  92 278   720   340   4.4   3.7   4.7
E55A I57A 173 354   281   316  13.9   9.3  13.4
E55A I60A 142 324   362   291   8.9  13.5  14.5
E55A I62A 126 309   469   304   2.6  11.2  12.8
E55A I63A 120 304   506   284   2.2   2.6   4.0
E55A I64A 117 301   578   285   7.4   1.8   5.9
E55A  ICQ  59 246   739   340   5.2   8.9   7.7
E55A J59A 159 340   354   315  11.9  14.9  15.9
E55A J62A 135 318   491   304   6.1   8.6   9.0
E55A J63A 130 314   528   296   4.3  11.0  10.4
E55A JOSY 104 291   823   158   3.7   8.2   9.4
E55A K60A 157 339   460   269  10.7   8.3  11.5
E55A K62A 143 326   519   302   5.8   9.3  10.4
E55A L63A 144 327   622   300   2.7  15.4  17.0
E55A L65A 134 318   686   284   0.1   8.7   6.3
E55A LATQ  66 249   270   341   5.0   5.4   5.6
E55A  LMN  90 278   871   317   2.5   6.6   4.0
E55A LSQQ 347 166   298   341   8.3   9.7  12.7
E55A M66A 138 322   748   283  11.8   8.8  12.1
E55A MALY  90 279   983   290   1.0   6.8   5.0
E55A N62A 160 342   648   276  10.9   9.2  12.8
E55A NATG  62 252  1068   304   5.6   4.7   3.2
E55A PLVO 207  26   176   339   4.7   6.0   5.4
E55A QM38  69 253   418   341   6.9   6.8   9.2
E55A QM50  55 238   396   219   0.8  10.5   9.8
E55A QM60  33 215   364   249   1.1   9.9   6.3
E55A QMM5  45 230   724   336   4.6   5.0   9.0
E55A SHEY  93 283  1102   285  10.1   2.3   3.0
E55A SUSY  92 279   825   286   5.6   5.5   7.6
E55A VLDQ 327 146   232   341  11.2   4.2   9.4
E55A  WES 138 322   589   341   1.8   8.3   7.1
E55A WODY  96 284   898   284   0.2   5.0   7.8
E58A E62A  83 266   290   275   3.2   3.0   2.8
E58A EDEY  93 281   856   297   3.2   2.1   5.5
E58A EMMW 110 294   491   340   3.3   7.1  10.0
E58A F57A 241  60   126   322   4.2   5.1   4.6
E58A F60A 113 294   112   340   4.5   3.9   4.2
E58A F61A 103 285   182   342   5.4   5.5   7.9
E58A F62A 100 283   261   289   2.7   6.9   6.3
E58A F64A  97 280   385   293   1.9  12.2  10.7
E58A G57A 224  43   194   343   3.4   4.3   3.8
E58A G59A 177 357   144   299   5.7   6.4   5.8
E58A G61A 131 312   182   291   3.6  11.2   7.2
E58A G62A 120 302   249   296   5.9   7.7   7.3
E58A G63A 115 297   317   294   1.3  12.4   6.8
E58A  GGN 103 288   520   345   0.0   1.0   0.3
E58A H61A 152 333   231   295   9.7  13.6  13.0
E58A H62A 140 321   260   297   7.5  13.4  12.8
E58A H63A 126 308   317   296   6.6   8.9  11.4
E58A H64A 120 303   371   298   3.6  11.1  11.9
E58A H65A 114 297   435   300   2.5   7.1   8.3
E58A HANN  94 279   506   345   8.7   9.9  10.6
E58A HOLY  86 271   524   292   9.4   4.9   8.1
E58A I57A 216  34   329   321   2.6  11.2   8.8
E58A I60A 180   0   281   296   7.3  11.1  14.3
E58A I62A 150 332   317   309   4.9  14.6  11.5
E58A I63A 140 322   334   289   5.3  19.5  15.0
E58A I64A 132 315   395   290   5.5  12.9   9.1
E58A  ICQ  50 234   569   345   0.7   6.9   5.4
E58A J59A 197  16   337   320   8.0   6.5  10.1
E58A J62A 161 342   368   309   8.9  11.8  11.4
E58A J63A 152 334   385   301  11.8  16.4  14.7
E58A JOSY 110 295   616   163   2.1   4.4   3.7
E58A K60A 187   6   420   269   8.5  11.9  11.1
E58A K62A 168 349   420   307   8.5  12.9  11.5
E58A L63A 164 346   518   305   8.1   9.8  11.8
E58A L65A 151 333   547   289   1.1  11.3  10.5
E58A LATQ  18 199   119   346   4.1   5.3   4.6
E58A  LMN  92 278   657   322   3.7   0.6   5.8
E58A LSQQ 318 136   408   346   9.6   2.6   8.8
E58A M66A 155 337   622   288   5.8  15.3  11.0
E58A MALY  91 278   770   295   3.0   1.5   1.2
E58A N62A 182   1   605   281   2.4  10.9   8.3
E58A NATG  57 245   889   304   4.8   0.8   3.7
E58A PLVO 245  62   331   344   5.9   9.7   8.0
E58A QM16 105 289   434   273   5.3   7.4   5.6
E58A QM38  51 233   234   346   1.8   2.4   3.4
E58A QM50  28 209   257   224  11.7   6.3  11.3
E58A QMM5  32 215   597   336   9.9   1.0   7.7
E58A SHEY  95 283   888   290   0.6   5.2   6.6
E58A SUSY  94 280   611   291   2.5   6.4   5.2
E58A  WES 160 341   470   346   8.7  11.9  13.0
E58A WODY  99 285   685   289   4.8   3.9   6.5
E62A E64A  99 280   132   327   3.3   5.3   4.5
E62A EDEY 101 286   573   320   9.9   1.4   6.5
E62A EMMW 142 324   267   377   5.2  11.0  11.0
E62A F57A 259  75   409   261   8.9   0.9   4.1
E62A F60A 250  68   201   276   4.1   2.8   4.2
E62A F61A 238  57   134   289   1.9   4.4   3.2
E62A F62A 203  23    87   388   4.0   5.1   4.9
E62A F64A 132 313   124   388   1.9   3.5   2.7
E62A G59A 240  58   332   278   6.6   2.2   4.5
E62A G61A 227  46   215   292   5.1   7.6   6.2
E62A G62A 207  26   174   388   1.4   1.9   1.6
E62A G63A 183   3   167   326   5.4   5.1   5.1
E62A  GBN  99 285   634   388   8.6   0.2   3.0
E62A  GGN 128 310   267   338   1.0   7.6   6.4
E62A H62A 210  29   261   388   3.2   5.5   4.5
E62A H63A 191  10   221   326   3.3   2.1   2.7
E62A H64A 174 354   221   331   3.7   3.6   3.7
E62A H65A 155 336   236   329   5.6  11.6   9.1
E62A  HAL 113 298   512   377   2.4   7.4   9.0
E62A HANN 110 292   228   386   6.9   7.7   7.7
E62A HOLY  91 274   235   315   5.2   3.1   4.8
E62A I57A 240  56   566   319  11.1   2.9   7.2
E62A I60A 225  42   427   353   3.0   7.9  11.6
E62A I62A 206  24   337   388   3.3   8.2   8.2
E62A I63A 197  16   297   388   5.2   2.9   4.0
E62A I64A 182   2   300   333   2.8   4.3   4.5
E62A  ICQ  27 208   364   387   3.1   7.1   6.1
E62A J59A 230  46   526   388   8.9   9.1  11.6
E62A J62A 206  25   418   342   7.0  10.8   9.6
E62A J63A 199  18   391   335  11.0   9.4  11.6
E62A JOSY 132 315   379   186  10.5   4.5   7.7
E62A K60A 219  36   564   241   2.9  13.2  10.7
E62A K62A 207  25   489   388   0.1   7.1   4.8
E62A L63A 198  17   554   343   8.8   7.0  10.9
E62A L65A 185   5   512   350   6.7   8.7   9.6
E62A LATQ 290 108   262   388   7.4   2.7   5.5
E62A  LMN 101 285   374   365   2.1   8.6   9.0
E62A LSQQ 299 113   620   388   8.0   2.4   5.2
E62A M66A 185   5   598   352  10.3   2.6   9.4
E62A N62A 208  25   707   387   4.1   5.7   4.7
E62A NATG  48 233   642   294   5.6   5.4   7.0
E62A PLVO 256  71   612   386   4.6   1.9   3.7
E62A QM16 142 323   199   297   3.3   7.9   9.0
E62A QM38 320 139   155   296   6.5   7.2   7.2
E62A QM50 322 140   256   237  16.3   7.4  13.8
E62A QM60 316 133   402   235   0.6   3.4   1.8
E62A QMM5   6 187   473   265   3.8   2.5   4.6
E62A SHEY 103 288   608   320   5.2   1.6   3.8
E62A SUSY 106 289   331   316   3.2   4.5   8.0
E62A VLDQ 289 103   645   285   8.5   3.1   4.9
E62A  WES 198  16   492   388   7.5   7.3   8.3
E62A WODY 112 296   413   314   5.4   8.1   7.8
E64A EDEY 102 286   441   342   7.2  10.4   9.0
E64A EMMW 171 351   192   344   5.7   6.9   6.9
E64A F57A 265  80   535   284   5.9   5.7   8.5
E64A F60A 263  80   322   299   5.7   4.6   4.9
E64A F61A 260  77   249   312   2.8   6.0   4.1
E64A F62A 251  70   175   341   5.4   3.5   4.2
E64A F64A 213  33    74   345   4.1   7.3   5.8
E64A G61A 248  65   314   308   3.6   4.4   5.1
E64A G62A 239  57   249   348   4.6   8.6   6.4
E64A G63A 225  43   201   345   1.6   0.9   1.2
E64A  GBN 101 285   503   350   0.5   7.5   6.6
E64A  GGN 152 332   164   343   4.4   6.1   5.5
E64A H62A 233  51   331   349   2.6   6.3   7.1
E64A H63A 222  41   260   347   3.1  10.4   7.2
E64A H64A 209  28   225   350   4.4   3.6   4.0
E64A H65A 190  10   194   350   2.0   1.5   1.7
E64A  HAL 119 302   386   342   1.3   6.7   7.3
E64A HANN 126 306   101   348   2.5   5.9   4.5
E64A HOLY  83 264   105   332   4.2   4.8   4.4
E64A I60A 238  54   516   348   8.5   3.3  10.8
E64A I62A 226  43   395   350   1.1   9.2  11.6
E64A I63A 220  38   340   341   2.4   9.4   6.6
E64A I64A 208  26   312   342   8.8   7.2  11.2
E64A  ICQ   7 187   348   349   9.7   7.7  11.1
E64A J59A 240  56   620   350   5.1   6.1   7.3
E64A J62A 223  40   474   350   4.9   9.5   8.8
E64A J63A 218  35   433   343   7.2   6.1   8.8
E64A JOSY 149 330   279   206   1.6  12.6   7.7
E64A K60A 231  47   640   264   6.6   9.9   9.0
E64A L63A 212  30   590   350   6.5   4.8   6.9
E64A L65A 201  19   519   341   5.5   5.9   6.5
E64A LATQ 288 104   392   350   7.7   2.4   8.8
E64A  LMN 104 286   242   327   7.4   7.0   8.9
E64A LSQQ 296 110   746   350   7.7   5.5   7.2
E64A M66A 199  17   602   340   1.4   3.1   2.3
E64A MALY 100 283   353   333   6.8   5.8   6.1
E64A N62A 219  35   760   333   1.2   4.5   7.9
E64A NATG  39 223   568   265   9.9   1.6   9.3
E64A PLVO 261  75   735   348   4.8   4.7   6.0
E64A QM16 184   4   135   299   2.5   8.5   5.7
E64A QM38 302 120   269   319   6.2   8.7   9.6
E64A QM50 309 126   364   239  16.3   3.7  12.8
E64A QMM5 352 171   497   288   9.4   8.1   9.9
E64A SHEY 105 290   476   335   3.4   5.0   6.4
E64A SUSY 112 294   201   332   1.5   4.3   2.9
E64A VLDQ 288 101   776   308   2.0   5.1   8.0
E64A WODY 120 302   287   328   5.3   8.0  10.2
EDEY EMMW 260  77   413   336   5.5   3.7   4.9
EDEY F57A 277  88   965   283   6.3   4.0   6.3
EDEY F60A 278  91   752   298  12.1   7.9  10.1
EDEY F64A 278  94   472   338   6.9   2.5   4.5
EDEY G57A 272  83   994   294   4.0   4.8   4.6
EDEY G61A 272  85   721   308   4.1   4.0   5.6
EDEY G63A 269  84   574   339   3.0   3.3   6.5
EDEY  GBN  93 274    63   342   5.4   6.3   5.9
EDEY H61A 266  79   764   340   5.4   3.8   4.2
EDEY H62A 265  79   703   342   6.7   3.5   6.6
EDEY H63A 265  79   614   341   9.4   1.3   3.3
EDEY H65A 262  78   474   342   1.4   3.2   2.0
EDEY  HAL 229  48   134   334   3.4   2.8   3.1
EDEY HANN 280  96   350   341  12.2   4.0   9.7
EDEY HOLY 292 109   343   332   3.4   5.9   8.7
EDEY I57A 266  76  1069   341   6.2   8.3   4.6
EDEY I60A 262  75   888   341   0.3   4.6   3.0
EDEY I62A 260  73   736   342   1.2   2.8   1.7
EDEY I63A 260  74   672   334   6.6   1.0   0.6
EDEY  ICQ 322 139   587   341  13.2   3.4  13.1
EDEY J59A 262  73   993   342   2.3   2.6   0.9
EDEY J63A 254  68   738   335   6.3   1.9   4.1
EDEY K62A 252  65   852   342   3.8   2.7   6.0
EDEY  LMN 284 102   199   319   6.0   2.1   4.4
EDEY LSQQ 295 104  1178   342   1.0   6.8   3.0
EDEY M66A 236  51   785   333   3.7   1.8   5.2
EDEY MALY 296 116    90   333   8.1   2.6   6.1
EDEY NATG 356 176   540   264  13.6   2.4  10.7
EDEY PLVO 273  83  1158   340   4.8   0.8   3.3
EDEY QM50 298 111   784   239   4.2   5.9   7.0
EDEY QMM5 324 139   770   287   7.2   4.7   9.0
EDEY SHEY 143 323    43   335   4.5   5.9   5.5
EDEY SUSY 278  96   245   332   6.9   8.0   7.6
EDEY VLDQ 290  99  1215   307   2.5   4.8   1.1
EDEY  WES 248  62   798   342   6.6   4.1   7.3
EDEY WODY 259  77   188   328   4.7   3.3   3.9
EMMW F57A 285 100   581   316   8.9   6.7  10.1
EMMW F60A 293 110   379   335   6.8   5.4   7.2
EMMW F61A 298 116   311   350  12.9   5.8  14.5
EMMW F62A 305 123   237   391  12.9   3.4   9.7
EMMW F64A 332 151   146   395   6.8   4.7   5.9
EMMW G57A 277  92   596   337   8.1   3.9   8.4
EMMW G59A 277  93   454   296   6.1   2.2   2.3
EMMW G61A 283 100   327   302   5.1   4.9   8.3
EMMW G62A 284 102   249   398   3.3   7.0   5.9
EMMW G63A 286 104   177   339   4.4   4.2   4.0
EMMW  GBN  78 263   475   448   0.6   0.3   1.5
EMMW  GGN  47 227    67   403   5.6   4.4   5.1
EMMW H61A 268  85   355   336   5.1   1.6   3.5
EMMW H62A 268  86   294   399   5.2   7.2   8.7
EMMW H63A 269  88   204   341   4.7   3.5   4.2
EMMW H64A 268  86   140   348   3.6   3.8   3.8
EMMW H65A 269  89    63   348   6.3   4.3   5.5
EMMW  HAL  90 273   307   437   4.4   3.2   3.7
EMMW HANN  22 203   141   446   4.2   2.9   3.5
EMMW HOLY  21 201   216   326   8.8  10.9  11.9
EMMW I62A 255  72   323   411   6.0  11.2  10.9
EMMW I63A 255  73   259   391   4.8   8.1   5.8
EMMW I64A 244  63   195   342   4.0   2.9   3.3
EMMW  ICQ   1 182   535   447   2.0   6.1   4.9
EMMW J59A 259  74   581   422   5.1   4.9   6.5
EMMW J62A 246  63   386   370   8.0   4.9   6.5
EMMW J63A 243  60   331   362   8.0   7.2   9.0
EMMW JOSY 113 294   125   200   4.8   5.7   5.8
EMMW K62A 241  58   447   409   8.2   1.8   6.0
EMMW L63A 228  45   462   367   1.1   7.5   4.3
EMMW LATQ 308 124   508   448   9.9   3.6  11.8
EMMW  LMN  58 239   244   424   6.5   3.7   5.7
EMMW LSQQ 307 120   871   448   4.5   3.9   5.0
EMMW M66A 211  29   441   359   6.9   4.4   7.7
EMMW MALY  68 251   344   327   4.3   4.1   6.0
EMMW N62A 232  48   646   383  11.9   7.4   9.9
EMMW NATG  28 211   712   345   6.3   8.8  10.1
EMMW PLVO 276  89   760   446   5.6   3.6   9.3
EMMW QM16 325 145    68   293  10.5   1.9   5.2
EMMW QM38 323 140   421   361  10.5   3.2   9.0
EMMW QM50 323 140   522   239  15.7   7.4  12.6
EMMW QM60 320 136   668   267   4.1   5.3   5.1
EMMW QMM5 352 171   690   330  10.9   6.1   9.9
EMMW SUSY  54 236   195   326   4.0   2.4   3.5
EMMW VLDQ 300 112   880   350   7.4  11.8  11.1
EMMW  WES 232  49   405   448   6.3   3.8   6.8
EMMW WODY  78 260   225   322   8.8   3.3   7.3
F57A F60A  84 266   213   322   5.0   5.9   6.4
F57A F61A  85 268   288   322   5.4   5.9   5.8
F57A F64A  87 272   493   279   2.9   4.1   1.2
F57A G57A 196  16    82   322   5.9   6.3   6.2
F57A G59A 124 305   144   285   3.3   4.2   4.3
F57A G61A 102 285   254   277   7.7   6.0   6.5
F57A G62A 100 283   332   282   3.2   7.1   5.9
F57A G63A  99 283   404   280   4.5   9.4   9.6
F57A  GGN  94 280   619   321   3.9   8.6  11.6
F57A H61A 122 304   260   281   4.8   7.3   7.3
F57A H62A 115 298   310   283   2.9  12.0  12.7
F57A H63A 108 291   387   282   8.5   7.1   8.1
F57A H64A 105 289   449   284   2.7   5.9   6.8
F57A H65A 101 286   521   286   1.3   7.0   7.5
F57A HANN  86 272   615   321   3.7   6.3   6.5
F57A I57A 200  20   222   307   5.3   9.6   8.3
F57A I60A 153 334   245   282   8.3  14.5  14.2
F57A I62A 128 310   342   295   7.4  13.3  13.1
F57A I63A 120 303   379   275   4.2  15.5  11.7
F57A I64A 116 300   452   276   7.0   7.8   7.8
F57A J59A 177 357   261   306  11.0  11.8  18.8
F57A J62A 140 322   367   295  11.6  15.3  14.8
F57A J63A 133 316   402   287   7.3  12.1  11.9
F57A K60A 169 350   361   269   8.9   9.5  11.6
F57A K62A 150 332   401   293   8.7  14.0  16.6
F57A L63A 149 332   504   291   9.9  12.9  16.8
F57A L65A 137 320   562   275   5.9  10.4   8.1
F57A LATQ  39 221   228   322   7.0   7.0   6.9
F57A LSQQ 335 154   400   322  11.3  10.2  16.3
F57A MALY  86 274   881   281   2.7   3.5   4.5
F57A N62A 169 350   551   267  11.5  10.6  13.0
F57A PLVO 246  64   205   320   4.5   4.2   3.9
F57A QM38  53 236   359   322   5.2   6.1   6.4
F57A QM50  37 220   369   210  11.9   6.1  11.1
F57A QMM5  36 220   710   322   5.1  11.6  15.7
F57A SHEY  90 279   995   276   3.1   4.9   4.4
F57A SUSY  88 274   720   277   4.5   4.1   7.2
F57A VLDQ 320 137   352   322  12.8   5.5   8.6
F57A  WES 143 326   467   322   8.6  11.8  14.2
F60A F61A  89 270    74   341   4.6   6.9   6.0
F60A F62A  92 274   154   290   3.7   4.3   4.1
F60A F64A  91 274   280   294   8.0   7.4   8.5
F60A G57A 249  67   256   337   8.9   9.5  10.5
F60A G61A 156 337    83   292   5.5   8.3   7.1
F60A G62A 126 307   139   297   5.3   8.2   6.9
F60A G63A 117 298   205   295   3.8   5.6   5.5
F60A  GBN  91 278   815   341   2.6   3.2   5.4
F60A  GGN 101 285   410   340   4.2   9.1   8.4
F60A H61A 179 359   161   296   4.6   8.7   6.6
F60A H62A 158 338   167   298   6.2   8.8   8.1
F60A H63A 133 315   209   297  11.1  13.3  12.6
F60A H64A 124 306   260   299   4.6   4.4   5.4
F60A H65A 115 297   323   301   3.2   5.9   6.5
F60A  HAL 100 286   672   333   4.1   0.5   0.5
F60A HANN  90 273   402   340   2.7   5.3   6.4
F60A HOLY  80 264   428   293   2.4   7.9   6.7
F60A I57A 234  51   370   322   6.5   2.0   4.6
F60A I60A 205  24   259   297   9.8   9.0  10.2
F60A I62A 168 348   238   310   6.9  10.4  10.0
F60A I63A 153 334   239   290   7.2  14.0  12.3
F60A I64A 140 322   292   291   6.1  15.9  12.5
F60A  ICQ  40 223   528   340   8.7   7.3   7.8
F60A J59A 217  35   344   321   5.2  10.4   9.4
F60A J62A 178 358   305   310   6.8   9.5   9.5
F60A J63A 167 347   307   302   9.1   9.3   9.4
F60A JOSY 110 294   504   164   2.8   1.9   5.0
F60A K60A 203  22   403   269   6.2  10.6  10.2
F60A K62A 184   3   368   308   8.3   4.3   9.1
F60A L63A 176 357   457   306   7.1   8.6   8.7
F60A L65A 160 341   463   290   7.8  11.8  14.3
F60A LATQ 338 158   170   341  12.4   3.7   8.9
F60A M66A 164 345   543   289   4.3   8.3   7.4
F60A MALY  89 275   667   296   0.4   5.8   3.4
F60A N62A 193  12   573   282   4.2   8.7   8.2
F60A NATG  51 238   832   300   9.6   5.4   7.3
F60A QM16 104 287   323   274   9.3   2.3   5.3
F60A QM38  23 204   207   341   8.1   7.8   8.3
F60A QM50   5 185   272   225  14.0  14.7  15.6
F60A QM60 344 163   371   249   2.4   4.9   1.5
F60A QMM5  22 204   590   330  10.8   2.9   7.6
F60A SHEY  93 280   783   291   3.7   3.4   3.4
F60A SUSY  91 275   507   292   0.0   8.4   3.2
F60A VLDQ 301 117   505   341   6.7   2.8   4.0
F60A  WES 173 353   401   341  10.2  13.8  12.7
F61A F62A  96 277    80   303   6.3   7.3   6.9
F61A F64A  92 274   205   307   4.6   4.3   4.3
F61A G57A 254  71   327   339   6.3   3.2   6.0
F61A G59A 241  59   198   302   2.8   3.4   3.5
F61A G61A 209  28    87   305   5.8   8.4   7.1
F61A G62A 157 337    91   310   4.6   7.5   6.6
F61A G63A 131 312   144   308   4.4   7.3   5.9
F61A  GGN 105 288   338   355   0.9   3.9   2.5
F61A H61A 205  24   177   309   4.7   4.8   5.3
F61A H62A 185   5   156   311   6.6   7.1   7.1
F61A H63A 152 333   164   310   5.0   8.4   6.9
F61A H64A 136 317   203   312   9.6   9.4   9.4
F61A H65A 122 304   258   314   6.6   8.9  10.8
F61A  HAL 102 287   599   348   0.8   3.8   1.4
F61A HANN  90 273   328   355   4.1   3.0   5.1
F61A I57A 240  57   432   335   6.4   3.4   5.5
F61A I60A 218  37   298   310   2.7   6.3   5.0
F61A I62A 187   7   235   323   6.1  10.1   8.4
F61A I63A 171 352   216   303   5.4   8.0   7.4
F61A I64A 154 335   252   304   9.2  11.2  12.0
F61A  ICQ  34 217   483   355   7.5   2.3   7.3
F61A J59A 226  44   394   334   3.7   8.0   6.5
F61A J62A 192  12   312   323   9.9   5.7   8.9
F61A JOSY 114 298   435   177   6.9   1.7   3.5
F61A K60A 213  31   439   269   4.2   9.8   8.2
F61A K62A 196  15   381   321  12.9   2.6   6.8
F61A L63A 186   6   459   319   6.3  18.5  10.6
F61A L65A 170 351   445   303   6.9  10.5   9.0
F61A LATQ 319 138   208   356   9.6   5.6  11.1
F61A  LMN  89 274   480   332   2.5   1.5   6.5
F61A M66A 172 353   528   302  10.5   5.3   8.3
F61A N62A 201  19   595   295   8.4   6.8   7.8
F61A NATG  49 235   774   300   4.9   3.8   5.8
F61A QM16 109 291   252   287   1.1   2.8   2.4
F61A QM38   3 183   189   356   5.0  10.4   7.1
F61A QM50 350 169   275   238  15.3  17.7  17.8
F61A QMM5  16 198   565   332   7.9   7.0   9.7
F61A SHEY  94 281   709   304   0.7   3.4   6.2
F61A SUSY  92 276   433   305   4.4   5.5   6.9
F61A VLDQ 298 113   569   352   4.0   8.6   7.1
F61A  WES 184   4   400   356   7.2   7.6   8.1
F61A WODY  99 283   504   303   6.7   7.8   7.8
F62A F64A  91 272   126   402   2.8   2.2   2.6
F62A G57A 259  76   402   286   1.9   0.4   3.8
F62A G61A 241  60   140   306   3.0   4.1   3.5
F62A G62A 211  30    87   402   4.3   4.5   4.4
F62A G63A 163 343    91   340   4.7   7.4   6.4
F62A  GBN  92 278   661   402   0.6   0.6   1.6
F62A  GGN 108 291   259   352   4.7   9.3   9.1
F62A H61A 226  45   217   336   0.7   3.7   2.6
F62A H62A 213  32   174   402   1.4   1.6   1.5
F62A H63A 182   2   137   340   2.0   3.6   2.7
F62A H64A 157 338   151   345   1.5   2.3   2.5
F62A H65A 134 315   190   343   2.8   5.6   4.1
F62A  HAL 103 288   519   391  12.2   4.3   9.2
F62A HANN  89 272   248   400   5.0   5.5   5.4
F62A HOLY  74 257   279   329   2.6   1.0   2.4
F62A I57A 246  62   499   333   3.5   0.6   8.4
F62A I60A 230  48   348   367  11.5   9.9  11.8
F62A I62A 206  25   249   402   6.4   6.2   6.4
F62A I63A 194  13   211   402   2.9   2.5   2.6
F62A I64A 173 353   221   347   2.9   1.9   2.3
F62A  ICQ  26 208   451   401   1.5   7.6   3.7
F62A J59A 235  52   450   402   5.7   5.1   7.4
F62A J62A 207  26   331   356   4.5   9.9  10.4
F62A J63A 197  16   304   349   7.9   5.6   6.9
F62A JOSY 119 302   360   199   4.1   1.9   1.5
F62A K62A 208  26   402   402   6.9   6.7   7.9
F62A L63A 197  16   467   357   5.4  11.9   9.5
F62A L65A 181   1   430   364   5.7   2.8   4.2
F62A LATQ 308 126   272   402   6.5   5.5   6.9
F62A  LMN  89 273   401   379   1.5   2.9   2.6
F62A M66A 182   1   515   365   7.3   7.7   9.7
F62A MALY  89 274   514   327   0.6   2.4   0.7
F62A N62A 208  26   620   394   5.7   4.6   7.3
F62A NATG  45 230   722   308   2.8   6.1   5.9
F62A PLVO 263  78   564   400   5.0   3.9   8.4
F62A QM16 115 297   175   299   3.1   6.8   6.3
F62A QM38 341 161   209   310   8.4   7.5   8.4
F62A QM50 336 155   307   239  15.8   6.9  12.1
F62A QMM5   9 189   557   279   6.1   7.7  11.3
F62A SHEY  95 281   629   334   7.9   1.6   7.0
F62A SUSY  92 275   353   330   4.3   1.9   4.2
F62A VLDQ 296 110   644   299   5.0   1.1   4.7
F62A  WES 196  15   405   402   8.1   8.1  12.2
F62A WODY 100 284   424   328   9.3  11.6  15.5
F64A G57A 263  78   525   290   3.0   3.5   5.8
F64A G59A 259  75   388   296   0.1   6.0   1.6
F64A G61A 257  74   256   308   6.9   8.0   7.4
F64A G62A 248  66   185   406   1.8   1.9   1.7
F64A G63A 230  50   129   344   3.4   2.9   3.1
F64A  GBN  93 278   535   406   7.8   6.2   7.5
F64A  GGN 125 306   144   356   4.2   4.9   4.6
F64A H61A 243  61   318   340   2.3   3.1   2.6
F64A H62A 238  56   263   406   3.4   3.8   4.1
F64A H63A 225  44   188   344   1.2   1.5   1.3
F64A H64A 207  26   152   349   0.4   2.0   1.4
F64A H65A 176 356   130   347   3.2   5.2   4.3
F64A  HAL 108 292   398   395   3.6   5.7   5.1
F64A HANN  88 270   123   404   3.2   4.4   4.0
F64A HOLY  62 244   163   332   4.8   4.0   4.2
F64A I57A 252  67   615   337   5.5   3.9   8.4
F64A I60A 242  58   450   371   8.4   4.4   7.0
F64A I63A 222  40   268   402   2.7   4.3   3.4
F64A I64A 206  25   239   348   4.0   2.8   3.9
F64A  ICQ  11 192   415   405   4.9   8.5   6.8
F64A J59A 244  59   556   406   5.3   6.3   8.6
F64A J62A 224  42   402   360   1.1   4.8   9.1
F64A J63A 218  36   360   353   2.7   7.6   8.4
F64A K60A 233  49   571   259   8.5   9.9  10.4
F64A K62A 222  40   472   406   5.9   8.1   8.6
F64A L63A 212  29   516   361   1.3  10.2   6.8
F64A L65A 198  17   447   364   5.4   8.7   7.2
F64A LATQ 298 115   379   406   7.0   2.8   6.5
F64A  LMN  89 271   275   383   5.9   5.4   7.5
F64A LSQQ 302 115   741   406   5.7   5.1   6.4
F64A M66A 196  15   531   365   7.4   3.9   7.6
F64A N62A 219  35   687   394   2.4   6.1   3.8
F64A NATG  38 222   642   312  10.2   3.1   6.7
F64A PLVO 265  79   688   404   3.8   1.1   2.9
F64A QM16 157 337    79   299   3.0   8.5   6.5
F64A QM38 317 136   278   314   7.2   3.1   5.8
F64A QM50 320 137   378   239  16.5   7.9  16.4
F64A QM60 316 133   525   237   2.8   2.4   0.7
F64A QMM5 357 176   555   283   5.3   7.6   8.2
F64A SHEY  97 282   504   335   6.1   9.3  11.5
F64A SUSY  93 275   227   332   4.6   3.9   4.2
F64A VLDQ 293 106   760   303   7.8   0.6   3.4
F64A  WES 213  31   454   406   4.2   1.8   3.5
F64A WODY 105 288   300   328   2.7   6.9   8.7
G57A G59A  90 272   142   296   3.7   4.0   4.0
G57A G61A  85 267   272   288   2.4   3.1   3.4
G57A G62A  86 269   350   293   4.8   5.8   5.5
G57A G63A  88 272   422   291   0.4   2.6   2.9
G57A  GGN  87 273   641   342   0.0   6.8   6.3
G57A H61A 104 286   250   292   7.2   9.1   9.1
G57A H62A 100 282   308   294   3.3   6.5   6.2
G57A H63A  95 279   394   293   2.2   7.6   7.1
G57A H64A  94 278   458   295   1.5   8.7   7.8
G57A H65A  92 277   534   297   4.6   8.4   7.8
G57A HOLY  74 260   681   289   4.8   2.2   4.7
G57A I57A 203  22   140   318   3.8   3.5   3.8
G57A I60A 135 317   194   293   5.7  10.1   8.0
G57A I62A 114 296   321   306   3.9   5.7   7.7
G57A I63A 107 290   369   286   2.9  11.5   9.8
G57A I64A 105 289   445   287   6.3  10.6   8.7
G57A  ICQ  47 233   762   342   2.0   5.6   2.8
G57A J59A 168 348   186   317   7.2   9.9   8.9
G57A J62A 128 311   328   306   5.9  11.5  11.3
G57A J63A 122 304   372   298   0.0   8.9   6.7
G57A JOSY  94 281   717   160   6.7   8.4   9.5
G57A K60A 162 343   290   269  14.2  11.2  16.2
G57A K62A 140 322   350   304   1.7  13.5  17.0
G57A L63A 142 324   452   302  10.2  13.0  12.6
G57A L65A 129 312   525   286   3.3  15.6  11.3
G57A LATQ  33 215   305   343  10.9   6.9  10.1
G57A  LMN  80 268   800   319   3.7   6.3   3.4
G57A LSQQ 342 160   465   343   9.0  12.3  17.2
G57A M66A 136 319   581   285   6.4   8.2   9.9
G57A MALY  81 269   912   292   1.4   4.0   2.4
G57A N62A 165 346   480   278  10.5   8.7  13.3
G57A NATG  53 242  1078   304   3.6  10.8  12.5
G57A PLVO 268  87   165   341   1.6   5.0   3.1
G57A QM16  86 271   553   270   6.7   6.2   9.1
G57A QM38  47 230   427   343  10.5   3.0   9.0
G57A QM50  33 216   446   221   7.2   4.7  10.1
G57A QMM5  34 218   787   336  10.3   4.1   8.3
G57A SUSY  81 268   751   288   1.9   3.0   4.5
G57A VLDQ 329 147   403   343  11.3   7.6  14.5
G57A  WES 134 317   422   343   2.9  11.0   8.8
G57A WODY  86 274   812   286   0.9   4.2   2.7
G59A G61A  80 261   132   294   2.0   3.8   2.9
G59A G62A  85 267   209   299   5.9   5.3   6.2
G59A  GBN  84 272   916   302   5.2  10.5  10.6
G59A H61A 122 302   117   298   1.4   5.2   3.4
G59A H62A 109 290   170   300   5.2   3.9   5.1
G59A H63A 100 282   253   299   5.5   4.3   6.7
G59A H65A  95 278   392   302   0.9   0.6   2.9
G59A  HAL  90 277   759   294   0.3   7.5   3.5
G59A I57A 238  56   234   302   3.1   6.2   7.8
G59A I60A 184   4   138   299   3.2  16.2   6.4
G59A I62A 132 313   199   302   6.1   5.4   4.7
G59A I63A 118 300   236   292   3.6   5.8   4.9
G59A  ICQ  40 224   666   301   0.1   5.1   7.0
G59A J59A 211  30   208   302   8.9   3.6   5.3
G59A J62A 152 332   233   302   8.8  10.3  13.9
G59A J63A 139 321   261   295   2.2   6.6   5.1
G59A K60A 192  11   280   265   1.8   8.9   4.9
G59A K62A 164 345   279   302   9.1   9.3  13.9
G59A L63A 160 341   379   302   4.8  12.8   9.7
G59A L65A 142 324   423   292   2.5   3.4   4.8
G59A  LMN  80 266   660   279   2.2   0.8   5.0
G59A LSQQ 328 145   528   302   7.2   5.3   8.2
G59A M66A 149 331   491   291   3.5   1.1   3.2
G59A MALY  81 268   772   298   4.3   1.9   1.9
G59A N62A 183   3   462   284   4.1   9.3   7.1
G59A NATG  50 237   969   266  11.0   4.5   7.2
G59A QM16  86 270   411   276   2.6   5.4   4.3
G59A QM38  31 213   339   302   7.0   2.9   5.0
G59A VLDQ 316 133   492   302   4.7   5.6   6.2
G59A  WES 153 334   335   302   3.5   4.6   6.1
G59A WODY  87 273   670   292   9.5   5.6   6.9
G61A G62A  95 276    78   308   4.7   5.4   5.2
G61A G63A  96 278   151   308   6.0   4.6   5.2
G61A  GBN  85 273   784   308   8.5   3.2  11.0
G61A H61A 201  20    90   308   5.6   6.9   6.4
G61A H62A 159 340    84   308   6.3   7.6   7.3
G61A H63A 120 301   136   308   4.0   6.9   5.8
G61A H64A 111 292   195   308   5.9   6.4   6.1
G61A H65A 103 285   267   308   4.4   8.1   8.2
G61A HANN  78 262   377   307   0.4   5.0   1.9
G61A HOLY  69 252   416   308   4.7   3.1   4.8
G61A I57A 247  64   360   308   5.6   2.3   4.4
G61A I60A 222  41   213   308   4.5   5.8   5.0
G61A I62A 174 355   157   308   5.4   7.4   6.9
G61A I63A 151 332   156   306   4.4   5.5   4.9
G61A I64A 135 316   213   307   7.1   8.1   9.1
G61A J59A 231  49   312   308   7.6   7.5   7.8
G61A J62A 186   6   230   308   6.7   8.4  10.5
G61A J63A 171 351   225   301   9.8  12.7  11.7
G61A JOSY 103 286   451   175   5.6   5.9   5.8
G61A K60A 213  32   352   257   1.6   9.2  12.7
G61A K62A 191  11   296   308   7.6   8.7  10.2
G61A L63A 181   1   380   308   3.7  13.1   9.2
G61A L65A 161 342   380   306   6.1  14.8  10.8
G61A LATQ 338 157   253   308  11.5   7.8  11.3
G61A  LMN  81 265   528   285   7.3   8.2   3.2
G61A LSQQ 317 133   589   308   3.5   1.5   0.7
G61A M66A 165 346   461   305   9.2   9.2  12.6
G61A N62A 199  17   509   298   3.6  11.4   8.6
G61A NATG  46 233   857   258   6.4   4.1   4.8
G61A QM16  90 273   281   290   1.2   1.2   5.0
G61A QM38  11 191   271   308  12.6   5.8   8.9
G61A QM50 358 178   348   239   8.8   8.4  10.5
G61A QMM5  17 199   651   281   7.9   3.6   8.3
G61A SHEY  88 275   749   307   8.4   1.8   5.6
G61A SUSY  82 266   479   308   3.0   4.6   5.4
G61A  WES 177 357   322   308   6.6   9.6   8.3
G61A WODY  90 275   540   306   1.4   8.4   4.8
G62A G63A  99 279    73   345   5.7   5.8   5.9
G62A  GGN  91 274   290   359   6.4   3.2   7.2
G62A H61A 235  55   135   342   3.0   0.7   1.4
G62A H62A 215  34    87   409   4.4   4.2   4.3
G62A H63A 147 328    73   347   3.7   4.5   4.1
G62A H64A 121 302   122   352   2.3   6.4   4.1
G62A H65A 107 289   189   350   1.1   2.5   2.0
G62A  HAL  94 279   552   398  10.1   3.5   9.1
G62A HANN  75 257   303   407   2.8   5.1   4.2
G62A HOLY  64 247   348   332   7.4   8.5   9.1
G62A I57A 253  69   431   340   6.9   4.9   5.7
G62A I60A 236  54   267   374   5.6   6.3   6.5
G62A I62A 203  23   162   409   3.5   2.8   3.2
G62A I63A 182   2   130   402   3.0   3.5   3.2
G62A I64A 153 334   161   348   1.8   2.4   2.0
G62A  ICQ  26 208   538   408   5.5   0.8   5.1
G62A J59A 240  57   372   409   8.2   2.9  10.1
G62A J62A 205  24   244   363   4.8   8.1   6.4
G62A J63A 192  11   220   356   7.6   6.9   7.9
G62A JOSY 105 288   373   206  11.5   7.9  11.9
G62A K60A 224  42   395   262  11.4  11.5  12.9
G62A K62A 206  25   315   409   7.0  12.5  12.1
G62A L63A 194  13   383   364   9.6   9.2  10.6
G62A L65A 174 354   356   364   6.8   8.6   8.0
G62A LATQ 325 143   297   409   8.7   3.4   9.9
G62A LSQQ 313 129   649   409   8.7   3.8   6.9
G62A M66A 176 356   441   365   3.5   7.4   5.4
G62A MALY  81 266   564   333   1.6   3.5   8.4
G62A N62A 208  26   533   394   4.9   6.2   6.5
G62A NATG  43 229   807   315   2.6   2.7   2.0
G62A PLVO 270  85   515   407   3.6   5.4   4.8
G62A QM16  89 271   203   299   0.7   0.9   1.6
G62A QM38 355 175   274   317  10.4   2.3   9.4
G62A QM50 347 166   365   239  14.8  14.2  19.1
G62A QMM5  11 192   639   286   7.7   4.6   7.1
G62A SHEY  88 274   672   335   5.6   1.5   5.3
G62A VLDQ 303 118   643   306   7.2  12.9  14.3
G62A  WES 192  11   321   409   6.5   7.7   7.4
G62A WODY  90 274   462   328  10.0   1.6   5.8
G63A  GGN  89 271   218   339   7.4   7.6   7.8
G63A H61A 251  69   194   341   2.8   3.3   2.8
G63A H62A 244  63   136   345   1.7   4.7   2.5
G63A H63A 213  33    60   345   4.5   6.1   5.4
G63A H64A 149 329    61   345   4.0   5.6   5.0
G63A H65A 113 294   118   345   1.9   3.9   2.9
G63A  HAL  94 278   479   337   2.5   3.2   0.6
G63A HANN  68 250   239   343   5.5   5.9   7.7
G63A HOLY  56 239   291   332   7.0   3.8   5.8
G63A I57A 257  73   498   338  10.0   3.3   6.0
G63A I60A 246  63   325   345   3.8   4.1   4.4
G63A I62A 225  44   194   345   3.3   3.8   3.1
G63A I63A 213  33   141   340   2.9   4.2   3.4
G63A I64A 181   1   133   341   4.2   4.4   4.3
G63A  ICQ  19 201   521   344   6.1   2.2   3.4
G63A J59A 247  63   431   345   5.8   6.9   7.0
G63A J62A 221  39   274   345   5.0   5.8   6.0
G63A J63A 210  29   235   338   6.6  10.3   8.9
G63A JOSY 107 290   301   204   6.3   3.7   2.8
G63A K60A 233  50   441   260   7.0   5.4   7.8
G63A K62A 219  37   344   345   4.5   8.3   8.3
G63A L63A 205  23   395   345   6.3   7.5   7.4
G63A L65A 186   6   345   340   5.4   8.8   8.3
G63A LATQ 317 135   351   345  12.6   3.4  10.9
G63A M66A 186   5   430   339   5.0   4.7   5.5
G63A N62A 215  33   561   332   1.9   6.4   6.9
G63A NATG  39 224   769   261   3.2   1.9   7.7
G63A PLVO 272  87   587   343   1.9   4.7   1.2
G63A QM16  85 266   132   299   1.7   4.3   2.3
G63A QM38 342 161   300   315   8.7   8.5  15.2
G63A QM50 338 156   398   239  16.2   7.5  14.8
G63A QM60 329 147   531   237   2.2   4.8   4.8
G63A QMM5   5 186   640   284   8.4   1.8   7.2
G63A SHEY  87 273   600   335   1.7   7.1   9.9
G63A SUSY  77 260   334   332   6.5   1.8   5.4
G63A VLDQ 302 116   710   304   8.4   3.4   9.6
G63A  WES 205  24   333   345   1.7   9.1   6.0
G63A WODY  89 272   390   328   4.5   7.0   6.5
 GBN H64A 265  79   613   354   0.5   3.1   2.2
 GBN  HAL 243  62   185   448   3.8   3.5   3.6
 GBN HANN 279  95   413   457   0.9   2.2   5.2
 GBN HOLY 290 106   403   332   4.0   2.4   2.6
 GBN I57A 267  77  1132   365   1.1   2.4   0.9
 GBN I62A 261  74   797   422   4.6   4.0   3.6
 GBN I63A 261  75   734   402   1.1   1.2   3.5
 GBN J59A 263  74  1055   433   2.2   4.8   4.1
 GBN JOSY 252  69   378   206   6.0   4.7   6.7
 GBN K60A 257  68  1038   269   6.5   1.4   5.5
 GBN  LMN 282 100   262   435   9.0   2.9   8.0
 GBN M66A 240  54   837   365   3.3   5.2   6.1
 GBN MALY 287 106   150   333   5.8   2.7   3.7
 GBN NATG 350 169   551   356   6.5   8.8  10.6
 GBN PLVO 274  83  1221   457   2.2   6.8   8.8
 GBN QM16 270  85   505   299   5.3   4.9   2.7
 GBN QMM5 321 135   811   336   6.4   1.7   5.4
 GBN SHEY 231  50    48   335   4.2   7.4   6.7
 GBN SUSY 278  95   308   332   5.5   5.8   6.0
 GBN VLDQ 290  98  1275   356   3.2   2.6   0.5
 GBN WODY 263  81   250   328   2.5   5.2   2.7
 GGN H62A 261  78   346   360   5.2   3.1   6.6
 GGN H63A 260  78   257   341   4.4   3.9   4.0
 GGN H64A 255  73   195   343   4.7   2.2   3.3
 GGN H65A 248  67   120   345   2.9   5.5   4.0
 GGN  HAL 101 283   262   399   3.1   6.0   6.4
 GGN HANN   4 184    85   408   6.0   3.9   5.1
 GGN HOLY  10 191   159   331   5.9   5.4   5.7
 GGN I60A 257  72   532   341   3.4   2.6   3.8
 GGN I62A 250  67   383   372   4.7   5.4  10.4
 GGN I63A 250  67   320   352   5.4   4.2   8.4
 GGN I64A 240  58   259   335   6.0   7.9   7.7
 GGN  ICQ 356 176   491   408   6.4   7.2  14.1
 GGN J62A 244  60   450   354   4.4   2.8   4.5
 GGN J63A 240  57   395   346   5.4   4.0   7.5
 GGN JOSY 145 326   116   205   3.2   2.0   2.3
 GGN K62A 240  56   512   370   2.5   2.3   3.5
 GGN L63A 228  45   529   350   4.3   2.8   7.0
 GGN L65A 218  36   430   334   5.2   5.1   6.8
 GGN LATQ 301 117   522   409   5.6   3.7   9.8
 GGN  LMN  62 244   179   385   0.2   0.2   2.5
 GGN LSQQ 303 116   885   409  10.4   0.4   5.0
 GGN N62A 232  47   712   344   4.7   8.4   8.3
 GGN PLVO 273  86   805   407   2.7   4.6   5.8
 GGN QM16 277  96    88   298   2.8   7.5   3.6
 GGN QM38 314 131   419   366   8.5   6.4   8.1
 GGN QM50 317 133   519   238  21.4   3.6  14.5
 GGN QMM5 348 166   653   335   8.9   7.8   9.8
 GGN SHEY  88 271   382   334   2.5   5.9   7.3
 GGN SUSY  58 239   129   331   2.5   2.2   2.6
 GGN VLDQ 296 108   902   355   4.7  11.0  11.5
H61A H62A  85 265    62   342   3.6   5.7   5.0
H61A H63A  84 265   151   342   1.3   1.7   1.4
H61A H65A  85 268   293   342   4.5   3.2   3.7
H61A  HAL  86 272   662   334   6.8   5.9   6.3
H61A HOLY  61 244   481   332   1.7   5.7   2.6
H61A I57A 259  76   305   339   5.5   3.9   7.5
H61A I60A 236  55   133   342   4.4   1.7   2.6
H61A I62A 147 327    86   342   4.8   8.1   6.9
H61A I63A 116 297   120   336   2.0   4.9   3.4
H61A I64A 109 291   195   337   2.5   1.9   1.4
H61A  ICQ  31 214   659   341   6.1   2.9   5.7
H61A J59A 241  59   238   342   7.9   6.8   9.0
H61A J62A 176 356   144   342   3.4   5.2   4.3
H61A J63A 153 334   154   335   4.6   7.0   5.8
H61A JOSY  91 276   472   205   5.3   9.5   7.9
H61A K60A 217  36   265   261   2.1   8.6   5.9
H61A K62A 187   7   208   342   9.6   7.7  10.3
H61A L63A 175 355   297   342   6.2  14.2  12.0
H61A L65A 151 332   316   336   9.0   9.4  11.4
H61A LATQ 349 168   325   342   6.8   2.9   6.6
H61A LSQQ 324 141   634   342  11.6  11.3  11.7
H61A M66A 157 339   391   335   6.4  10.3   9.8
H61A MALY  75 261   688   333   0.8   5.4   5.2
H61A N62A 198  17   419   328   4.8   6.7   9.0
H61A NATG  44 230   939   262   4.1   4.1   1.0
H61A PLVO 280  96   411   340  11.5   7.4  14.8
H61A QM16  75 258   323   299   2.6   5.9   4.8
H61A QM38  13 194   360   316   5.7   5.3   5.4
H61A QM50   3 183   432   239  11.7   9.8  14.9
H61A QMM5  17 200   741   285   4.1   8.0   7.1
H61A SUSY  73 258   528   332   3.3   5.8   3.7
H61A VLDQ 314 130   606   305  11.1   0.6  15.3
H61A  WES 168 349   243   342   8.7  12.0  11.2
H61A WODY  81 266   578   328   4.5   3.3   5.1
H62A H63A  83 264    89   347   4.3   4.8   4.6
H62A H64A  87 268   154   353   2.8   2.8   4.1
H62A H65A  86 268   231   351   4.4   3.2   4.4
H62A  HAL  87 272   600   399   0.4   5.3   6.9
H62A HANN  66 249   374   408   2.2   5.9   3.9
H62A HOLY  58 241   426   332   6.1   4.1   5.5
H62A I57A 260  77   367   341   2.9   0.4   3.4
H62A I60A 245  64   189   374   4.1   2.9   3.3
H62A I62A 191  10    79   410   4.0   5.1   4.7
H62A I63A 142 322    74   402   3.2   4.7   4.0
H62A I64A 120 301   142   348   1.6   3.7   2.5
H62A  ICQ  27 210   624   409   3.7   1.1   1.8
H62A J59A 246  64   295   410   5.4   5.4   6.3
H62A J62A 200  19   159   364   3.4   3.1   3.3
H62A J63A 177 358   144   357   4.7   7.5   6.2
H62A JOSY  93 277   411   206   0.8   4.6   1.8
H62A K60A 226  44   310   263   8.2   9.1  12.6
H62A K62A 203  22   229   410  10.0   4.7   7.8
H62A L63A 187   7   303   365   6.1   9.8   9.4
H62A L65A 162 343   297   364   7.6   8.6  12.6
H62A LATQ 339 157   337   410  10.9   8.2  12.5
H62A LSQQ 320 136   667   410   8.6   1.5   5.7
H62A M66A 167 348   378   365   7.0   4.4   5.9
H62A MALY  75 260   628   333   3.7   2.3   2.7
H62A N62A 206  24   447   394   6.1  10.1   9.8
H62A NATG  42 228   893   316   1.8   3.5   5.3
H62A PLVO 278  94   471   408   9.3   3.6  11.6
H62A QM16  73 256   263   299   4.0   1.2   3.7
H62A QM38   4 184   345   318   7.8   6.3   8.4
H62A QM50 355 175   428   239  10.8   6.7  12.5
H62A QMM5  13 195   719   287   7.0   6.7  10.0
H62A SHEY  82 268   727   335   4.5   1.9   3.3
H62A VLDQ 311 126   647   307  10.2   1.8   7.8
H62A  WES 183   3   244   410   6.9   3.9   7.0
H63A H64A  92 272    65   347   1.6   6.9   3.5
H63A H65A  88 269   142   347   2.3   1.8   2.0
H63A HANN  61 243   290   345   4.7   4.3   5.0
H63A I57A 262  78   456   340   5.4   2.5   7.0
H63A I60A 252  70   275   347   5.0   6.8   5.9
H63A I62A 230  49   136   347   3.6   2.6   2.9
H63A I63A 213  32    81   340   4.3   4.4   4.4
H63A I64A 159 339    88   341   3.5   5.1   4.5
H63A  ICQ  20 202   580   346   3.8   0.3   3.3
H63A J59A 251  68   382   347   7.9   1.0   5.4
H63A J62A 222  41   214   347   5.4   4.3   4.9
H63A J63A 209  28   175   340   2.4   4.6   3.9
H63A K60A 235  53   385   262   7.2   8.9   8.4
H63A K62A 219  38   284   347   1.5   5.9   6.9
H63A L63A 203  22   336   347   7.5   8.8  11.2
H63A L65A 180   0   292   340   5.2  14.4  10.2
H63A LATQ 326 144   370   347  13.6   5.3   9.4
H63A  LMN  70 254   431   324   2.6  14.0   6.2
H63A M66A 181   1   378   339   6.0   5.4  10.2
H63A N62A 215  33   500   332   4.9   3.4   8.4
H63A NATG  38 224   829   263   5.6   4.5   1.9
H63A PLVO 277  92   558   345   4.7   1.9   8.1
H63A QM16  69 250   175   299   3.6   3.6   3.9
H63A QM38 350 169   341   317   9.8   4.7   7.6
H63A QM50 344 163   435   239  14.9   9.5  15.0
H63A QM60 335 152   560   237   6.5   1.2   2.6
H63A QMM5   7 188   694   286   7.8   5.0   7.7
H63A SHEY  82 268   638   335   2.9   6.9   5.0
H63A SUSY  70 254   380   332   1.3   2.2   2.1
H63A VLDQ 306 121   711   306  15.1   3.2  10.8
H63A  WES 203  22   273   347   5.4   6.6  11.7
H63A WODY  82 265   427   328   3.5   2.9   5.8
H64A H65A  85 266    77   352   5.3   6.9   6.6
H64A  HAL  88 272   447   346   2.7   0.5   4.4
H64A HANN  54 235   237   352  11.7   3.6   6.2
H64A HOLY  45 227   300   332   7.3   5.7   8.1
H64A I57A 264  79   520   342   4.0   3.1   1.1
H64A I60A 256  73   337   352   0.4   2.5   0.5
H64A I62A 244  63   189   354   3.2   3.5   3.3
H64A I63A 239  58   127   345   2.9   1.6   2.2
H64A I64A 203  22    87   346   3.6   2.6   4.4
H64A  ICQ  15 196   562   353   7.7   3.5   8.4
H64A J59A 255  71   443   354   4.0   4.3   4.9
H64A J62A 234  52   261   354   6.3   5.6   6.2
H64A J63A 225  44   212   347   5.2   4.1   5.4
H64A JOSY  98 280   259   206   5.2   4.7   4.3
H64A K60A 241  58   439   264   6.4   4.1   7.2
H64A K62A 229  47   328   354   2.9   9.3   6.6
H64A L63A 213  31   365   354   3.7  10.0   7.4
H64A L65A 193  13   298   345   8.8   8.9  14.9
H64A LATQ 319 137   411   354   9.6   4.5   9.6
H64A LSQQ 312 127   768   354   7.8   5.2  10.3
H64A M66A 192  11   383   344   3.9   6.4   5.9
H64A MALY  72 257   478   333   0.8   4.3   3.1
H64A N62A 222  39   539   337   4.4   6.8   7.8
H64A PLVO 277  91   622   352   3.3   5.9   4.7
H64A QM16  57 238   118   299   2.7   3.0   2.6
H64A QM38 340 159   360   319  11.5   9.5  11.6
H64A QM50 337 155   459   239  10.6  11.1  15.8
H64A QM60 330 147   593   237   2.1   4.1   0.4
H64A QMM5   2 183   690   288   7.4   8.6  10.4
H64A SHEY  82 267   574   335   1.8   8.9   4.1
H64A SUSY  67 249   321   332   0.4   3.8   3.0
H64A VLDQ 304 118   765   308   4.1  12.5  12.2
H64A  WES 215  33   303   354   6.4   7.7   7.9
H64A WODY  80 264   364   328   4.5   1.4   4.9
H65A HANN  41 222   176   352   3.2   4.3   3.7
H65A HOLY  34 215   246   332   6.3   5.7   6.7
H65A I62A 251  69   263   354   5.2   5.5   6.1
H65A I63A 250  68   199   343   1.8   1.9   1.8
H65A I64A 233  52   140   344   1.7   1.9   1.9
H65A J59A 257  73   519   354   3.6   2.0   2.0
H65A J62A 242  59   329   354   7.2  10.0   9.7
H65A J63A 236  54   276   347   5.0   1.6   3.0
H65A JOSY 104 286   184   206   4.7   5.6   4.5
H65A K60A 245  61   510   266   6.3   4.2   6.2
H65A K62A 236  54   393   354   2.9   1.6   9.3
H65A L63A 222  40   417   354   6.6   8.2   9.4
H65A L65A 207  26   330   343  12.4  10.2  11.5
H65A LATQ 312 129   461   354  11.5   0.5   5.4
H65A M66A 203  21   412   342   5.0   8.5   8.7
H65A QM16  22 202    62   299   6.5   4.3   5.6
H65A QM38 330 148   387   321   7.9   6.9   9.1
H65A QM50 329 146   489   239  16.1   3.6  11.1
H65A QMM5 357 176   685   290   7.6   8.3  12.6
H65A SHEY  82 267   497   335   0.3   0.8   1.8
H65A SUSY  62 244   249   332   8.8   4.3   7.0
H65A VLDQ 301 114   827   310   4.4   7.0   8.5
H65A  WES 225  43   357   354   1.4   4.9   6.3
H65A WODY  80 262   287   328   1.3   0.7   0.4
 HAL HANN 300 118   285   447   9.6   1.7   7.3
 HAL HOLY 314 132   307   324   7.3   5.2   7.3
 HAL I57A 270  81   966   357   5.2   4.0   6.7
 HAL I60A 267  80   779   366   1.0   7.3   4.9
 HAL I62A 265  80   624   411   3.9   3.4   3.2
 HAL I63A 266  81   561   391   4.0   4.3   9.6
 HAL  ICQ 334 151   611   447   5.4   2.8   4.0
 HAL J63A 259  73   619   360   4.5   5.2   8.0
 HAL JOSY 259  77   197   198   7.4  11.0  11.8
 HAL L65A 243  59   599   356   1.0   5.1   4.4
 HAL  LMN 325 144   165   425   5.8   1.2   3.0
 HAL M66A 237  53   652   357   8.4   8.5   9.1
 HAL MALY   8 188   130   325   6.9   3.7   5.3
 HAL N62A 246  60   906   383   4.1   4.8   3.7
 HAL NATG   5 186   631   347   7.9   6.7   6.9
 HAL PLVO 277  88  1066   446   8.6   5.0   6.8
 HAL QM16 282  99   350   291   4.3   3.5   3.3
 HAL QM38 304 118   654   359   0.4   0.1   0.5
 HAL QM50 307 121   747   231  10.3   1.6  10.3
 HAL QMM5 332 149   792   330  10.3   1.1   8.8
 HAL SHEY  66 247   138   327   2.9   3.7   3.1
 HAL SUSY 310 129   188   324  10.6   2.0  10.1
 HAL VLDQ 295 105  1156   348   6.7   2.5   6.1
 HAL WODY 302 121    99   320   7.1   2.8   5.2
HANN HOLY  18 198    75   331   7.7   4.7   6.8
HANN I60A 249  64   563   372   4.4   4.1   3.6
HANN I62A 240  57   424   420   0.3   6.4   3.4
HANN I63A 237  55   363   400   6.5   4.1   8.6
HANN I64A 227  45   314   346   4.2  13.4   7.8
HANN  ICQ 355 174   407   456   6.4   9.1   8.7
HANN J59A 249  64   669   431   7.2   1.3   9.3
HANN J62A 235  52   498   374  10.1   2.6   6.2
HANN J63A 231  48   448   366   2.3   3.9   7.8
HANN JOSY 161 342   189   205   7.3   8.5   9.8
HANN K60A 240  55   674   268   8.0  12.4  13.5
HANN K62A 233  49   564   418   2.8  12.1   8.7
HANN L63A 223  39   592   371   1.5   5.0   4.2
HANN L65A 213  31   503   362   7.4  11.1  10.3
HANN  LMN  90 272   152   433   2.7   3.1   3.0
HANN LSQQ 298 111   846   457  10.9   7.9   6.7
HANN M66A 209  27   581   363   5.0   2.2   3.4
HANN MALY  91 273   265   332   1.8   1.9   1.8
HANN NATG  30 213   572   355   1.5   1.3   2.1
HANN QM16 231  51   119   298   2.7   8.0   5.5
HANN QM50 309 125   465   238  14.9   5.8  14.8
HANN QMM5 345 164   572   335  12.9   7.9  12.3
HANN SHEY 101 284   383   334   5.0   7.1  10.0
HANN SUSY 100 280   105   331   3.5   5.6   4.8
HANN VLDQ 291 103   873   355   4.7   3.0   7.3
HANN  WES 225  42   533   457   3.0   1.7   1.7
HANN WODY 117 299   186   327   3.7   4.8   4.7
HOLY I57A 252  65   777   332   5.9   2.9   3.7
HOLY I60A 243  59   614   332   6.1   2.9   4.6
HOLY I62A 234  51   483   332  12.7   6.1  10.8
HOLY I63A 231  48   424   329   0.7   7.4   7.3
HOLY I64A 222  40   382   330   0.7   8.7   8.6
HOLY  ICQ 350 169   339   331   4.8   6.5   7.5
HOLY J59A 245  59   719   332   9.5   5.7  14.2
HOLY J62A 231  47   559   332   4.0   6.6  11.2
HOLY J63A 227  44   513   325   5.1   8.9  11.6
HOLY JOSY 172 352   254   199   8.9  10.1   9.7
HOLY K60A 236  51   732   258   7.7   5.9   7.9
HOLY K62A 229  45   627   332   3.7   3.3   6.4
HOLY L63A 220  37   661   332   7.0   5.2   7.1
HOLY L65A 211  29   576   329   7.8   5.5   8.9
HOLY LATQ 284  99   490   332   3.9   3.6   6.2
HOLY  LMN 120 301   148   309   4.8   5.1   5.2
HOLY LSQQ 293 106   836   332   6.8   9.4   9.6
HOLY M66A 208  25   655   328   4.3   4.1   4.8
HOLY MALY 108 290   254   330   1.1   7.6   8.4
HOLY N62A 225  40   839   321   1.9   0.1   1.3
HOLY NATG  32 214   498   259   2.5   0.6   1.6
HOLY PLVO 263  75   841   330   5.3   6.7   6.6
HOLY QM38 293 109   357   313   2.7   6.3   7.1
HOLY QM50 300 116   444   239   5.1   3.3   7.5
HOLY QM60 302 117   592   237   4.1   9.5   4.4
HOLY QMM5 341 159   510   282   9.5   6.6  12.1
HOLY SHEY 112 296   381   330   9.1   7.3   9.9
HOLY SUSY 138 319   120   331   2.4   8.5   5.9
HOLY  WES 222  38   601   332   3.0   5.8   6.4
HOLY WODY 138 319   212   328   3.9   9.2  11.5
I57A I60A  92 274   191   340   2.4   6.1   4.2
I57A I63A  86 270   408   333   4.9   6.8   6.7
I57A I64A  88 272   484   334   2.3   7.9   4.4
I57A  ICQ  43 229   891   364  11.1   3.4   7.2
I57A J59A 119 300   107   364   3.6   5.7   4.7
I57A J62A 103 286   321   353   2.4   6.3   4.8
I57A J63A 100 283   377   345   1.4   7.4   8.3
I57A K60A 135 316   205   269   5.9   9.6   8.6
I57A K62A 116 298   312   351   7.6   9.2  10.6
I57A L63A 123 306   403   349   7.0  13.1  12.9
I57A L65A 113 297   504   333   5.0   4.4   5.6
I57A LATQ  29 211   444   365   7.9   3.3   7.1
I57A  LMN  72 260   883   341   1.7   3.3   4.8
I57A LSQQ 350 169   578   365   8.7   9.8  12.4
I57A M66A 121 305   542   332   3.8   6.0   6.3
I57A MALY  74 262   993   333   0.2   3.6   3.3
I57A N62A 151 332   380   325   8.1   9.6  10.9
I57A NATG  50 239  1201   288   3.7   3.3   4.0
I57A PLVO 318 137   166   363   7.8   5.0   6.4
I57A QM38  40 224   559   342   4.3   4.5   6.3
I57A QM50  30 213   585   239   6.3   2.1   5.6
I57A QMM5  32 217   925   311   8.1   1.1   6.2
I57A SHEY  78 268  1094   334   1.8   4.2   6.7
I57A VLDQ 342 160   500   331  10.3   9.4  12.6
I57A  WES 115 298   393   365   7.6   7.9  10.6
I60A I62A  88 269   157   374   2.7   3.0   2.9
I60A I63A  83 265   219   367   6.5   4.9   5.3
I60A I64A  87 270   294   348   3.0   5.9   4.9
I60A  ICQ  34 218   781   373   3.9   6.1   6.8
I60A J59A 247  66   107   374   5.8   3.5   4.4
I60A J62A 119 300   138   363   0.9   4.6   2.5
I60A J63A 109 290   190   356   4.3   4.8   4.4
I60A K60A 200  19   145   262   3.1   4.9   3.9
I60A K62A 146 327   157   374   2.1   3.2   2.6
I60A L63A 147 329   259   364   3.4   7.4   5.6
I60A LATQ   6 186   395   374   1.3   7.0   4.7
I60A LSQQ 335 153   645   374   8.9  14.9  13.7
I60A M66A 137 319   387   365   0.3   1.8   0.9
I60A N62A 183   3   324   359  10.9   8.6  10.5
I60A NATG  44 232  1069   280  10.0   5.8   9.0
I60A PLVO 295 112   329   372   5.2   4.3   5.2
I60A QM16  68 252   451   299   1.5   5.3   3.9
I60A QM50  13 195   523   239   9.8   2.7  11.0
I60A QMM5  22 205   849   286   5.9   0.8   5.9
I60A SUSY  69 254   656   332   6.8   3.8   4.4
I60A VLDQ 326 143   594   306   7.6   2.5   8.3
I60A  WES 135 316   228   374   6.9  10.7  10.2
I62A I63A  72 252    64   402   3.9   5.2   4.7
I62A I64A  87 268   137   348   3.0   4.8   4.1
I62A  ICQ  25 208   700   421   3.1   1.7   1.5
I62A J59A 261  79   260   422   4.6   4.9   4.6
I62A J62A 208  28    82   376   4.2   6.3   5.3
I62A J63A 162 343    69   368   4.6   4.5   4.5
I62A JOSY  82 266   429   206   6.5   0.0   2.1
I62A K60A 237  55   250   269   7.9   6.4   9.4
I62A K62A 209  28   153   420   3.4   2.4   3.0
I62A L63A 186   6   225   373   5.3   4.9   5.3
I62A L65A 152 333   230   364   8.2  11.4  14.6
I62A LATQ 344 163   406   422   6.8   9.7   8.6
I62A  LMN  65 249   561   398   5.5   6.7   5.3
I62A LSQQ 325 141   721   422   4.5   4.2   8.2
I62A M66A 161 342   307   365   4.9   4.4   4.7
I62A MALY  69 254   666   333   3.3   4.7   4.7
I62A N62A 209  28   371   394   0.0   3.8   3.3
I62A NATG  39 225   962   328   0.2   4.6   4.5
I62A PLVO 288 104   475   420   8.7   9.7   9.9
I62A QM16  60 242   307   299   7.2   7.6   8.0
I62A QM38   5 185   424   330   5.2   8.2   7.3
I62A QM50 357 177   505   239  12.0   7.3  11.2
I62A QM60 346 165   608   237   0.7   1.7   3.3
I62A QMM5  13 195   798   299   8.1   1.3   7.8
I62A SHEY  76 263   756   335   2.8   1.9   2.7
I62A SUSY  64 248   510   332   3.1   4.0   3.7
I62A VLDQ 316 132   690   319   6.9   4.5   9.4
I62A  WES 180 360   165   422   3.0   3.7   3.1
I63A I64A 101 281    77   347   3.9   4.9   4.6
I63A  ICQ  21 204   659   401   3.9   0.6   5.6
I63A J59A 260  77   323   402   2.8   2.0   3.4
I63A J62A 228  47   135   356   3.4   2.6   2.8
I63A J63A 205  25    95   349   5.5   5.0   5.4
I63A JOSY  85 268   366   199   2.0   3.3   2.2
I63A K60A 240  58   312   255   5.9   7.5   9.8
I63A K62A 222  40   204   402   4.1   4.4   4.0
I63A L63A 199  19   257   357   7.2   3.1   5.8
I63A L65A 169 349   229   364   5.4   6.8   7.7
I63A LATQ 336 154   408   402   9.1   3.6   8.6
I63A  LMN  64 248   498   379   0.6   4.9   3.1
I63A LSQQ 321 136   742   402  10.0   7.9  12.2
I63A M66A 173 353   312   365   7.7  10.6   9.7
I63A N62A 215  33   420   394   3.4   8.7   6.6
I63A NATG  38 223   909   308   8.3   3.2   4.0
I63A PLVO 284 100   528   400   2.2   7.0   7.7
I63A QM16  57 239   245   299   5.2   6.5   6.2
I63A QM38 357 177   403   310   5.2   6.4   6.9
I63A QM50 351 170   491   239  16.0   5.5  13.7
I63A QMM5   9 191   767   279   6.7   1.8   8.5
I63A SHEY  77 263   693   334   1.9   4.4   3.9
I63A SUSY  64 247   447   330   2.1   5.6   5.9
I63A VLDQ 312 127   720   299  11.6   6.1  10.9
I63A  WES 198  18   195   402   5.3   4.1   4.5
I64A J62A 247  66   192   348   4.1   4.5   4.5
I64A J63A 239  58   137   341   2.5   4.6   3.4
I64A K60A 249  66   374   256   3.6   3.4   6.1
I64A K62A 237  56   253   348   9.7   4.1   6.3
I64A L63A 216  35   280   348   2.9   8.4   6.0
I64A L65A 189   9   213   347   8.5   7.0   7.7
I64A LATQ 329 146   456   348   3.5   2.7   6.2
I64A  LMN  59 242   438   325   5.5   0.4   3.7
I64A LSQQ 318 133   802   348  10.4   7.2  11.7
I64A M66A 188   8   298   346   8.1   9.0  10.3
I64A N62A 225  42   458   339   1.3   8.9   6.7
I64A NATG  34 219   876   257   7.0   3.8   8.1
I64A PLVO 284  99   605   346   4.3   1.7   5.5
I64A QM16  42 224   196   299   5.6   2.8   6.9
I64A QM38 348 167   428   311   4.4   8.5   6.0
I64A QM50 343 162   523   239  17.3   6.6  15.0
I64A QMM5   4 185   772   280   4.8   5.8  10.7
I64A VLDQ 310 124   787   300   8.3   5.1   7.9
I64A  WES 219  38   219   348   2.9   3.0   2.9
I64A WODY  70 253   416   328   0.7   3.7   5.6
 ICQ J59A 222  37   872   432   3.1   5.5   3.7
 ICQ J62A 208  25   782   375   5.7   6.0   9.0
 ICQ JOSY 170 351   592   205   2.7  13.3  11.9
 ICQ K60A 216  31   922   269   5.0   5.3   6.7
 ICQ L65A 196  14   860   363   2.4   5.3   8.4
 ICQ  LMN 155 336   448   434   3.5   2.9   5.8
 ICQ N62A 209  25  1071   393   0.4   2.2   6.7
 ICQ NATG  73 257   332   356   1.7   8.6   4.8
 ICQ QM16 186   6   482   298   8.8   5.3   7.5
 ICQ QM38 233  51   335   366   2.7   3.4   4.4
 ICQ QM50 251  67   344   238   1.6   7.5   5.3
 ICQ QMM5 324 143   183   335   9.5   4.6   7.8
 ICQ SHEY 139 323   630   334   2.8   2.7   6.0
 ICQ SUSY 161 343   445   331   6.3   8.0   8.8
 ICQ  WES 203  20   853   458   4.2   4.7   5.2
 ICQ WODY 157 339   530   327   2.2   7.6   6.4
J59A J62A  96 278   220   376   3.3   5.3   5.4
J59A J63A  93 275   278   368   5.4   6.8   6.3
J59A JOSY  80 266   688   206   1.3   8.2   7.2
J59A K60A 152 332   107   269   3.5   6.1   4.9
J59A K62A 115 296   205   420   1.9   5.8   4.0
J59A L63A 126 308   297   373   3.8  12.3  11.4
J59A L65A 112 295   398   364   6.7   8.2   9.6
J59A LATQ  17 198   456   433   4.1   7.0   7.2
J59A LSQQ 344 162   650   433   7.8  12.9  11.8
J59A M66A 123 306   435   365   3.7   8.4  12.1
J59A MALY  70 258   921   333   2.2   1.9   1.5
J59A N62A 163 343   294   394  10.6  10.9  12.2
J59A NATG  45 234  1168   339   1.2   5.5   3.7
J59A PLVO 311 130   270   431   8.3   7.4   8.7
J59A QM50  21 203   592   239  13.3   8.9  17.0
J59A QMM5  26 210   927   310   9.5   8.9   9.5
J59A SUSY  68 254   762   332   2.2   2.7   1.1
J59A VLDQ 335 153   583   330  13.7  11.7  13.6
J59A  WES 114 296   286   433   0.8   4.7   4.0
J62A J63A  84 265    60   368   7.2   4.4   5.3
J62A JOSY  74 258   481   206   4.0   5.4   5.4
J62A K60A 249  68   183   269   3.3   4.7   4.1
J62A K62A 209  29    71   374   4.7   3.4   3.9
J62A L63A 174 354   152   372   5.1   7.4   8.3
J62A L65A 132 313   196   356   1.1   2.8   1.9
J62A LATQ 351 170   468   376  12.2   8.8  12.1
J62A  LMN  60 245   628   352   0.8   7.1   5.9
J62A LSQQ 330 146   761   376  10.0   1.7   8.1
J62A M66A 147 328   259   355   4.8   6.3   5.7
J62A N62A 209  28   289   348   2.9   8.0   9.2
J62A NATG  38 225  1042   282   2.1   4.7   7.4
J62A PLVO 297 114   467   374   7.8   5.6   7.1
J62A QM16  53 236   379   299   7.2   5.7   8.1
J62A QM38   8 189   500   330   5.9   0.8   3.9
J62A QM50   1 181   576   239   4.0   7.1   4.9
J62A SUSY  59 244   578   332   7.5   8.7  10.8
J62A VLDQ 322 138   720   319  10.5   6.6  10.7
J62A  WES 157 337   102   376   3.2   5.9   4.7
J62A WODY  68 253   608   328   1.7   2.9   4.5
J63A JOSY  73 257   422   199   9.6   1.2   3.8
J63A K60A 253  71   241   262   8.4   7.3   8.4
J63A K62A 235  54   116   367   3.4   3.9   3.6
J63A L63A 196  15   163   365   8.7   2.3   4.7
J63A L65A 148 329   162   349   3.8   6.6   5.6
J63A LATQ 344 163   475   368   5.8   6.4   9.8
J63A  LMN  58 242   574   344   5.9   4.2   7.5
J63A LSQQ 327 142   787   368   7.2   6.3   8.9
J63A M66A 161 341   237   348   4.5   3.2   3.9
J63A MALY  63 248   674   326   0.6   2.2   6.1
J63A N62A 218  36   327   341   3.5   3.4   3.6
J63A NATG  36 222  1001   274   0.3   4.5   4.0
J63A PLVO 294 110   518   366  11.7   8.1  12.6
J63A QM16  48 230   329   292   3.9   0.4   9.5
J63A QM38   2 182   489   322   4.3   5.9   4.5
J63A QM50 356 175   572   239   5.6  11.1   7.8
J63A QM60 346 164   677   237   3.5   2.7  10.9
J63A SUSY  57 241   524   325   4.5   5.6  10.7
J63A  WES 191  11   101   368   4.2   7.1   5.6
J63A WODY  66 251   551   321   1.6   4.8   5.2
JOSY K60A 257  71   663   129   5.3   8.2   6.5
JOSY K62A 253  68   534   206   1.0   0.1   0.3
JOSY L65A 234  52   412   199   8.8   5.3   3.9
JOSY LATQ 306 121   630   206   2.0  11.9   8.2
JOSY  LMN  28 209   201   202   4.0   3.7   3.7
JOSY M66A 227  44   475   198   7.5   0.1   0.1
JOSY MALY  50 232   270   200   0.8   4.7   4.4
JOSY N62A 241  56   715   192   3.5   6.1   7.8
JOSY QM16 305 124   186   166   4.6  10.2   4.6
JOSY QM38 317 134   533   184   8.0   7.0   6.4
JOSY QMM5 345 163   761   153  15.4   8.2  15.8
JOSY SUSY  16 196   168   199   5.6   3.8   5.7
JOSY WODY  49 230   142   195   3.6   4.1   4.3
K60A K62A  87 268   136   269   3.1   5.0   4.3
K60A L63A 113 295   206   269   3.9   8.1   6.1
K60A L65A 100 283   323   255   3.9   8.7   5.9
K60A LATQ   9 190   537   269   3.7   7.9   7.9
K60A  LMN  61 247   809   246   6.5   5.2   5.4
K60A LSQQ 343 160   755   269   9.0  14.2  15.4
K60A M66A 115 297   346   254   1.3  11.2   9.4
K60A MALY  64 251   912   261   1.8   1.7   0.5
K60A N62A 169 350   190   247   8.3   7.1   8.2
K60A NATG  41 229  1202   268   5.1   0.2   3.2
K60A PLVO 317 135   372   267   9.8   5.9   8.1
K60A QM50  14 196   667   190   8.8  10.8  12.5
K60A QMM5  21 205   993   269   7.8   5.7  11.7
K60A SUSY  60 246   759   257  11.7   2.9   6.6
K60A VLDQ 335 153   689   269   9.1   7.5  15.1
K60A  WES  96 278   213   269   2.2   8.1   4.8
K62A L63A 150 330   103   373   3.1   9.3   5.5
K62A L65A 111 292   193   364   1.4   1.4   1.2
K62A LATQ 355 175   526   420   8.2   7.3  10.1
K62A  LMN  57 242   691   396   7.8  15.8  13.5
K62A LSQQ 334 151   800   420   8.6   5.2   9.2
K62A M66A 131 313   234   365   3.1   5.4   4.2
K62A MALY  61 247   789   333   5.9   4.6   7.2
K62A N62A 208  28   218   394   7.4   4.0   5.1
K62A NATG  37 224  1113   326   4.8   4.0   6.8
K62A PLVO 306 122   470   418   7.1   7.1   8.1
K62A QM38  11 192   567   328   7.2   5.7   8.2
K62A QM50   4 184   640   239   4.3   3.4   7.5
K62A QM60 354 173   728   237   7.9   1.6   3.9
K62A SHEY  68 255   867   335   0.6   4.3   2.5
K62A SUSY  56 240   641   332   4.5   0.9   5.5
K62A  WES 112 293    81   420   3.4   5.6   4.5
K62A WODY  63 249   665   328   1.9   0.4   0.8
L63A L65A  81 262   130   357   9.1   3.5   5.1
L63A LATQ 352 171   620   373   8.9   6.7  13.9
L63A  LMN  49 233   704   349   2.4   1.0   4.6
L63A LSQQ 334 150   903   373   9.9   5.5   8.4
L63A M66A 118 299   140   356   6.0   6.7   6.7
L63A MALY  54 240   794   333   9.2   7.6   6.5
L63A N62A 237  56   187   349   3.6   3.0   3.3
L63A PLVO 310 127   566   371   9.1   2.7  10.8
L63A QM38   5 186   649   326   1.6   5.7   0.6
L63A QM50 360 180   727   239   5.8   4.2   5.5
L63A QMM5  11 193  1021   295   7.7   0.2   5.4
L63A SHEY  62 248   858   335   1.2   2.0   4.0
L63A SUSY  47 231   656   332  10.1   4.0   9.6
L63A VLDQ 328 143   853   315  14.9   9.6  16.9
L63A  WES  22 202    63   373   4.7   5.9   5.2
L63A WODY  55 240   667   328   4.2   1.8   4.2
L65A LATQ 341 159   633   364   3.6   3.6   7.5
L65A  LMN  43 227   598   341   0.2   5.4   3.0
L65A LSQQ 328 143   949   364   3.2   6.8   8.6
L65A M66A 185   5    86   363   4.5   4.5   4.5
L65A N62A 248  66   310   356   1.5   6.5   3.9
L65A PLVO 303 118   658   362   5.8   3.6   6.5
L65A QM16  25 206   392   299   4.1   0.3   1.5
L65A QM38 355 174   631   310   1.5   6.7   5.4
L65A QM50 350 169   720   239  13.1   5.0  14.4
L65A QM60 343 161   834   237   6.7   0.7   2.5
L65A QMM5   5 186   984   279   2.7   7.6   9.5
L65A SUSY  41 224   553   330   5.5   1.6   5.4
L65A VLDQ 321 136   914   299   7.9   9.4   9.6
L65A  WES 291 110   112   364   5.9   2.7   4.2
LATQ  LMN 103 288   634   435   2.2   2.8   4.1
LATQ LSQQ 302 119   363   459   2.8   1.5   4.8
LATQ M66A 162 344   712   365   2.3   9.5   8.5
LATQ NATG  63 250   799   356  10.8   6.5   6.3
LATQ QM38  77 258   149   367   4.1   1.9   4.0
LATQ QM50  36 217   141   239   6.4   4.3   5.7
LATQ QM60 348 168   203   267   6.6   4.0   5.7
LATQ QMM5  36 219   482   336   0.5   3.7   2.7
LATQ SHEY 103 291   868   335   8.5   4.2   3.2
LATQ SUSY 106 291   593   332   6.6   9.5   8.8
LATQ VLDQ 285 102   383   356   2.9   2.9   4.0
LATQ  WES 168 349   567   459   7.8   7.9  13.8
LATQ WODY 109 295   675   328   3.1   1.9   3.7
 LMN M66A 222  38   668   342   6.0   0.0   7.7
 LMN MALY  93 274   113   310   2.5   5.9   4.6
 LMN N62A 235  49   889   371   4.5   6.7   7.4
 LMN NATG  16 198   515   332   5.3   8.3   9.3
 LMN PLVO 269  80   963   433   0.4   6.4   4.6
 LMN QM16 255  73   256   276   0.7   7.4   2.1
 LMN QM50 301 116   592   216  11.9   2.4   4.6
 LMN QMM5 333 150   629   312  14.7   1.8  12.4
 LMN SHEY 109 291   235   312   5.9   6.3   6.6
 LMN SUSY 253  72    51   309   5.8   5.4   5.7
 LMN  WES 236  51   648   435   1.5   2.9   4.3
 LMN WODY 172 352    85   305   7.4   7.9   8.1
LSQQ M66A 146 331  1019   365   4.4   6.5   7.4
LSQQ N62A 162 344   944   394   3.8   6.7   6.8
LSQQ NATG  77 268  1030   356   4.4   5.0   4.1
LSQQ PLVO 181   1   447   457   8.4   4.2   9.4
LSQQ QM38 106 291   479   367   8.1   2.6   3.9
LSQQ QM50  98 282   398   239   5.3  10.8  13.2
LSQQ QM60  86 269   266   267   3.7   0.1   2.2
LSQQ QMM5  68 254   619   336   6.8   0.2   1.7
LSQQ SUSY 109 297   946   332   5.8   8.2   8.0
LSQQ VLDQ 211  30   112   356   2.8   2.6   2.7
LSQQ  WES 147 331   862   459   6.3   3.7  12.3
LSQQ WODY 111 300  1032   328   1.0   4.8   6.1
M66A N62A 264  82   282   358   4.1   5.3   5.2
M66A PLVO 309 124   703   363   3.1   1.3   1.1
M66A QM16  21 203   473   299   7.5   4.9   8.6
M66A QM50 352 171   804   239   5.1  11.9   6.9
M66A QMM5   5 186  1070   278   1.1   0.9   1.1
M66A VLDQ 325 139   978   298   9.6   6.2  14.0
M66A  WES 322 141   159   365   4.4   4.7   5.4
M66A WODY  44 228   616   327   0.5   0.7   1.9
MALY NATG   4 185   501   262   2.7   5.7   7.3
MALY QM50 298 112   694   239   4.3   3.8   3.1
MALY QMM5 326 142   691   285  11.6   6.9  12.2
MALY SHEY 124 305   130   328   3.3   6.5   5.1
MALY SUSY 268  86   162   329   5.1   2.0   4.3
MALY VLDQ 289  98  1126   305   3.8   5.9   5.9
MALY WODY 233  52   128   327   1.6   3.1   2.0
N62A PLVO 328 146   543   392   8.0   4.5   6.8
N62A QM38  15 196   778   302  10.2   7.2  10.7
N62A QM50   9 190   843   238   4.7  12.3   9.5
N62A QMM5  17 200  1159   271   9.5   1.7   6.5
N62A SHEY  60 247  1044   326   2.4   1.3   3.1
N62A SUSY  48 234   840   322   8.6   9.0  12.3
N62A VLDQ 339 156   875   291   9.2  10.8  11.1
N62A  WES  47 229   241   394   2.9   6.6   4.4
N62A WODY  54 240   853   320   0.3   7.2   8.1
NATG QM38 247  61   656   304   4.1   2.1   6.9
NATG QM50 255  69   676   191  12.9   2.2   7.4
NATG QMM5 281  96   429   304   2.0   4.0   4.8
NATG SHEY 174 354   576   257   6.5   7.1   9.7
NATG SUSY 202  20   544   258   2.9   6.9   5.2
NATG VLDQ 264  72  1111   304   8.4   4.6   7.4
NATG WODY 194  13   593   256   3.1   6.7   9.7
PLVO QM16  85 272   718   297  13.6   2.8   0.1
PLVO SHEY  84 275  1186   333   2.0   8.8  11.9
PLVO VLDQ 352 171   354   354  10.2   6.2  13.3
PLVO  WES 120 304   549   457   4.1   6.0   4.5
PLVO WODY  85 274   977   326   0.8   5.3   5.8
QM16 QM38 322 140   353   294   7.7   2.6   7.5
QM16 QM50 323 140   454   239  13.7   5.8   6.7
QM16 QMM5 355 174   630   263   1.9   6.7   3.5
QM16 SUSY  73 255   205   299   6.1  10.6   2.3
QM16 VLDQ 297 110   819   283   8.4   7.5   6.3
QM16  WES 222  40   415   299   3.3   8.8  12.4
QM16 WODY  92 274   259   299   9.9   9.0   9.4
QM38 QM50 324 143   101   239   9.4   5.0   9.0
QM38 QM60 313 131   248   267   3.1   2.4   1.1
QM38 QMM5  22 204   383   336  10.1   8.8  10.8
QM38 SUSY 116 300   468   312   4.5   3.4   7.8
QM38 VLDQ 279  94   519   356   3.8   5.0   3.1
QM38 WODY 119 303   555   310   1.0   4.9   7.6
QM50 QM60 305 124   149   237   7.1   3.7   5.3
QM50 QMM5  36 218   341   214  16.1   6.9  10.2
QM50 SHEY 113 300   823   239  10.0   2.5   4.2
QM50 VLDQ 269  85   453   234   3.4   2.0   7.0
QM50  WES 178 358   670   239   5.9  10.8  11.4
QM50 WODY 122 307   649   239   3.3  13.5  12.1
QM60 QMM5  58 242   375   244   2.0   7.0   4.7
QM60 SUSY 120 306   708   237   6.5   5.6   3.9
QMM5 SHEY 139 324   813   280   6.3   5.8   8.7
QMM5 SUSY 155 338   622   281   5.9  10.8  10.6
QMM5 VLDQ 249  62   712   336   2.6   2.2   0.5
QMM5 WODY 153 336   709   279   4.9  10.2   9.3
SHEY SUSY 285 102   277   331   6.4   4.6   8.7
SHEY  WES 251  65   811   335   8.3   2.1   8.0
SHEY WODY 270  88   211   328   5.3   4.0   4.5
SUSY WODY 139 319    91   328   1.2   7.7   4.4
VLDQ  WES 140 324   819   356   4.0  15.3  11.7
 WES WODY  58 243   615   328   5.5   5.3   5.5
