 A11  A64  19 200    69    62  23.1  10.2  19.1
 A11 BATG  88 271   313    33  13.5   2.7  13.0
 A11 D59A 259  77   127    55   7.0  20.9  19.5
 A11 D60A 237  56    66    54  10.5  25.3  20.6
 A11 D62A 101 282    89    62  22.2  11.6  19.3
 A11 D63A  97 279   160    62  21.1   5.2  21.8
 A11 E55A 261  77   455    37   0.9  11.7   8.5
 A11 E58A 249  67   254    42   0.3  16.8  14.7
 A11 E62A 143 324    86    62  21.2  16.9  23.0
 A11 E64A 116 298   203    62  15.6   6.8  13.9
 A11 EDEY 105 291   638    62   9.0   0.7   7.6
 A11 EMMW 142 324   353    62  15.7   4.1  13.9
 A11 F57A 247  64   380    31   1.0   9.3   8.2
 A11 F60A 224  43   195    43   3.2  19.5  15.1
 A11 F61A 204  23   154    56  10.4  22.9  21.4
 A11 F62A 173 353   151    62  23.5  18.0  21.7
 A11 F64A 137 318   209    62  17.6   9.8  16.3
 A11 G57A 239  56   440    39   0.8  15.8  12.0
 A11 G59A 225  43   333    45   1.6  10.6   7.6
 A11 G61A 206  25   241    59  17.1  13.6  14.7
 A11 G62A 187   6   227    62  12.0  18.4  15.7
 A11 G63A 169 350   241    62  22.9   9.7  20.9
 A11  GBN 104 290   699    62   9.0   0.7   7.7
 A11  GGN 131 314   350    61  11.5   2.9   7.2
 A11 H61A 205  23   331    62   6.2  17.7  15.7
 A11 H62A 194  14   306    62   9.4  16.1  15.1
 A11 H63A 177 358   287    62  21.1   8.2  19.4
 A11 H64A 165 346   299    62  17.7  11.2  15.3
 A11 H65A 151 333   321    62  18.2   4.1  15.9
 A11 HANN 119 301   303    61  16.5   4.0  13.1
 A11 HOLY 104 287   295    62  15.9   5.1  13.9
 A11 I60A 214  32   448    62   5.8  14.0  12.4
 A11 I62A 194  13   385    62   6.9  15.7  15.4
 A11 I63A 185   5   356    62  13.5  11.5  15.1
 A11 I64A 173 353   372    62  17.4   7.5  16.9
 A11  ICQ  39 222   333    62  17.9   1.0  15.5
 A11 J59A 220  37   539    62   1.3  12.8  10.4
 A11 J62A 196  15   464    62   4.5  15.3  12.3
 A11 J63A 189   9   446    62   8.5   8.3  11.1
 A11 JOSY 134 317   464    51   9.8   1.3   6.1
 A11 K60A 211  28   591    31   1.7   6.3   5.5
 A11 K62A 198  17   534    62   5.2  14.6  11.9
 A11 L63A 191  10   608    62   5.8   8.8   8.6
 A11 L65A 179 359   579    62   9.2   7.0   8.8
 A11 LATQ 276  94   196    62   6.3  22.5  20.3
 A11  LMN 109 292   441    56   9.7   0.9   7.2
 A11 LSQQ 294 109   543    62   2.1  10.6   8.8
 A11 M66A 180 360   665    62   4.3   3.3   2.0
 A11 N62A 202  19   748    62   0.9   8.5   7.2
 A11 NATG  55 241   639    31   8.6   2.3   7.8
 A11 PLVO 248  63   585    62   1.2  13.3  11.4
 A11 QM16 142 323   285    62   9.5   2.6   8.2
 A11 QM38 314 134    69    62  15.0  21.4  19.0
 A11 QM50 320 139   170    57  12.9  18.8  17.4
 A11 QM60 314 131   317    55   3.5   6.4   7.2
 A11 QMM5  14 195   413    32  14.4   6.6  13.1
 A11 SUSY 113 297   403    62  16.4   1.4  13.6
 A11  WES 190   9   547    62   7.1   8.5   8.5
 A11 WODY 117 301   489    62  16.8   5.1  15.0
 A64 BATG 101 283   295    33  13.9   3.2  12.5
 A64 D59A 239  57   173    55   6.3  24.5  22.1
 A64 D60A 218  37   128    54   3.7  19.7  16.6
 A64 D62A 142 323   104    62  21.7  15.5  17.9
 A64 D63A 122 304   161    62  14.6   6.6  13.0
 A64 E55A 254  70   492    37   1.8  11.6   9.3
 A64 E58A 239  57   304    42   2.7  20.3  17.9
 A64 E62A 168 348   137    62  24.9  16.9  23.2
 A64 E64A 134 316   221    62  16.8   8.2  14.8
 A64 EDEY 112 297   637    62  11.6   2.1   8.8
 A64 EMMW 151 332   394    62  11.6   3.4   8.3
 A64 F57A 240  57   429    31   1.7  12.8  12.1
 A64 F61A 203  22   222    56   7.6  21.9  16.7
 A64 F62A 182   1   215    62  13.1  11.7  15.2
 A64 F64A 151 332   248    62  18.3  10.7  15.9
 A64 G57A 234  50   495    39   4.2  15.0  13.4
 A64 G59A 221  38   396    45   3.8   7.7   6.6
 A64 G61A 205  23   309    59   6.7  18.5  15.2
 A64 G62A 190   9   294    62   7.5  13.1  12.4
 A64 G63A 176 356   302    62  14.4  10.7  13.3
 A64  GGN 141 323   381    61  11.6   0.9   8.7
 A64 H61A 204  22   399    62   4.5  17.9  15.0
 A64 H62A 196  15   375    62   8.4  19.2  15.9
 A64 H63A 182   2   352    62   8.1  10.2   8.9
 A64 H64A 171 352   358    62   9.5   8.0   9.8
 A64 H65A 159 341   370    62  16.3   8.8  15.6
 A64  HAL 124 308   601    54   9.1   3.9   8.0
 A64 HANN 131 313   322    61  16.1   6.1  12.7
 A64 HOLY 118 300   297    62  17.9   0.3  14.5
 A64 I57A 228  44   622    62   0.3  11.9   9.3
 A64 I60A 212  30   515    62   3.1  11.1   8.8
 A64 I62A 195  14   453    62   4.0  14.9  12.9
 A64 I63A 188   7   423    62   5.2  12.7   9.4
 A64 I64A 177 357   435    62  10.6   4.8   9.7
 A64  ICQ  45 227   270    62  10.9   3.5   9.6
 A64 J59A 218  35   603    62   3.5  14.5  11.5
 A64 J62A 197  16   533    62   4.5  13.6  12.2
 A64 J63A 191  10   514    62   3.7  10.8   8.2
 A64 JOSY 141 324   497    51   8.6   2.5   6.0
 A64 K60A 210  27   658    31   0.4   5.7   4.2
 A64 K62A 199  17   602    62   2.2  11.3   9.1
 A64 L63A 192  11   677    62   4.8   9.1   8.6
 A64 L65A 181   1   644    62   3.6   3.2   3.6
 A64  LMN 118 301   445    56  13.3   0.3  10.0
 A64 M66A 182   1   730    62   2.7   0.3   2.0
 A64 MALY 112 297   547    62   7.3   1.5   4.4
 A64 N62A 202  19   817    62   1.7   7.4   6.4
 A64 NATG  60 245   585    31  15.7   1.1  12.0
 A64 PLVO 243  58   633    62   1.3  12.6   9.2
 A64 QM16 152 334   327    62   9.8   4.5   9.0
 A64 QM38 257  76    74    62   9.8  30.7  24.5
 A64 QM50 297 115   147    57   4.5  18.5  16.2
 A64 QM60 302 119   295    55   2.4   2.7   3.1
 A64 QMM5  13 194   345    32  13.8   6.6  11.7
 A64 SHEY 113 299   677    62   9.2   2.6   7.0
 A64 SUSY 123 306   413    62   8.3   1.1   6.0
 A64 VLDQ 277  91   588    52   1.5  13.3  11.2
 A64  WES 191  10   615    62   5.2   9.3   7.6
 A64 WODY 125 309   503    62  11.3   2.2   9.1
ALLY D59A 307 122   640    24   1.2   1.5   1.7
ALLY D60A 310 126   577    23   0.1   1.8   0.5
ALLY D62A 322 139   483    31   2.0   0.2   1.4
ALLY D63A 328 146   435    31   2.2   1.3   0.8
ALLY E58A 297 111   707    11   0.1   0.0   1.2
ALLY EDEY  48 230   290    31   3.5   3.2   5.1
ALLY H61A 281  97   553    31   1.7   1.9   3.3
ALLY H65A 294 112   273    31   1.4   0.9   0.4
ALLY HOLY 341 160   327    31   2.8   0.5   1.9
ALLY J63A 266  82   486    31   1.8   0.1   1.7
ALLY JOSY 309 128    94    31   1.4   2.6   5.3
ALLY L65A 247  63   447    31   1.5   0.1   2.5
ALLY M66A 238  55   498    31   0.6   0.4   1.2
ALLY QMM5 342 159   837     1   0.3   2.9   1.5
ALLY SHEY  57 239   292    31   2.0   0.9   0.7
ALLY WODY  13 193   155    31   4.0   2.5   1.8
BATG CHEG  95 279   412    31  12.0   0.3   8.5
BATG D60A 266  82   371    33   3.4  13.0  11.4
BATG D62A 266  83   228    33   3.5  20.0  17.1
BATG D63A 261  80   157    33   6.4  19.1  14.7
BATG E55A 267  80   767    33   0.5   6.0   5.0
BATG E58A 262  77   560    33   3.0   5.5   5.5
BATG E62A 256  73   274    33   2.9  10.4  10.6
BATG E64A 235  54   165    33   9.4  19.1  17.3
BATG EMMW 201  20   305    33   9.2  10.5  10.4
BATG F57A 259  73   681    31   0.8   7.1   5.8
BATG F61A 251  67   404    33   4.6  14.5  13.2
BATG F62A 244  61   336    33   5.8  13.6  11.3
BATG F64A 229  47   236    33  14.4  17.4  16.3
BATG G57A 254  68   730    33   1.3   6.5   5.9
BATG G59A 249  64   601    33   0.9   6.5   3.7
BATG G61A 244  60   476    33   3.3  10.8   8.0
BATG G62A 238  55   414    33   1.7  11.2   8.2
BATG G63A 230  48   365    33   7.0  16.4  15.6
BATG  GBN 119 302   407    33  11.8   1.9   9.5
BATG  GGN 194  14   247    32  18.4  10.4  17.2
BATG H61A 238  54   548    33   3.6  10.2   9.8
BATG H62A 235  51   496    33   3.2  11.1  10.2
BATG H63A 228  45   423    33   5.0  17.8  14.3
BATG H64A 221  39   382    33   8.7  13.9  13.4
BATG H65A 211  30   333    33  11.8  11.4  13.2
BATG  HAL 146 328   350    27  14.2   3.3  11.6
BATG HANN 200  19   164    32  15.3  21.2  20.3
BATG HOLY 200  20    89    33  22.7  24.0  25.9
BATG I57A 247  60   835    33   1.1  11.2   8.7
BATG I60A 239  53   681    33   3.6   9.3   8.4
BATG I62A 229  46   559    33   4.9  13.7  12.4
BATG I63A 226  43   503    33   2.7  10.9  10.1
BATG I64A 218  36   466    33   5.9  14.1  11.1
BATG  ICQ 341 160   265    33   5.1  14.8  13.9
BATG J59A 240  54   785    33   0.4   5.0   3.9
BATG J62A 227  43   637    33   1.9  13.5  11.5
BATG J63A 223  40   593    33   2.1   8.7   5.8
BATG JOSY 179 359   335    22  11.7   8.3  11.0
BATG K60A 233  47   805    31   1.3   9.2   7.5
BATG K62A 226  41   707    33   1.8  10.4   8.4
BATG L65A 210  27   663    33   5.6   5.0   7.2
BATG LATQ 274  89   508    33   0.9   5.8   3.7
BATG  LMN 148 329   185    27  16.2   6.4  13.8
BATG M66A 207  25   743    33   1.7   3.9   2.1
BATG MALY 127 309   265    33   8.8   0.2   7.3
BATG N62A 223  38   920    33   1.3   3.4   3.0
BATG NATG  34 217   411    31  12.9   6.0  11.6
BATG QM50 289 105   438    33   0.8  10.2   7.4
BATG SUSY 164 345   180    33  15.4   9.4  13.2
BATG WODY 155 336   265    33  10.8   5.4  12.5
CHEG D56A 277  86  1071    31   1.3   4.8   3.0
CHEG D59A 276  87   850    31   1.4  11.1   9.4
CHEG D60A 275  87   781    31   0.7   8.0   5.2
CHEG D62A 276  90   638    31   0.5  17.9  14.6
CHEG D63A 275  90   566    31   0.9  16.4  12.8
CHEG E55A 274  83  1177    31   1.3   6.1   4.9
CHEG E58A 272  83   966    31   0.0   7.6   5.3
CHEG E62A 271  85   677    31   0.4  10.2   6.1
CHEG E64A 268  83   550    31   1.5  13.7  12.2
CHEG EDEY 220  39   198    31  14.5  17.5  19.1
CHEG EMMW 249  64   577    31   1.8   7.8   6.4
CHEG F60A 268  80   872    31   0.5   6.3   4.1
CHEG F61A 267  80   798    31   1.3   7.7   6.6
CHEG F62A 265  79   722    31   1.3   7.5   4.6
CHEG G57A 265  75  1124    31   0.0   4.9   4.1
CHEG G61A 263  75   856    31   1.4   7.5   6.0
CHEG  GBN 203  22   169    31  14.9  13.0  14.2
CHEG  GGN 251  66   513    30   0.6   7.0   3.7
CHEG H62A 257  69   853    31   0.9   4.0   3.4
CHEG H63A 255  69   766    31   0.5   6.0   5.0
CHEG H64A 253  67   707    31   2.3   7.0   6.8
CHEG H65A 251  66   634    31   1.8   7.9   8.1
CHEG  HAL 224  42   331    25   9.5   6.5   9.9
CHEG HANN 260  75   480    30   3.0  11.4  10.7
CHEG HOLY 268  84   444    31   0.9  12.3  10.1
CHEG I60A 256  67  1041    31   1.4   5.5   3.7
CHEG I63A 252  65   833    31   0.8   5.0   2.7
CHEG I64A 249  62   771    31   1.2   8.6   7.0
CHEG  ICQ 304 119   576    31   2.6   3.2   1.7
CHEG J59A 256  66  1148    31   1.0   5.0   3.7
CHEG J62A 250  62   963    31   1.1   5.8   3.4
CHEG JOSY 238  54   504    20   4.0   4.0   5.8
CHEG K62A 247  59  1023    31   1.1   6.3   5.3
CHEG L63A 242  54  1029    31   1.4   3.6   2.9
CHEG L65A 238  51   915    31   0.4   3.2   3.8
CHEG  LMN 253  70   335    25   0.4   1.8   3.4
CHEG M66A 234  48   976    31   1.2   0.2   0.8
CHEG MALY 242  60   235    31   9.2  11.9  11.8
CHEG NATG 339 157   418    31   3.8   3.9   4.7
CHEG PLVO 267  75  1285    31   0.5   4.7   2.6
CHEG QM50 286  98   844    31   0.4   6.8   4.9
CHEG SHEY 209  28   212    31   9.6   9.6  11.3
CHEG SUSY 253  70   386    31   4.8   6.3   6.0
CHEG WODY 240  57   363    31   3.9   7.8   7.5
D56A D59A  90 272   222    33  17.2   3.4  13.8
D56A D60A  92 274   292    33  13.0   1.2  11.7
D56A D63A  88 273   505    33  11.8   0.3   8.7
D56A DRLN  73 266  1304     5   0.9   0.8   0.6
D56A E55A 237  56   119    33   8.3  27.2  25.1
D56A E58A 123 304   136    33  22.0   8.1  20.3
D56A E62A  95 279   402    33  13.4   0.9  11.9
D56A EDEY  96 285   975    33   2.4   0.6   2.2
D56A EMMW 112 297   623    33   7.4   2.2   5.6
D56A F57A 178 358   138    31  12.6   7.9  12.3
D56A F60A 118 300   246    33  16.3   7.1  16.1
D56A F61A 111 294   313    33  12.6   0.3  12.6
D56A F62A 107 291   389    33  12.5   2.2  10.3
D56A G57A 185   5   217    33  10.9   8.0  11.0
D56A G59A 150 331   250    33  22.6   4.5  19.4
D56A G61A 127 309   317    33  15.9   0.9  13.9
D56A G63A 117 300   452    33  12.6   0.1  10.8
D56A  GGN 106 292   648    32   5.3   0.5   4.6
D56A H61A 141 323   357    33  15.5   2.0  13.1
D56A H62A 133 316   392    33  21.3   2.1  19.7
D56A H63A 124 308   452    33  14.5   1.6  11.9
D56A HOLY  92 278   636    33   8.6   1.8   5.8
D56A I57A 192  11   353    33   8.5  16.9  15.2
D56A I60A 162 343   374    33   9.4   6.7   7.4
D56A I62A 142 324   443    33  15.2   1.7  13.1
D56A I63A 134 317   466    33  20.8   2.0  15.6
D56A I64A 129 313   530    33  18.1   1.1  15.3
D56A  ICQ  61 246   620    33  10.4   1.2   8.3
D56A J59A 177 357   399    33   5.2   6.1   7.0
D56A J62A 150 332   484    33  13.3   2.4  12.1
D56A J63A 144 327   509    33  13.8   0.4  10.9
D56A JOSY 111 298   748    22   2.1   0.2   1.5
D56A K60A 172 352   497    31   5.6   2.4   6.3
D56A K62A 157 339   526    33   7.5   0.6   6.1
D56A L63A 155 338   628    33   8.4   3.1   6.2
D56A L65A 144 328   671    33   8.8   1.3   6.3
D56A LATQ  75 257   154    33  17.7   2.5  13.5
D56A  LMN  96 283   775    27   2.8   1.6   1.3
D56A LSQQ 324 143   278    33   3.5  21.1  19.0
D56A N62A 171 352   687    33   6.1   4.7   6.2
D56A NATG  63 252   949    31   8.9   0.6   6.8
D56A PLVO 220  38   286    33   4.8  13.2  12.1
D56A QM38  75 258   303    33  14.9   1.4  11.9
D56A QM50  56 238   277    33  21.4   3.0  17.9
D56A QM60  24 205   258    33  12.5   4.2  11.1
D56A QMM5  44 228   607    32  14.5   0.5  12.4
D56A VLDQ 300 118   259    33   2.8  17.7  14.2
D56A  WES 151 333   585    33  12.2   2.0  11.1
D59A D60A  98 279    70    54  23.3  15.2  21.9
D59A D62A  87 269   212    55  23.2   2.5  22.1
D59A D63A  88 271   284    55  18.8   1.1  14.9
D59A E55A 261  78   328    37   2.3  13.5  10.6
D59A E58A 238  57   131    42   5.2  25.1  20.7
D59A E62A 103 285   182    55  17.8   4.5  16.0
D59A E64A 101 284   313    55  11.0   1.2   8.7
D59A EDEY 100 287   754    55   8.3   1.8   5.7
D59A EMMW 125 308   425    55   9.7   1.2   6.4
D59A F57A 240  58   257    31   0.5  14.1  11.9
D59A F60A 184   4   116    43  18.7  19.8  22.0
D59A F61A 150 331   132    55  23.0   9.7  20.0
D59A F62A 130 311   189    55  17.9   5.5  15.0
D59A F64A 114 297   297    55  11.2   1.9   9.2
D59A G57A 230  48   323    39   6.1  19.0  18.3
D59A G59A 206  25   238    45  11.4  13.0  16.0
D59A G61A 173 353   193    55  15.7   7.4  12.0
D59A G62A 153 334   223    55  19.0   8.4  17.7
D59A G63A 140 322   271    55  17.1   5.5  16.7
D59A  GBN  99 286   816    55   7.6   0.1   3.8
D59A  GGN 117 300   440    54  14.6   1.9  12.3
D59A H61A 182   1   276    55  10.0   8.7   9.3
D59A H62A 169 349   276    55  14.1   6.7  10.3
D59A H63A 151 332   296    55  20.8   7.2  20.7
D59A H64A 141 323   332    55  14.5   5.4  11.0
D59A H65A 131 314   379    55  19.2   1.6  14.9
D59A  HAL 109 295   692    47   5.7   1.4   4.8
D59A HANN 106 290   409    54  10.7   2.4   9.0
D59A HOLY  95 279   414    55  13.0   0.0   9.1
D59A I57A 223  40   454    55   1.1  15.5  14.4
D59A I60A 198  17   370    55   3.0  19.4  16.9
D59A I62A 173 354   350    55  11.2   7.3   9.7
D59A I63A 163 344   343    55  12.5   8.5  11.4
D59A I64A 153 334   384    55  15.8   3.5  14.4
D59A  ICQ  49 232   439    55  12.4   2.9  11.2
D59A J59A 209  27   446    55   5.2  13.0  12.3
D59A J62A 180 360   420    55   7.6   5.6   6.5
D59A J63A 172 352   419    55  11.9   5.2  11.2
D59A K60A 199  18   514    31   6.3  13.5  11.6
D59A K62A 184   4   484    55   5.6   8.5   8.8
D59A L63A 178 358   572    55   8.7   5.8   9.6
D59A L65A 165 346   571    55   6.7   3.0   7.3
D59A LATQ 301 120    83    55   8.4  19.6  17.4
D59A  LMN 101 286   555    49   8.2   0.4   6.6
D59A M66A 167 349   653    55   3.0   1.4   0.2
D59A N62A 192  10   688    55   4.6   7.2   7.2
D59A NATG  58 245   758    31   4.7   2.0   4.9
D59A PLVO 244  60   461    55   0.3   9.6   6.7
D59A QM16 122 305   361    55   7.2   1.2   6.8
D59A QM38  45 225   105    55  27.0   7.3  25.1
D59A QM50   5 185   156    55  14.9  15.7  17.8
D59A QM60 336 154   265    55   2.4  10.6   7.6
D59A QMM5  26 209   481    32  10.6   3.2   8.2
D59A SHEY 102 289   789    55   5.2   0.6   3.4
D59A VLDQ 289 104   464    52   2.1  10.3   7.6
D59A  WES 175 356   515    55  12.7   6.1   9.4
D60A D62A  82 263   144    54  22.2   0.8  22.0
D60A D63A  85 267   215    54  14.8   6.3  13.7
D60A E55A 264  81   396    37   1.1  11.1   9.3
D60A E58A 252  71   190    42   3.2  18.3  13.4
D60A E62A 106 287   112    54  21.1   3.9  17.2
D60A E64A 102 284   243    54  16.2   2.2  11.6
D60A EDEY 101 287   684    54   6.1   0.5   4.8
D60A EMMW 131 314   364    54  10.2   4.3   8.2
D60A F57A 248  66   315    31   1.4  12.6  11.2
D60A F60A 217  37   131    43   7.7  23.8  20.3
D60A F61A 183   3   105    54  18.2  19.8  25.1
D60A F62A 147 327   135    54  20.3   9.1  18.5
D60A F64A 120 301   230    54  18.5   3.7  13.4
D60A G57A 239  56   373    39   2.4  10.6   8.3
D60A G59A 221  40   268    45   3.7  10.7   9.4
D60A G61A 195  14   187    54  10.7  17.0  16.6
D60A G62A 171 351   191    54  19.0  17.5  20.4
D60A G63A 153 334   224    54  19.5   6.9  16.8
D60A  GBN 100 286   745    54   5.9   1.2   4.5
D60A  GGN 121 304   374    53  16.7   1.9  14.1
D60A H61A 197  16   277    54   9.6  15.2  13.9
D60A H62A 184   4   261    54  13.4  16.2  16.5
D60A H63A 164 345   260    54  18.5   3.2  15.6
D60A H64A 152 333   285    54  22.3   7.9  20.3
D60A H65A 139 321   323    54  12.9   5.2  12.9
D60A HANN 108 291   340    53  10.8   0.5   9.9
D60A HOLY  96 279   344    54  15.2   0.8  12.8
D60A I57A 230  47   497    54   2.1  18.1  15.4
D60A I60A 209  28   388    54   6.3  11.4  10.2
D60A I62A 186   5   339    54  10.0  15.1  15.1
D60A I63A 175 355   319    54  15.7  10.9  15.8
D60A I64A 163 344   348    54  17.2   4.9  16.7
D60A  ICQ  42 224   397    54  12.8   1.3  10.7
D60A J59A 218  35   475    54   1.9  14.6  10.6
D60A J62A 190   9   416    54   5.4  11.4   9.9
D60A J63A 182   2   404    54  11.1  10.2  11.5
D60A JOSY 126 309   483    43   9.8   0.5   7.5
D60A K60A 207  25   532    31   4.0   7.7   8.3
D60A K62A 193  12   483    54   6.4  13.3  13.0
D60A L63A 186   5   564    54   4.3  11.5   8.9
D60A L65A 172 353   547    54   9.1   7.2  10.1
D60A LATQ 291 110   150    54   7.2  19.4  15.1
D60A LSQQ 300 116   511    54   0.0  11.7   9.2
D60A M66A 174 355   631    54   8.9   3.4   7.4
D60A N62A 198  16   695    54   2.9   8.5   7.2
D60A NATG  55 241   706    31   9.4   0.7   7.8
D60A PLVO 249  64   520    54   0.3  13.2  11.2
D60A QM16 128 311   298    54   9.7   4.1   6.6
D60A QM38   4 184    85    54  19.9  12.4  20.8
D60A QM50 342 161   175    54  11.1  25.2  20.2
D60A QMM5  19 200   464    32   9.0   4.9   8.6
D60A SHEY 103 289   719    54   3.1   3.6   3.7
D60A SUSY 105 289   443    54  10.7   0.6   6.7
D60A  WES 184   3   504    54   6.8  10.0   9.9
D60A WODY 110 295   525    54   8.8   0.2   8.0
D62A D63A  94 274    72    62  26.3   8.8  22.5
D62A DRLN  70 259   891    33  10.1   0.6   8.3
D62A E55A 265  80   540    37   1.3  10.4   8.3
D62A E58A 258  75   333    42   0.3  11.9   9.9
D62A E62A 215  35    63    62  10.4  26.1  20.5
D62A E64A 128 309   119    62  22.1   7.3  20.7
D62A EDEY 107 292   550    62  13.1   0.8   8.4
D62A EMMW 154 335   291    62  12.0   8.2  12.6
D62A F57A 254  70   456    31   0.5  11.0   7.7
D62A F60A 242  60   255    43   1.6  14.5  10.5
D62A F61A 231  50   193    56   7.3  22.2  17.4
D62A F62A 208  28   149    62   9.3  21.4  19.3
D62A F64A 158 339   146    62  17.2   8.7  13.0
D62A G59A 237  54   389    45   2.0   9.3   8.0
D62A G61A 225  43   277    59   8.2  22.2  19.0
D62A G62A 209  28   237    62  10.1  18.1  18.7
D62A G63A 192  11   223    62  18.5  15.4  17.5
D62A  GBN 105 290   610    62   9.6   0.4   7.8
D62A  GGN 141 323   277    61  17.0   4.7  15.5
D62A H61A 219  37   362    62   5.6  10.4   9.6
D62A H62A 211  30   323    62   8.8  19.7  15.2
D62A H63A 196  16   280    62  13.7  15.8  16.9
D62A H64A 183   3   272    62  25.5  18.9  23.6
D62A H65A 166 347   272    62  12.0  10.3  10.6
D62A  HAL 121 305   503    54  13.2   2.2  10.1
D62A HANN 126 308   220    61  21.1   1.6  15.7
D62A HOLY 106 288   207    62  19.8   0.6  15.2
D62A I60A 224  41   489    62   3.6  12.7  10.2
D62A I62A 207  26   399    62   6.9  12.3   9.2
D62A I63A 200  19   357    62   8.9  20.8  16.8
D62A I64A 188   7   354    62  17.4  14.5  19.0
D62A  ICQ  25 207   302    62  17.0   7.9  16.5
D62A J59A 229  45   587    62   1.4  14.1  12.3
D62A J62A 208  26   480    62   6.2  12.6  10.5
D62A J63A 201  20   452    62   9.5  18.3  16.1
D62A JOSY 142 324   393    51   8.9   4.7   9.2
D62A K60A 219  36   626    31   1.3   6.5   3.7
D62A K62A 208  26   551    62   5.3  12.4  12.4
D62A L63A 200  18   615    62   1.9  10.3   8.3
D62A L65A 188   8   567    62   8.1  11.0   9.1
D62A LATQ 278  95   285    62   0.3  18.3  17.6
D62A  LMN 111 294   353    56  12.4   2.5   9.6
D62A LSQQ 293 107   630    62   0.4   9.8   7.1
D62A M66A 188   7   653    62   4.0   5.7   5.0
D62A MALY 106 290   460    62  13.4   1.0  10.8
D62A N62A 209  26   769    62   1.9   9.3   7.8
D62A NATG  50 235   581    31   6.9   0.4   4.7
D62A QM16 157 338   225    62   8.1   8.3   8.9
D62A QM38 297 115   151    62   2.7  16.1  12.9
D62A QM50 308 126   245    57   5.5  16.6  14.8
D62A QM60 308 124   394    55   4.2   2.0   0.9
D62A QMM5   2 183   419    32   5.7  14.1  12.0
D62A SUSY 117 300   317    62  15.2   5.5  13.8
D62A  WES 200  18   552    62   5.4  14.4  12.7
D62A WODY 121 305   405    62  14.5   1.1  11.2
D63A E58A 261  78   402    42   1.8  13.0   9.9
D63A E62A 247  66   118    62   6.5  23.4  20.2
D63A E64A 163 343    72    62  26.2  17.2  23.3
D63A EDEY 110 294   480    62  14.1   1.5  10.6
D63A EMMW 169 349   264    62  16.7  10.0  15.1
D63A F60A 249  67   318    43   2.8  17.0  14.1
D63A F61A 243  61   251    56   4.4  23.6  20.3
D63A F62A 229  48   191    62  11.3  23.1  22.6
D63A F64A 188   8   132    62  18.0  15.6  17.1
D63A G61A 235  52   328    59   4.9  19.0  17.1
D63A G62A 224  42   276    62   5.8  21.1  19.5
D63A G63A 209  28   244    62  10.9  20.5  18.4
D63A  GBN 107 292   540    62   9.6   0.4   6.9
D63A  GGN 155 336   235    61  10.3   4.3   9.0
D63A H61A 228  45   408    62   4.7  19.4  16.5
D63A H62A 222  40   362    62   8.4  20.3  18.2
D63A H63A 210  29   304    62   9.8  18.1  16.0
D63A H64A 198  18   280    62  12.0  13.6  13.4
D63A H65A 182   2   260    62  21.7  10.6  19.3
D63A  HAL 126 309   441    54  10.2   0.1   6.6
D63A HANN 141 322   165    61  17.1   8.6  15.3
D63A HOLY 114 295   138    62  20.7   9.6  18.4
D63A I57A 242  57   683    62   2.5  15.8  13.0
D63A I62A 217  35   433    62   3.6  12.8  11.0
D63A I63A 211  29   384    62   7.8  16.3  15.7
D63A I64A 200  18   366    62   9.0   8.9   9.8
D63A  ICQ  12 193   283    62   6.4   9.0  10.1
D63A J59A 234  49   640    62   0.3  13.3  11.1
D63A J62A 216  33   514    62   1.8  16.1  14.0
D63A J63A 210  28   478    62   6.3  14.7  14.3
D63A JOSY 151 333   349    51  12.6   4.7  13.3
D63A K60A 225  41   671    31   1.1   6.9   6.0
D63A K62A 215  32   585    62   5.9  20.1  16.5
D63A L63A 207  25   639    62   5.2  10.4   9.9
D63A L65A 196  15   577    62   3.2   8.9   9.5
D63A  LMN 116 299   286    56  18.7   2.5  14.2
D63A M66A 195  13   662    62   2.1   7.2   7.2
D63A N62A 214  31   803    62   3.7  13.8  12.6
D63A NATG  45 229   532    31  10.2   1.2   8.2
D63A PLVO 256  69   728    62   0.7   8.7   6.8
D63A QM16 177 357   204    62  14.9  13.0  11.2
D63A QM38 290 108   219    62   3.9  19.1  16.8
D63A QM60 303 119   456    55   1.0   1.2   1.3
D63A QMM5 353 173   426    32   5.4  17.1  15.6
D63A SHEY 112 296   518    62  13.2   3.7  10.4
D63A SUSY 125 306   253    62  13.4   6.8  11.7
D63A VLDQ 284  96   736    52   1.0   8.4   7.0
D63A  WES 207  25   576    62   6.1  12.8  12.7
D63A WODY 128 310   343    62  14.0   5.3  10.9
DRLN E58A 261  69  1222    14   1.9   4.5   3.4
DRLN E62A 256  68   943    33   0.3   8.4   5.1
DRLN EDEY 222  39   559    33   1.0   2.5   3.5
DRLN F57A 260  67  1346     3   0.4   1.0   1.0
DRLN F61A 255  65  1076    27   1.3   8.0   6.1
DRLN F64A 249  61   898    33   1.0   7.5   5.8
DRLN G59A 255  63  1273    16   1.0   1.1   0.1
DRLN G61A 253  62  1147    30   0.8   7.7   5.3
DRLN  GGN 240  54   843    33   0.7   5.4   3.7
DRLN H61A 250  59  1216    33   0.8   7.3   4.4
DRLN H62A 249  59  1161    33   0.7   7.9   5.1
DRLN H63A 247  57  1080    33   1.5   7.4   5.6
DRLN H65A 242  54   961    33   0.3   7.8   5.3
DRLN  HAL 224  40   691    31   0.3   3.1   2.5
DRLN HANN 245  58   791    33   0.3  10.0   7.6
DRLN HOLY 249  62   735    33   0.2   7.4   5.4
DRLN I60A 249  58  1349    33   1.0   5.4   4.5
DRLN I62A 246  56  1215    33   1.0   5.9   4.2
DRLN I64A 242  53  1101    33   1.1   7.7   5.2
DRLN  ICQ 276  89   709    33   2.1   0.1   1.3
DRLN J59A 250  58  1454    33   1.4   4.9   3.0
DRLN J63A 243  53  1237    33   1.5   4.8   2.6
DRLN K62A 243  52  1353    33   0.6   4.8   3.2
DRLN L63A 238  48  1370    33   0.6   7.1   5.0
DRLN L65A 235  46  1263    33   0.9   4.7   3.3
DRLN LATQ 265  74  1150    33   0.3   5.4   3.2
DRLN  LMN 238  53   667    31   0.2   5.3   3.9
DRLN LSQQ 276  82  1417    33   0.1   6.9   5.0
DRLN M66A 233  44  1328    33   1.3   1.2   1.2
DRLN N62A 240  48  1555    33   0.4   2.9   2.5
DRLN NATG 289 105   399     3   1.1   3.9   1.2
DRLN QM38 265  75  1001    33   0.1   6.1   4.3
DRLN QM60 276  84  1152    26   0.1   2.6   1.7
DRLN QMM5 287  98   827     4   1.8   2.6   2.3
DRLN SUSY 240  54   715    33   2.0  15.0  13.2
DRLN VLDQ 273  78  1490    23   0.7   3.7   2.6
DRLN  WES 240  50  1314    33   0.3   4.9   3.0
E55A E58A  91 273   214    37  17.1   3.1  18.0
E55A E62A  86 270   501    37  11.9   1.0   9.6
E55A E64A  87 273   632    37   6.3   0.6   3.3
E55A EDEY  91 281  1070    37   2.3   0.3   1.5
E55A F57A 124 305   127    31  28.2   5.8  23.3
E55A F60A  98 281   321    37  12.5   5.2  10.1
E55A F61A  96 280   394    37  12.1   1.2  10.5
E55A G57A 151 331   172    37  16.0   5.0  11.8
E55A G59A 123 305   271    37  19.6   1.7  16.3
E55A G61A 109 292   375    37  15.2   2.0  13.1
E55A G62A 106 290   451    37  13.6   1.6  10.6
E55A H61A 122 305   388    37  18.8   0.1  15.9
E55A H63A 111 295   510    37   8.5   2.3   7.4
E55A H64A 108 293   570    37  11.9   0.1  11.0
E55A  HAL  97 286   993    29   0.6   0.3   0.2
E55A I57A 173 354   281    37   7.7   9.5   8.6
E55A I60A 142 324   362    37  18.1   1.4  16.2
E55A I62A 126 309   469    37  14.3   2.2  13.8
E55A J59A 159 340   354    37  11.1   6.1  10.4
E55A J62A 135 318   491    37  17.0   2.3  15.1
E55A K60A 157 339   460    31  11.9   1.1   7.7
E55A K62A 143 326   519    37  13.9   0.8  10.2
E55A L63A 144 327   622    37  10.9   1.9   9.2
E55A L65A 134 318   686    37  11.6   1.9  10.8
E55A LATQ  66 249   270    37  16.8   5.1  17.1
E55A  LMN  90 278   871    31   4.8   0.4   3.4
E55A LSQQ 347 166   298    37  11.0   6.1   9.5
E55A MALY  90 279   983    37   3.7   1.1   1.5
E55A N62A 160 342   648    37   4.5   1.0   3.7
E55A PLVO 207  26   176    37   6.3  21.0  17.2
E55A QM38  69 253   418    37   7.6   0.4   6.4
E55A QM50  55 238   396    37  20.3   1.2  17.4
E55A QMM5  45 230   724    32  10.5   1.2  10.1
E55A SHEY  93 283  1102    37   2.2   1.5   0.1
E55A SUSY  92 279   825    37   6.6   0.5   5.2
E55A VLDQ 327 146   232    37   3.9  17.8  14.0
E55A WODY  96 284   898    37   1.9   1.1   1.0
E58A E62A  83 266   290    42  17.6   2.6  13.3
E58A EDEY  93 281   856    42   5.6   1.3   4.9
E58A EMMW 110 294   491    42   8.0   1.8   6.9
E58A F57A 241  60   126    31   8.5  19.1  17.9
E58A F60A 113 294   112    42  20.3   8.4  18.1
E58A F61A 103 285   182    42  15.7   2.3  13.1
E58A F62A 100 283   261    42  11.8   3.3  11.4
E58A F64A  97 280   385    42  10.9   0.8   7.0
E58A G57A 224  43   194    39   5.4  23.7  20.7
E58A G59A 177 357   144    42  14.2  10.0  14.4
E58A G62A 120 302   249    42  18.3   2.4  16.3
E58A G63A 115 297   317    42  14.6   2.7  12.4
E58A  GGN 103 288   520    41   6.4   0.3   7.2
E58A H61A 152 333   231    42  22.9   7.3  21.5
E58A H62A 140 321   260    42  21.7   2.6  18.6
E58A H64A 120 303   371    42  11.8   3.7  11.0
E58A H65A 114 297   435    42  17.2   1.1  14.4
E58A  HAL 101 288   781    34   5.0   0.8   3.7
E58A I57A 216  34   329    42   3.8  21.5  19.8
E58A I60A 180   0   281    42   8.4  12.1  12.4
E58A I62A 150 332   317    42  16.6   5.3  16.7
E58A I63A 140 322   334    42  22.4   4.2  19.8
E58A I64A 132 315   395    42  16.9   2.9  14.9
E58A J59A 197  16   337    42   5.6  14.4  13.0
E58A J62A 161 342   368    42  18.2   6.1  16.2
E58A J63A 152 334   385    42  17.9   5.0  14.6
E58A JOSY 110 295   616    31   5.0   1.8   2.8
E58A K60A 187   6   420    31   5.0   6.8   7.9
E58A K62A 168 349   420    42   9.9   3.8   8.5
E58A L63A 164 346   518    42   9.6   5.7   9.0
E58A L65A 151 333   547    42  11.1   3.7   9.8
E58A LATQ  18 199   119    42  19.6  11.4  17.5
E58A  LMN  92 278   657    36   5.7   0.8   4.7
E58A LSQQ 318 136   408    42   3.1  14.2  13.3
E58A N62A 182   1   605    42   1.9   7.1   5.6
E58A NATG  57 245   889    31   4.2   0.1   3.4
E58A PLVO 245  62   331    42   1.1  14.9  11.7
E58A QM38  51 233   234    42  25.0   4.7  20.8
E58A QM50  28 209   257    42  25.4   8.8  22.1
E58A QM60 359 179   311    42   5.0   5.2   4.2
E58A QMM5  32 215   597    32  11.1   0.3   7.1
E58A SUSY  94 280   611    42   9.9   0.9   6.6
E58A VLDQ 302 119   395    42   3.0  13.2  10.9
E58A  WES 160 341   470    42  18.4   4.8  16.8
E58A WODY  99 285   685    42   6.1   1.5   4.6
E62A E64A  99 280   132    62  21.1   5.1  17.8
E62A EDEY 101 286   573    62   8.7   0.8   7.1
E62A EMMW 142 324   267    62  18.4   6.5  14.5
E62A F57A 259  75   409    31   2.0   6.5   5.9
E62A F60A 250  68   201    43   5.9  16.0  13.8
E62A F61A 238  57   134    56  15.3  24.7  23.4
E62A F62A 203  23    87    62  11.2  20.3  17.4
E62A F64A 132 313   124    62  21.7   6.4  17.1
E62A G57A 250  66   456    39   0.6  10.7   8.6
E62A G59A 240  58   332    45   2.6   8.0   6.8
E62A G61A 227  46   215    59   5.9  15.1  13.1
E62A G62A 207  26   174    62   8.7  17.3  14.8
E62A G63A 183   3   167    62  18.3  15.7  19.1
E62A  GBN  99 285   634    62   9.7   0.0   7.4
E62A  GGN 128 310   267    61  14.8   0.6  10.9
E62A H62A 210  29   261    62   5.9  17.0  14.5
E62A H63A 191  10   221    62   8.3  11.3   9.7
E62A H64A 174 354   221    62  21.7  11.4  18.4
E62A H65A 155 336   236    62  22.1  12.7  18.9
E62A  HAL 113 298   512    54  10.6   1.0   6.6
E62A HANN 110 292   228    61  14.8   7.3  14.2
E62A I60A 225  42   427    62   5.2  12.8  13.6
E62A I62A 206  24   337    62   6.3  14.7  13.2
E62A I63A 197  16   297    62  10.1  13.4  14.6
E62A I64A 182   2   300    62  15.6  14.9  15.9
E62A J62A 206  25   418    62   5.1  10.1   8.6
E62A J63A 199  18   391    62   5.2  12.5  10.1
E62A JOSY 132 315   379    51  10.8   0.2   7.9
E62A K60A 219  36   564    31   1.8   8.3   5.6
E62A K62A 207  25   489    62   2.6  10.5   7.4
E62A L63A 198  17   554    62   4.5   7.4   8.0
E62A L65A 185   5   512    62   7.7  14.5  13.4
E62A LATQ 290 108   262    62   0.3  16.5  13.2
E62A  LMN 101 285   374    56  10.4   1.6   6.1
E62A M66A 185   5   598    62   4.4   4.3   5.6
E62A N62A 208  25   707    62   2.2   9.3   7.8
E62A NATG  48 233   642    31   8.5   2.4   6.6
E62A PLVO 256  71   612    62   1.3   9.7   7.9
E62A QM16 142 323   199    62  13.3   7.1  12.3
E62A QM38 320 139   155    62  10.9  22.7  16.8
E62A QM50 322 140   256    57   5.3  17.6  17.0
E62A QM60 316 133   402    55   1.3   2.8   2.0
E62A QMM5   6 187   473    32   2.8   6.8   6.3
E62A SUSY 106 289   331    62  15.6   1.0  12.7
E62A  WES 198  16   492    62   4.8  10.9  10.1
E62A WODY 112 296   413    62  11.6   3.2   9.9
E64A EDEY 102 286   441    62  14.9   4.7  12.9
E64A EMMW 171 351   192    62  11.1  11.4  10.1
E64A F60A 263  80   322    43   2.5  13.6  12.2
E64A F62A 251  70   175    62   4.8  25.4  20.7
E64A F64A 213  33    74    62  15.2  26.0  24.5
E64A G57A 258  73   575    39   1.6  10.2   9.4
E64A G61A 248  65   314    59   4.0  15.6  14.6
E64A G62A 239  57   249    62   7.1  18.9  18.4
E64A G63A 225  43   201    62   6.7  19.5  17.1
E64A  GBN 101 285   503    62  13.5   1.4  11.2
E64A  GGN 152 332   164    61  22.7  14.7  21.0
E64A H61A 238  55   383    62   4.9  16.9  14.6
E64A H62A 233  51   331    62   8.6  17.5  17.1
E64A H63A 222  41   260    62   6.4  20.7  17.9
E64A H64A 209  28   225    62   9.5  20.0  17.3
E64A H65A 190  10   194    62  14.8  10.3  12.5
E64A  HAL 119 302   386    54  13.7   2.8  13.0
E64A HANN 126 306   101    61  21.9  11.4  17.9
E64A HOLY  83 264   105    62  22.9  11.6  22.3
E64A I57A 249  63   674    62   1.4  16.8  14.0
E64A I60A 238  54   516    62   0.6  16.8  12.8
E64A I62A 226  43   395    62   6.3  19.9  18.7
E64A I63A 220  38   340    62   8.3  24.9  20.9
E64A I64A 208  26   312    62   8.0  16.1  14.2
E64A  ICQ   7 187   348    62   6.0   8.6   7.9
E64A J62A 223  40   474    62   3.0  19.4  16.8
E64A J63A 218  35   433    62   5.9  17.2  15.7
E64A JOSY 149 330   279    51  20.3  11.4  19.3
E64A K60A 231  47   640    31   0.4   7.7   5.8
E64A K62A 222  38   544    62   4.1  17.6  15.9
E64A L63A 212  30   590    62   5.2  10.9  11.9
E64A L65A 201  19   519    62  12.8  16.8  16.7
E64A LATQ 288 104   392    62   3.6  12.2   8.2
E64A  LMN 104 286   242    56  15.2   2.9  14.4
E64A LSQQ 296 110   746    62   0.8   8.1   6.5
E64A M66A 199  17   602    62   6.8   8.5   8.1
E64A N62A 219  35   760    62   2.1  14.6  11.8
E64A NATG  39 223   568    31  11.9   0.9  10.6
E64A PLVO 261  75   735    62   0.7   7.5   5.7
E64A QM16 184   4   135    62  16.4  13.7  18.1
E64A QM38 302 120   269    62   6.0  15.5  13.1
E64A QM50 309 126   364    57   0.8  12.5  10.3
E64A QMM5 352 171   497    32   6.2  17.0  15.3
E64A SHEY 105 290   476    62  13.2   3.2  10.8
E64A SUSY 112 294   201    62  18.6   5.3  17.4
E64A VLDQ 288 101   776    52   2.5   4.4   2.9
E64A  WES 213  31   527    62   5.4  15.2  13.8
E64A WODY 120 302   287    62  17.0   3.8  14.7
EDEY EMMW 260  77   413    62   2.0  18.0  15.8
EDEY F60A 278  91   752    43   0.6   6.5   3.7
EDEY F61A 278  92   678    56   0.4   9.0   5.0
EDEY F64A 278  94   472    62   1.8  14.7  11.6
EDEY G59A 271  83   853    45   1.0   1.8   1.2
EDEY G63A 269  84   574    62   1.0  13.0   9.2
EDEY  GBN  93 274    63    62  23.6  10.5  23.4
EDEY  GGN 266  83   357    61   1.8  10.7   8.5
EDEY H61A 266  79   764    62   0.4  13.1  10.0
EDEY H62A 265  79   703    62   2.0  12.9  11.2
EDEY H63A 265  79   614    62   0.2  14.4  12.5
EDEY H64A 263  78   551    62   1.1  17.6  14.8
EDEY  HAL 229  48   134    54  19.0  16.9  20.0
EDEY HANN 280  96   350    61   3.2  16.7  13.1
EDEY HOLY 292 109   343    62   4.4  12.9  11.6
EDEY I57A 266  76  1069    62   0.9   7.5   7.3
EDEY I63A 260  74   672    62   1.1  13.0   9.2
EDEY I64A 256  71   604    62   0.9  15.0  12.7
EDEY  ICQ 322 139   587    62   0.1   2.9   2.5
EDEY J63A 254  68   738    62   1.5  11.8  10.5
EDEY JOSY 247  65   320    51   5.4  17.5  16.5
EDEY L65A 241  56   729    62   2.0  11.2   7.9
EDEY  LMN 284 102   199    56   6.9  18.5  17.3
EDEY LSQQ 295 104  1178    62   1.6   5.5   4.2
EDEY M66A 236  51   785    62   3.2   4.5   3.9
EDEY MALY 296 116    90    62  11.6  21.1  18.0
EDEY N62A 245  57  1034    62   1.2   6.7   6.0
EDEY NATG 356 176   540    31   4.5   3.8   4.9
EDEY PLVO 273  83  1158    62   0.2   5.9   4.3
EDEY QM38 294 108   699    62   0.2   8.5   6.4
EDEY SHEY 143 323    43    62  26.5  24.3  25.6
EDEY SUSY 278  96   245    62   8.0  13.3  11.9
EDEY  WES 248  62   798    62   0.5  13.8  12.1
EDEY WODY 259  77   188    62  12.4  21.3  18.0
EMMW F60A 293 110   379    43   1.4  10.9   8.6
EMMW F61A 298 116   311    56   2.7  15.5  12.5
EMMW F62A 305 123   237    62   0.7  18.7  13.8
EMMW F64A 332 151   146    62  14.3  21.8  20.7
EMMW G59A 277  93   454    45   0.0   4.8   0.9
EMMW G61A 283 100   327    59   3.3  13.6  10.3
EMMW G62A 284 102   249    62   0.2  17.1  14.8
EMMW G63A 286 104   177    62   3.0  15.9  13.8
EMMW  GBN  78 263   475    62   7.7   6.1   6.9
EMMW  GGN  47 227    67    61  27.6  16.4  27.0
EMMW H61A 268  85   355    62   1.2  14.4  10.4
EMMW H62A 268  86   294    62   3.6  13.2  11.9
EMMW H63A 269  88   204    62   4.2  16.5  14.0
EMMW H64A 268  86   140    62   9.3  20.1  17.8
EMMW H65A 269  89    63    62   9.5  23.2  19.7
EMMW  HAL  90 273   307    54  17.0   6.6  16.0
EMMW HANN  22 203   141    61  23.1  25.5  26.9
EMMW HOLY  21 201   216    62  25.5  15.0  22.2
EMMW I57A 265  80   660    62   0.6  10.9   8.0
EMMW I60A 260  76   475    62   0.5  13.6  10.2
EMMW I62A 255  72   323    62   0.5  13.6  10.6
EMMW I63A 255  73   259    62   3.6  17.7  14.5
EMMW I64A 244  63   195    62   4.1  18.9  16.1
EMMW  ICQ   1 182   535    62   3.0   7.4   4.6
EMMW J59A 259  74   581    62   0.7  11.0   9.1
EMMW J62A 246  63   386    62   3.3  16.5  13.6
EMMW J63A 243  60   331    62   2.7  18.6  15.0
EMMW JOSY 113 294   125    51  19.9  11.1  17.9
EMMW K62A 241  58   447    62   2.3  11.8  10.8
EMMW L63A 228  45   462    62   4.6  15.8  15.0
EMMW L65A 216  34   364    62  11.9  22.4  20.8
EMMW LATQ 308 124   508    62   1.7   9.1   8.2
EMMW  LMN  58 239   244    56  14.0   4.1  12.2
EMMW LSQQ 307 120   871    62   0.7   6.8   4.4
EMMW M66A 211  29   441    62   5.8  10.0  10.1
EMMW MALY  68 251   344    62  12.1   5.7  12.3
EMMW NATG  28 211   712    31   3.1   1.5   2.8
EMMW PLVO 276  89   760    62   1.4   5.5   3.5
EMMW QM16 325 145    68    62  11.6  15.6  14.7
EMMW QM38 323 140   421    62   3.2  14.4  11.5
EMMW QM50 323 140   522    57   3.0  12.3  13.6
EMMW QMM5 352 171   690    32   0.2   8.0   6.0
EMMW SHEY  82 266   434    62  12.2   2.7   9.5
EMMW SUSY  54 236   195    62  20.4   6.9  18.0
EMMW  WES 232  49   405    62   4.3  18.9  16.9
EMMW WODY  78 260   225    62  24.2  10.7  23.6
F57A F60A  84 266   213    31  17.8   1.9  13.3
F57A F61A  85 268   288    31  11.7   4.8  10.7
F57A F62A  87 270   367    31   4.6   0.9   2.8
F57A F64A  87 272   493    31   3.9   1.2   2.3
F57A G57A 196  16    82    31  14.8  16.9  16.7
F57A G59A 124 305   144    31  27.0   2.3  23.3
F57A G62A 100 283   332    31  13.8   0.7  12.4
F57A G63A  99 283   404    31  14.9   3.0  12.4
F57A  GGN  94 280   619    30   3.1   1.9   3.7
F57A H61A 122 304   260    31  20.5   2.7  19.9
F57A H63A 108 291   387    31  10.5   0.1   7.2
F57A H64A 105 289   449    31   9.9   1.5   8.1
F57A  HAL  95 282   881    25   4.6   0.8   3.6
F57A I57A 200  20   222    31  10.9  15.0  15.3
F57A I60A 153 334   245    31  12.7   8.8  14.7
F57A I62A 128 310   342    31  22.0   0.1  19.3
F57A I63A 120 303   379    31  15.8   2.1  14.7
F57A J59A 177 357   261    31   5.8   6.9   6.8
F57A J62A 140 322   367    31  15.6   2.9  14.4
F57A J63A 133 316   402    31  20.2   2.0  17.9
F57A K60A 169 350   361    31   6.7   3.0   6.6
F57A K62A 150 332   401    31  10.3   3.0   9.9
F57A L63A 149 332   504    31   8.0   2.3   7.2
F57A L65A 137 320   562    31  14.2   1.2  12.0
F57A LATQ  39 221   228    31  17.7   5.8  11.9
F57A LSQQ 335 154   400    31   6.2   9.2  11.5
F57A N62A 169 350   551    31   7.8   2.8   6.6
F57A PLVO 246  64   205    31   2.6  11.5   9.5
F57A QM38  53 236   359    31  13.9   1.3   9.4
F57A QM50  37 220   369    31  16.5   2.8  14.4
F57A QM60  15 196   387    31   7.7   2.6   7.1
F57A QMM5  36 220   710    31   9.7   0.5   7.7
F57A VLDQ 320 137   352    31   0.5  19.3  15.8
F57A  WES 143 326   467    31  14.2   3.4  12.5
F57A WODY  92 279   788    31   1.3   1.1   1.8
F60A F61A  89 270    74    43  19.6  12.1  17.4
F60A F62A  92 274   154    43  15.7   3.9  12.9
F60A F64A  91 274   280    43  13.9   0.5  11.8
F60A G59A 225  44   138    43  10.5  18.5  18.7
F60A G61A 156 337    83    43  27.5  12.1  25.1
F60A G62A 126 307   139    43  22.4   9.5  18.7
F60A G63A 117 298   205    43  20.4   1.2  16.2
F60A  GBN  91 278   815    43   5.6   1.5   4.6
F60A  GGN 101 285   410    42   8.0   4.2   7.2
F60A H61A 179 359   161    43  12.4   6.1  13.2
F60A H62A 158 338   167    43  22.7   9.7  22.9
F60A H63A 133 315   209    43  21.7   6.7  17.5
F60A H64A 124 306   260    43  16.0   2.8  12.5
F60A H65A 115 297   323    43  16.6   0.8  12.9
F60A  HAL 100 286   672    35   6.1   2.3   5.5
F60A HANN  90 273   402    42   9.4   0.1   8.6
F60A HOLY  80 264   428    43  10.9   0.7   7.3
F60A I57A 234  51   370    43   2.5  15.4  13.8
F60A I60A 205  24   259    43   7.2  17.4  17.2
F60A I62A 168 348   238    43  21.9  12.6  19.0
F60A I63A 153 334   239    43  23.4   3.2  21.0
F60A I64A 140 322   292    43  18.8   1.0  15.4
F60A  ICQ  40 223   528    43  10.3   0.9   6.9
F60A J59A 217  35   344    43   4.0  15.1  13.4
F60A J62A 178 358   305    43   7.7   7.8   8.1
F60A J63A 167 347   307    43  17.0   7.9  15.5
F60A K60A 203  22   403    31   3.4   9.1   7.7
F60A K62A 184   3   368    43   7.8   7.2   7.9
F60A L63A 176 357   457    43   6.6   7.0   6.3
F60A L65A 160 341   463    43  15.8   4.9  12.8
F60A LATQ 338 158   170    43   6.8  22.6  19.9
F60A  LMN  89 274   554    37   9.5   0.5   7.6
F60A LSQQ 314 130   511    43   4.1  13.7  11.9
F60A M66A 164 345   543    43   8.1   0.4   7.1
F60A MALY  89 275   667    43   8.8   0.5   6.4
F60A N62A 193  12   573    43   1.9   8.6   6.7
F60A NATG  51 238   832    31   6.0   1.3   5.1
F60A PLVO 257  74   413    43   2.5  13.2  11.9
F60A QM16 104 287   323    43   2.6   2.2   2.9
F60A QM38  23 204   207    43  20.4   1.4  17.9
F60A QM50   5 185   272    43   9.1  10.8  12.4
F60A QM60 344 163   371    43   2.2   6.6   7.6
F60A QMM5  22 204   590    32   4.7   2.4   2.7
F60A SUSY  91 275   507    43  10.9   2.0  10.0
F60A VLDQ 301 117   505    43   1.8  12.5   9.8
F60A  WES 173 353   401    43  14.6   9.2  14.5
F61A F62A  96 277    80    56  24.1  10.4  24.2
F61A F64A  92 274   205    56  14.4   6.4  13.4
F61A G57A 254  71   327    39   1.6  13.1  11.3
F61A G61A 209  28    87    56  10.8  20.7  22.8
F61A G62A 157 337    91    56  26.6  15.1  24.2
F61A G63A 131 312   144    56  23.1   8.3  21.7
F61A  GBN  91 278   741    56   9.1   0.9   6.7
F61A  GGN 105 288   338    55  16.1   2.7  14.3
F61A H61A 205  24   177    56  12.5  22.2  23.3
F61A H62A 185   5   156    56  16.0  17.4  18.1
F61A H63A 152 333   164    56  25.7   8.4  22.8
F61A H64A 136 317   203    56  16.0  10.2  16.6
F61A H65A 122 304   258    56  18.7   3.0  15.3
F61A HANN  90 273   328    55  11.0   1.3   8.6
F61A HOLY  78 262   354    56  16.4   1.8  13.6
F61A I57A 240  57   432    56   2.7  16.0  13.6
F61A I60A 218  37   298    56   5.9  14.7  14.4
F61A I62A 187   7   235    56  10.5  19.7  21.4
F61A I63A 171 352   216    56  23.4  13.1  21.2
F61A I64A 154 335   252    56  21.8   3.8  19.1
F61A  ICQ  34 217   483    56  11.5   3.3   9.8
F61A J59A 226  44   394    56   2.8  13.7  10.5
F61A J62A 192  12   312    56   8.1  15.6  14.1
F61A JOSY 114 298   435    45   9.6   2.2   7.5
F61A K60A 213  31   439    31   1.2   6.2   3.5
F61A K62A 196  15   381    56   7.7  14.1  13.3
F61A L63A 186   6   459    56   6.8  13.0  12.1
F61A L65A 170 351   445    56  12.3   7.4  11.3
F61A LATQ 319 138   208    56   5.3  21.7  19.7
F61A  LMN  89 274   480    50   9.5   4.2   8.0
F61A M66A 172 353   528    56   9.9   4.6   9.1
F61A MALY  89 275   593    56   8.9   1.5   6.4
F61A N62A 201  19   595    56   3.5   8.0   8.3
F61A NATG  49 235   774    31   7.6   2.2   6.5
F61A PLVO 260  76   486    56   0.2  13.4  11.0
F61A QM38   3 183   189    56  10.1  17.2  15.6
F61A QM50 350 169   275    56  10.2  21.6  19.0
F61A QM60 334 153   396    55   1.2   3.0   2.6
F61A QMM5  16 198   565    32  11.5   7.5  12.4
F61A SUSY  92 276   433    56  15.4   1.6  11.5
F61A VLDQ 298 113   569    52   0.4  12.0  11.0
F61A  WES 184   4   400    56   9.2  12.3  11.4
F61A WODY  99 283   504    56   9.3   0.1   7.0
F62A F64A  91 272   126    62  17.8   1.7  14.4
F62A G57A 259  76   402    39   0.9  17.3  13.9
F62A G59A 251  69   267    45   1.5  13.0   9.5
F62A G61A 241  60   140    59   5.7  20.6  19.1
F62A G62A 211  30    87    62   7.2  24.0  20.2
F62A G63A 163 343    91    62  27.5   9.0  23.6
F62A  GGN 108 291   259    61  17.0   1.6  13.9
F62A H61A 226  45   217    62   8.5  21.6  19.4
F62A H62A 213  32   174    62  16.3  23.7  23.2
F62A H63A 182   2   137    62  22.0  15.0  22.3
F62A H64A 157 338   151    62  24.6  10.1  20.8
F62A H65A 134 315   190    62  20.5   6.9  19.0
F62A HANN  89 272   248    61  17.5   1.5  14.3
F62A HOLY  74 257   279    62  21.2   7.1  20.6
F62A I60A 230  48   348    62   3.2  14.6  12.0
F62A I62A 206  25   249    62  13.0  19.9  20.0
F62A I63A 194  13   211    62  17.2  14.4  16.6
F62A I64A 173 353   221    62  17.6  11.3  15.3
F62A  ICQ  26 208   451    62   9.5   2.2   9.7
F62A J59A 235  52   450    62   2.6  12.5  10.9
F62A J62A 207  26   331    62   4.2  13.5   9.9
F62A J63A 197  16   304    62   9.9  14.1  14.7
F62A JOSY 119 302   360    51  15.2   2.3  11.1
F62A K60A 222  39   480    31   3.7  10.9   9.2
F62A K62A 208  26   402    62  10.1  17.5  16.3
F62A L63A 197  16   467    62   7.2  13.2  12.3
F62A L65A 181   1   430    62  11.4   7.8  11.6
F62A LATQ 308 126   272    62   1.3  18.9  15.6
F62A  LMN  89 273   401    56  15.7   2.8  12.6
F62A M66A 182   1   515    62   4.2   2.7   5.3
F62A MALY  89 274   514    62  11.7   1.3   8.0
F62A N62A 208  26   620    62   0.6  13.3   9.6
F62A NATG  45 230   722    31   7.7   0.3   5.4
F62A PLVO 263  78   564    62   1.1  15.3  10.6
F62A QM16 115 297   175    62  12.8   4.9  11.3
F62A QM38 341 161   209    62   7.8  23.6  18.9
F62A QM50 336 155   307    57   3.3  18.2  15.1
F62A QM60 326 144   443    55   1.5   5.1   5.6
F62A QMM5   9 189   557    32   4.5   7.5   7.2
F62A SUSY  92 275   353    62  19.2   2.5  15.2
F62A VLDQ 296 110   644    52   1.5  10.9   8.4
F62A  WES 196  15   405    62  10.5  13.6  13.9
F62A WODY 100 284   424    62   7.6   0.3   4.1
F64A G57A 263  78   525    39   0.7  11.7  10.6
F64A G61A 257  74   256    59   3.9  23.6  22.6
F64A G62A 248  66   185    62   3.8  24.4  21.6
F64A G63A 230  50   129    62   9.1  23.5  21.8
F64A  GBN  93 278   535    62   8.3   1.7   7.5
F64A  GGN 125 306   144    61  18.4   8.0  15.3
F64A H61A 243  61   318    62   1.8  16.7  15.4
F64A H62A 238  56   263    62   4.5  16.4  14.3
F64A H63A 225  44   188    62  12.8  23.3  22.8
F64A H64A 207  26   152    62  13.8  14.5  13.3
F64A H65A 176 356   130    62  22.5  14.0  20.0
F64A  HAL 108 292   398    54   7.8   0.9   5.5
F64A HANN  88 270   123    61  16.3   7.4  15.4
F64A HOLY  62 244   163    62  24.0   6.7  20.3
F64A I57A 252  67   615    62   1.0  11.4  10.5
F64A I60A 242  58   450    62   0.2  10.8   8.0
F64A I62A 228  46   323    62   6.8  24.7  23.0
F64A I63A 222  40   268    62   6.1  17.3  15.5
F64A I64A 206  25   239    62   6.0  17.1  12.8
F64A  ICQ  11 192   415    62   5.2   8.1  10.9
F64A J59A 244  59   556    62   3.0  11.0   9.0
F64A J62A 224  42   402    62   3.8  19.7  18.1
F64A J63A 218  36   360    62   2.6  18.2  15.4
F64A JOSY 133 315   256    51  11.3   7.4   9.0
F64A K60A 233  49   571    31   2.5   7.3   7.5
F64A K62A 222  40   472    62   4.4  18.7  15.8
F64A L63A 212  29   516    62   5.7  16.3  16.1
F64A L65A 198  17   447    62  10.1   9.4  10.8
F64A LATQ 298 115   379    62   0.3  11.6   8.7
F64A  LMN  89 271   275    56  13.6   6.3  13.2
F64A LSQQ 302 115   741    62   1.4   9.4   6.4
F64A M66A 196  15   531    62   4.8   5.5   5.3
F64A MALY  89 273   388    62  13.4   5.8  11.5
F64A N62A 219  35   687    62   2.0  13.5  10.1
F64A NATG  38 222   642    31  13.4   1.5  10.4
F64A PLVO 265  79   688    62   1.6  12.3   9.1
F64A QM16 157 337    79    62  14.8   9.6  16.0
F64A QM38 317 136   278    62   2.1  17.3  14.3
F64A QM50 320 137   378    57   4.4  16.8  14.3
F64A QMM5 357 176   555    32   1.2   8.7   4.6
F64A SUSY  93 275   227    62  17.9   4.1  15.3
F64A  WES 213  31   454    62   5.1  18.7  16.5
F64A WODY 105 288   300    62  12.0   4.3  10.9
G57A G59A  90 272   142    39  20.1   1.8  15.0
G57A G61A  85 267   272    39  16.5   1.2  14.2
G57A G62A  86 269   350    39   9.3   0.0   8.2
G57A H61A 104 286   250    39  20.6   1.4  17.7
G57A H62A 100 282   308    39  19.9   1.9  17.4
G57A H63A  95 279   394    39  13.9   1.4  11.5
G57A I57A 203  22   140    39   7.9  22.3  18.6
G57A I60A 135 317   194    39  26.6   8.3  22.5
G57A I63A 107 290   369    39  16.2   3.2  15.3
G57A  ICQ  47 233   762    39  13.6   0.5  10.0
G57A J59A 168 348   186    39  16.0  10.3  18.3
G57A J62A 128 311   328    39  18.4   1.8  16.8
G57A J63A 122 304   372    39  14.9   2.0  12.8
G57A JOSY  94 281   717    28   3.6   1.6   3.8
G57A K60A 162 343   290    31  12.9   5.8  13.1
G57A K62A 140 322   350    39  20.4   5.3  15.3
G57A L63A 142 324   452    39  17.2   3.0  13.7
G57A L65A 129 312   525    39  13.0   0.5  10.6
G57A LATQ  33 215   305    39  20.6  10.6  19.1
G57A  LMN  80 268   800    33   8.8   0.8   6.2
G57A LSQQ 342 160   465    39   3.9   8.3   7.8
G57A M66A 136 319   581    39   4.7   1.0   5.7
G57A MALY  81 269   912    39   8.1   0.8   6.5
G57A N62A 165 346   480    39   6.9   3.0   5.2
G57A NATG  53 242  1078    31   6.2   1.4   4.8
G57A PLVO 268  87   165    39   5.2  21.8  17.3
G57A QM38  47 230   427    39  17.5   1.3  15.2
G57A QM50  33 216   446    39  10.5   2.0   8.6
G57A QM60  15 196   469    39   6.0   1.8   5.3
G57A QMM5  34 218   787    32   4.1   0.1   4.5
G57A SUSY  81 268   751    39   7.5   1.1   4.5
G57A VLDQ 329 147   403    39   0.7   9.4   8.2
G57A  WES 134 317   422    39  15.7   0.9  13.3
G59A G61A  80 261   132    45  15.4   1.9  12.7
G59A G62A  85 267   209    45  12.2   3.5   7.9
G59A G63A  88 270   280    45  10.3   2.2   7.9
G59A  GBN  84 272   916    45   1.1   0.6   1.9
G59A  GGN  87 272   499    44   3.9   2.0   2.3
G59A H61A 122 302   117    45  22.6   4.3  20.7
G59A H62A 109 290   170    45  19.1   3.7  18.9
G59A H64A  97 280   317    45  14.8   1.1  10.8
G59A  HAL  90 277   759    37   1.6   0.8   1.6
G59A HANN  78 262   509    44   5.5   0.3   3.0
G59A HOLY  71 255   546    45   4.8   2.8   5.0
G59A I57A 238  56   234    45   0.9  14.3  11.6
G59A I60A 184   4   138    45  17.1  15.4  17.3
G59A I62A 132 313   199    45  20.1   0.4  17.3
G59A I63A 118 300   236    45  20.1   1.2  18.6
G59A I64A 113 296   310    45  10.6   2.8   8.2
G59A  ICQ  40 224   666    45   9.1   0.5   6.8
G59A J59A 211  30   208    45   5.2  16.7  12.0
G59A J62A 152 332   233    45  21.3   4.4  17.9
G59A JOSY  97 282   575    34   4.8   1.4   3.8
G59A K60A 192  11   280    31  10.2  17.1  15.9
G59A K62A 164 345   279    45  12.4   3.2   7.3
G59A L63A 160 341   379    45  12.2   3.3   9.8
G59A L65A 142 324   423    45  10.4   1.4   7.7
G59A LATQ   7 187   258    45   8.8   6.5   8.8
G59A  LMN  80 266   660    39   3.3   0.0   2.2
G59A LSQQ 328 145   528    45   0.0  15.5  12.0
G59A M66A 149 331   491    45   7.4   2.0   5.6
G59A MALY  81 268   772    45   4.7   1.7   3.5
G59A N62A 183   3   462    45   7.1  10.4  11.5
G59A QM38  31 213   339    45  18.8   3.2  17.1
G59A QM50  17 198   388    45  13.9   4.9  11.9
G59A SHEY  86 274   880    45   1.1   0.8   2.5
G59A SUSY  81 266   611    45   5.6   0.6   3.3
G59A VLDQ 316 133   492    45   1.8   8.6   6.7
G59A  WES 153 334   335    45  10.9   3.1  10.0
G59A WODY  87 273   670    45   5.6   0.8   3.5
G61A G62A  95 276    78    59  23.4  13.7  21.0
G61A G63A  96 278   151    59  22.6   5.6  19.0
G61A  GBN  85 273   784    59   8.4   1.1   5.4
G61A  GGN  91 274   369    58  12.7   1.3  11.7
G61A H61A 201  20    90    59  16.8  23.6  22.1
G61A H62A 159 340    84    59  26.5  16.9  25.4
G61A H63A 120 301   136    59  19.3   8.5  17.7
G61A H64A 111 292   195    59  21.5   7.3  20.3
G61A  HAL  94 279   630    51  13.5   0.8  10.7
G61A HANN  78 262   377    58  13.4   0.6  12.1
G61A HOLY  69 252   416    59  18.6   3.0  15.1
G61A I57A 247  64   360    59   2.1  21.7  17.7
G61A I60A 222  41   213    59  11.6  18.3  18.6
G61A I62A 174 355   157    59  18.7  18.5  20.7
G61A I63A 151 332   156    59  24.1   6.8  20.4
G61A I64A 135 316   213    59  23.8   0.6  18.9
G61A J59A 231  49   312    59   3.0  18.8  16.9
G61A J62A 186   6   230    59  12.1  13.2  12.9
G61A J63A 171 351   225    59  17.2  11.0  15.3
G61A K60A 213  32   352    31   4.2  12.3  10.9
G61A K62A 191  11   296    59  13.0  18.9  17.3
G61A L63A 181   1   380    59   9.0  14.3  13.6
G61A L65A 161 342   380    59  18.7   7.0  15.1
G61A LATQ 338 157   253    59   8.1  22.6  20.8
G61A  LMN  81 265   528    53  14.6   2.2  11.1
G61A M66A 165 346   461    59  11.7   2.1  10.1
G61A MALY  82 268   641    59  12.9   1.7  11.9
G61A N62A 199  17   509    59   3.6   7.5   6.7
G61A NATG  46 233   857    31   9.7   1.5   8.1
G61A PLVO 268  84   437    59   1.9  13.5  12.2
G61A QM16  90 273   281    59  11.0   2.2  10.0
G61A QM38  11 191   271    59  16.1  10.6  14.6
G61A QM50 358 178   348    57  10.0   6.0   8.3
G61A QM60 343 162   453    55   3.2   5.3   4.2
G61A QMM5  17 199   651    32   6.0   4.0   6.6
G61A SHEY  88 275   749    59   7.4   2.0   5.4
G61A SUSY  82 266   479    59  14.3   1.2  12.9
G61A  WES 177 357   322    59  11.4  10.1  15.5
G61A WODY  90 275   540    59   8.3   1.0   6.7
G62A G63A  99 279    73    62  20.6  10.0  20.0
G62A  GGN  91 274   290    61  14.1   1.6  11.8
G62A H61A 235  55   135    62   6.7  21.3  18.2
G62A H62A 215  34    87    62   9.4  23.7  21.1
G62A H63A 147 328    73    62  27.8  10.1  23.7
G62A H64A 121 302   122    62  20.4   4.2  14.2
G62A H65A 107 289   189    62  21.9   4.5  17.8
G62A  HAL  94 279   552    54  14.5   1.0  12.9
G62A HANN  75 257   303    61  11.5   3.9  11.1
G62A HOLY  64 247   348    62  16.9   1.7  14.1
G62A I57A 253  69   431    62   4.0  16.8  15.4
G62A I60A 236  54   267    62   3.0  20.1  15.3
G62A I62A 203  23   162    62  16.0  24.2  22.1
G62A I63A 182   2   130    62  17.9  11.8  18.0
G62A I64A 153 334   161    62  23.1  10.0  19.6
G62A  ICQ  26 208   538    62   5.7   3.7   3.9
G62A J59A 240  57   372    62   1.1  18.6  15.9
G62A J62A 205  24   244    62   8.3  18.3  18.6
G62A J63A 192  11   220    62  11.8  11.2  13.9
G62A JOSY 105 288   373    51  10.5   0.5   8.8
G62A K60A 224  42   395    31   1.1   9.4   7.5
G62A K62A 206  25   315    62  14.0  22.3  21.1
G62A L63A 194  13   383    62   6.7  15.8  14.1
G62A L65A 174 354   356    62  13.9   8.0  12.6
G62A LATQ 325 143   297    62   4.2  14.7  12.5
G62A  LMN  79 263   453    56  14.5   0.4  10.4
G62A LSQQ 313 129   649    62   1.0   9.1   8.1
G62A M66A 176 356   441    62  10.4   3.6   7.2
G62A N62A 208  26   533    62   4.9  10.4  10.9
G62A PLVO 270  85   515    62   0.4   8.3   6.8
G62A QM16  89 271   203    62  15.1   5.9  15.6
G62A QM38 355 175   274    62  12.9  11.3  12.8
G62A QM50 347 166   365    57   9.2  20.1  16.3
G62A QM60 335 153   488    55   0.7   3.3   2.4
G62A QMM5  11 192   639    32   3.1   2.4   2.9
G62A SHEY  88 274   672    62   6.9   0.1   4.9
G62A SUSY  80 264   403    62  12.9   1.6  11.4
G62A VLDQ 303 118   643    52   0.9  11.6   9.1
G62A  WES 192  11   321    62   9.1  13.8  12.7
G63A  GGN  89 271   218    61  17.4   3.4  15.4
G63A H61A 251  69   194    62   7.9  23.2  22.7
G63A H62A 244  63   136    62   7.3  22.0  19.3
G63A H63A 213  33    60    62   9.0  27.2  22.6
G63A H64A 149 329    61    62  25.7  10.4  22.4
G63A H65A 113 294   118    62  24.3   6.4  19.5
G63A  HAL  94 278   479    54  18.6   0.5  16.1
G63A HANN  68 250   239    61  17.4   5.7  15.0
G63A HOLY  56 239   291    62  18.1   5.0  16.4
G63A I57A 257  73   498    62   2.6  14.7  12.5
G63A I60A 246  63   325    62   3.0  21.0  16.8
G63A I62A 225  44   194    62  10.1  23.9  22.1
G63A I63A 213  33   141    62   7.7  17.4  17.1
G63A I64A 181   1   133    62  20.2  17.8  22.2
G63A  ICQ  19 201   521    62   9.7   5.6  10.4
G63A J59A 247  63   431    62   2.0  19.4  18.1
G63A J62A 221  39   274    62   8.4  23.4  19.8
G63A J63A 210  29   235    62   9.2  18.3  16.3
G63A JOSY 107 290   301    51  14.9   2.7  12.9
G63A K60A 233  50   441    31   2.0  13.2  11.1
G63A K62A 219  37   344    62   4.3  17.0  13.9
G63A L63A 205  23   395    62   6.6  13.5  13.9
G63A L65A 186   6   345    62  13.9  12.1  15.7
G63A LATQ 317 135   351    62   4.6  15.9  14.8
G63A  LMN  76 259   385    56  14.8   6.1  14.8
G63A LSQQ 311 125   710    62   1.1   8.4   6.9
G63A M66A 186   5   430    62   4.6   6.8   5.0
G63A MALY  79 263   496    62  10.4   3.8   9.3
G63A N62A 215  33   561    62   3.4  16.9  16.0
G63A PLVO 272  87   587    62   0.1  11.4   9.2
G63A QM16  85 266   132    62  18.5   4.9  15.9
G63A QM38 342 161   300    62   6.5  23.2  19.9
G63A QM50 338 156   398    57   3.5  17.2  12.8
G63A QMM5   5 186   640    32   1.5   6.5   6.4
G63A SUSY  77 260   334    62  17.1   2.2  13.9
G63A VLDQ 302 116   710    52   0.6  13.4   9.0
G63A  WES 205  24   333    62   5.1  15.2  14.0
G63A WODY  89 272   390    62   9.7   1.4   7.3
 GBN  GGN 267  84   419    61   2.1  13.1   8.1
 GBN H62A 266  80   766    62   1.2  13.1  10.2
 GBN H64A 265  79   613    62   0.7   9.7   7.4
 GBN H65A 264  79   536    62   0.0   9.1   7.6
 GBN  HAL 243  62   185    54   9.8  29.1  24.2
 GBN HANN 279  95   413    61   7.3  12.7  12.0
 GBN HOLY 290 106   403    62   4.3  10.8   9.5
 GBN I57A 267  77  1132    62   0.9   9.0   4.9
 GBN I60A 264  75   950    62   1.9   9.7   8.4
 GBN I62A 261  74   797    62   0.9   7.0   5.4
 GBN I63A 261  75   734    62   2.1   5.7   5.4
 GBN J62A 257  70   856    62   0.0   9.5   7.4
 GBN JOSY 252  69   378    51   4.2  17.7  14.6
 GBN L63A 248  61   904    62   2.1   7.6   6.8
 GBN L65A 244  58   783    62   1.5  14.5  11.6
 GBN LATQ 288 100   893    62   0.2   4.7   3.0
 GBN  LMN 282 100   262    56   5.2  11.3  10.6
 GBN LSQQ 295 103  1237    62   1.7   4.7   3.1
 GBN M66A 240  54   837    62   2.6   3.2   3.7
 GBN MALY 287 106   150    62  10.1  20.4  16.0
 GBN N62A 247  59  1090    62   1.2   6.7   5.3
 GBN QM16 270  85   505    62   0.1  16.0  10.4
 GBN QM38 293 106   759    62   0.7   7.3   5.6
 GBN QM50 297 110   841    57   0.7   3.5   3.5
 GBN SHEY 231  50    48    62  21.2  35.8  33.8
 GBN SUSY 278  95   308    62   5.1  11.6  13.1
 GBN VLDQ 290  98  1275    52   0.8   1.6   0.3
 GBN  WES 250  64   856    62   0.1   8.4   5.6
 GBN WODY 263  81   250    62  10.5  20.6  17.9
 GGN H61A 262  79   408    61   0.4  11.9   8.5
 GGN H62A 261  78   346    61   3.8  12.8  13.2
 GGN H63A 260  78   257    61   4.0  19.6  17.5
 GGN H64A 255  73   195    61  10.6  17.8  16.2
 GGN H65A 248  67   120    61  10.8  23.4  22.8
 GGN  HAL 101 283   262    54  15.8   9.1  15.9
 GGN HANN   4 184    85    61  27.1  24.7  27.4
 GGN HOLY  10 191   159    61  24.2  20.6  26.3
 GGN I57A 263  76   713    61   1.2   9.6   7.7
 GGN I60A 257  72   532    61   3.1  15.9  13.4
 GGN I62A 250  67   383    61   0.7  18.0  14.4
 GGN I63A 250  67   320    61   1.0  20.8  17.6
 GGN I64A 240  58   259    61   9.0  23.1  20.4
 GGN  ICQ 356 176   491    61   2.5   3.2   4.2
 GGN J59A 256  71   638    61   1.6  13.8  11.9
 GGN J62A 244  60   450    61   1.6  21.0  17.4
 GGN JOSY 145 326   116    50  22.1  14.0  21.1
 GGN K60A 246  61   631    30   2.4   9.8   8.7
 GGN K62A 240  56   512    61   1.8  10.6   7.2
 GGN L63A 228  45   529    61   2.2  13.3  11.0
 GGN L65A 218  36   430    61   8.1  20.1  18.1
 GGN  LMN  62 244   179    55  20.4   2.4  17.4
 GGN M66A 213  31   505    61   2.5   6.0   5.5
 GGN MALY  73 256   283    61  14.3   4.9  12.4
 GGN NATG  26 209   649    30   8.7   3.8   9.0
 GGN PLVO 273  86   805    61   1.4   5.2   2.6
 GGN QM16 277  96    88    61   7.4  21.2  16.5
 GGN SHEY  88 271   382    61   9.9   6.0   8.2
 GGN SUSY  58 239   129    61  23.3   8.8  21.8
 GGN VLDQ 296 108   902    51   1.3   7.7   5.2
 GGN  WES 231  48   471    61   2.3  16.2  13.1
 GGN WODY  90 272   172    61  12.9  10.2  11.9
H61A H62A  85 265    62    62  23.0   8.5  21.1
H61A H63A  84 265   151    62  22.9   8.1  22.9
H61A H64A  86 267   215    62  18.4   4.8  13.6
H61A H65A  85 268   293    62  17.7   3.7  16.2
H61A HANN  68 251   432    61  15.6   4.5  14.4
H61A HOLY  61 244   481    62  18.3   2.2  16.6
H61A I57A 259  76   305    62   2.6  17.6  16.0
H61A I60A 236  55   133    62   9.3  24.9  23.0
H61A I62A 147 327    86    62  26.3  11.9  26.4
H61A I63A 116 297   120    62  25.5   4.6  22.7
H61A I64A 109 291   195    62  17.1   4.8  15.8
H61A J59A 241  59   238    62   2.6  20.3  17.1
H61A J62A 176 356   144    62  10.7  15.4  15.5
H61A J63A 153 334   154    62  27.4  10.8  25.7
H61A K60A 217  36   265    31   4.5  13.7  12.1
H61A K62A 187   7   208    62  12.1  17.5  14.0
H61A L63A 175 355   297    62  13.0  12.6  15.0
H61A L65A 151 332   316    62  19.1   7.2  16.8
H61A LATQ 349 168   325    62   7.6  21.0  19.2
H61A  LMN  73 258   579    56  18.1   2.3  14.8
H61A LSQQ 324 141   634    62   1.9  11.8  11.3
H61A M66A 157 339   391    62  12.3   7.3  10.6
H61A MALY  75 261   688    62  10.5   1.4   8.4
H61A N62A 198  17   419    62   6.3   9.3   7.6
H61A NATG  44 230   939    31  10.4   0.4   8.5
H61A PLVO 280  96   411    62   0.7  19.3  14.3
H61A QM16  75 258   323    62  16.1   2.0  15.7
H61A QM38  13 194   360    62  15.6   7.4  16.2
H61A QM50   3 183   432    57   5.1  11.2   9.7
H61A QM60 349 168   527    55   2.6   1.3   2.2
H61A QMM5  17 200   741    32   5.5   2.4   4.3
H61A SUSY  73 258   528    62  16.2   1.5  14.3
H61A  WES 168 349   243    62  13.2  13.5  14.8
H62A H63A  83 264    89    62  21.3   7.7  16.4
H62A H64A  87 268   154    62  19.0   3.7  17.0
H62A H65A  86 268   231    62  19.9   4.6  17.0
H62A  HAL  87 272   600    54   6.4   0.5   5.9
H62A HANN  66 249   374    61  17.2   2.5  15.3
H62A HOLY  58 241   426    62  16.3   2.8  13.3
H62A I57A 260  77   367    62   0.7  15.6  13.1
H62A I60A 245  64   189    62   4.3  23.0  20.0
H62A I62A 191  10    79    62  12.2  17.5  16.5
H62A I63A 142 322    74    62  25.4  16.4  24.6
H62A I64A 120 301   142    62  22.3   6.6  20.1
H62A  ICQ  27 210   624    62   7.7   2.4   6.8
H62A J59A 246  64   295    62   3.2  16.3  16.1
H62A J62A 200  19   159    62  10.5  23.6  20.3
H62A J63A 177 358   144    62  18.3  16.6  17.5
H62A JOSY  93 277   411    51   7.4   1.6   7.0
H62A K60A 226  44   310    31   1.4  12.3  12.0
H62A K62A 203  22   229    62   9.1  22.7  18.5
H62A L63A 187   7   303    62   9.6  18.1  16.7
H62A L65A 162 343   297    62  21.1   9.6  18.4
H62A LATQ 339 157   337    62   7.8  19.9  17.9
H62A  LMN  72 256   519    56  12.0   4.7  11.7
H62A LSQQ 320 136   667    62   1.8  17.9  14.3
H62A M66A 167 348   378    62  12.9   5.2  12.7
H62A MALY  75 260   628    62  12.6   0.4   9.5
H62A N62A 206  24   447    62   4.7  11.4   9.3
H62A NATG  42 228   893    31   6.6   1.7   4.2
H62A QM16  73 256   263    62  18.2   0.2  16.5
H62A QM38   4 184   345    62  11.4   2.0   8.4
H62A QM50 355 175   428    57   8.6   5.7   7.2
H62A QMM5  13 195   719    32   9.0   5.3   9.0
H62A SUSY  72 256   468    62  13.9   1.4  11.4
H62A VLDQ 311 126   647    52   0.1   7.2   4.4
H62A  WES 183   3   244    62  16.4  16.2  18.2
H63A H64A  92 272    65    62  23.8  10.2  19.2
H63A  HAL  88 273   511    54   4.8   2.1   4.4
H63A HANN  61 243   290    61  15.2   3.4  13.0
H63A HOLY  52 235   347    62  12.8   4.9  12.7
H63A I60A 252  70   275    62   3.4  20.2  16.5
H63A I62A 230  49   136    62   9.2  22.0  20.3
H63A I63A 213  32    81    62  13.7  21.5  19.0
H63A I64A 159 339    88    62  26.7  13.2  27.0
H63A  ICQ  20 202   580    62   4.5   2.1   3.4
H63A J59A 251  68   382    62   1.8  17.1  14.7
H63A J62A 222  41   214    62   8.3  21.9  21.7
H63A J63A 209  28   175    62   7.0  20.1  17.9
H63A JOSY  96 279   323    51  11.3   0.9   9.1
H63A K60A 235  53   385    31   3.1  15.8  14.2
H63A K62A 219  38   284    62   8.4  22.9  21.8
H63A L63A 203  22   336    62   6.5  17.9  17.1
H63A L65A 180   0   292    62  14.4   9.7  13.0
H63A LATQ 326 144   370    62   6.1  14.3  12.9
H63A  LMN  70 254   431    56  12.0   2.3  11.4
H63A M66A 181   1   378    62   3.3   3.4   3.6
H63A MALY  74 259   539    62  12.9   2.8  10.8
H63A N62A 215  33   500    62   5.8  20.7  18.9
H63A NATG  38 224   829    31   8.4   0.2   7.1
H63A PLVO 277  92   558    62   0.9  14.3  11.1
H63A QM16  69 250   175    62  22.4   1.7  17.4
H63A QM38 350 169   341    62   6.4  14.7  10.8
H63A QM50 344 163   435    57   8.4  14.5  13.0
H63A QMM5   7 188   694    32   3.6   2.6   3.7
H63A SHEY  82 268   638    62   7.0   2.6   5.8
H63A SUSY  70 254   380    62  13.9   3.7  12.9
H63A VLDQ 306 121   711    52   0.2   6.0   3.3
H63A  WES 203  22   273    62   7.7  21.4  17.9
H63A WODY  82 265   427    62  15.5   3.4  12.9
H64A H65A  85 266    77    62  22.8  11.5  21.0
H64A  HAL  88 272   447    54   9.7   1.2   8.6
H64A HANN  54 235   237    61  20.5   8.0  18.9
H64A HOLY  45 227   300    62  17.8   5.6  15.0
H64A I60A 256  73   337    62   4.1  20.4  17.5
H64A I62A 244  63   189    62   5.7  21.2  18.8
H64A I63A 239  58   127    62   4.4  22.5  17.5
H64A I64A 203  22    87    62  19.7  16.6  18.9
H64A  ICQ  15 196   562    62   6.0   7.5   8.4
H64A J59A 255  71   443    62   0.2  15.9  14.6
H64A J62A 234  52   261    62   7.6  20.7  17.9
H64A J63A 225  44   212    62  10.3  25.4  23.7
H64A JOSY  98 280   259    51  11.7   4.6   8.0
H64A K60A 241  58   439    31   2.8   9.4   9.8
H64A K62A 229  47   328    62   6.5  23.4  21.5
H64A L63A 213  31   365    62   2.7  11.2  10.8
H64A L65A 193  13   298    62  20.0  19.5  23.8
H64A LATQ 319 137   411    62   4.4  11.8  10.3
H64A  LMN  67 250   372    56  10.3   2.6   9.6
H64A LSQQ 312 127   768    62   1.3   4.4   3.3
H64A M66A 192  11   383    62   8.4   7.9   8.2
H64A MALY  72 257   478    62  17.0   1.2  12.7
H64A N62A 222  39   539    62   2.5  15.0  11.9
H64A NATG  35 220   792    31   8.3   0.9   6.7
H64A PLVO 277  91   622    62   2.3  13.7  10.0
H64A QM16  57 238   118    62  21.7   6.9  19.7
H64A QM38 340 159   360    62   7.1  16.3  14.9
H64A QM50 337 155   459    57   4.6  15.6  14.7
H64A QM60 330 147   593    55   2.4   4.1   2.8
H64A QMM5   2 183   690    32   5.4   7.0   6.2
H64A SHEY  82 267   574    62  11.1   0.9   8.7
H64A SUSY  67 249   321    62  16.6   6.0  13.6
H64A  WES 215  33   303    62   5.3  10.3   9.3
H64A WODY  80 264   364    62  15.9   2.5  13.7
H65A  HAL  89 273   369    54  11.6   1.3   9.2
H65A HANN  41 222   176    61  23.2  10.4  18.2
H65A HOLY  34 215   246    62  15.7   9.0  14.4
H65A I57A 264  79   597    62   0.5  11.2  10.0
H65A I60A 259  75   414    62   0.1  17.5  15.6
H65A I62A 251  69   263    62   0.5  18.8  16.3
H65A I64A 233  52   140    62  10.2  26.1  21.5
H65A  ICQ   8 188   542    62   4.5   6.5   6.6
H65A J62A 242  59   329    62   5.0  17.0  17.1
H65A J63A 236  54   276    62   0.8  16.8  11.6
H65A JOSY 104 286   184    51  18.2   1.8  13.9
H65A K60A 245  61   510    31   3.4   7.7   5.5
H65A K62A 236  54   393    62   2.4  13.0  11.8
H65A L63A 222  40   417    62   4.7  19.3  17.5
H65A L65A 207  26   330    62   9.4  20.2  17.9
H65A LATQ 312 129   461    62   0.2  13.6  11.3
H65A LSQQ 309 123   823    62   0.2   5.0   2.9
H65A M66A 203  21   412    62   1.9  12.1  10.4
H65A MALY  71 254   403    62  13.4   2.7  12.4
H65A N62A 227  44   597    62   0.3  10.3   9.3
H65A NATG  31 215   744    31   7.3   2.2   5.8
H65A QM16  22 202    62    62  24.3  15.0  20.9
H65A QM38 330 148   387    62   3.0  12.0   9.0
H65A QM50 329 146   489    57   2.8  13.8  11.9
H65A QM60 324 140   630    55   0.0   0.7   0.8
H65A QMM5 357 176   685    32   3.3   9.2   7.6
H65A SHEY  82 267   497    62  12.7   1.8  10.1
H65A SUSY  62 244   249    62  22.4  11.8  20.5
H65A  WES 225  43   357    62   3.6  19.3  16.0
H65A WODY  80 262   287    62  20.4   5.5  18.6
 HAL HANN 300 118   285    54   9.6  16.8  14.5
 HAL HOLY 314 132   307    54   7.9  12.3  11.6
 HAL I60A 267  80   779    54   1.6   6.6   5.9
 HAL I64A 263  79   489    54   1.5  12.9   9.6
 HAL  ICQ 334 151   611    54   1.3   5.6   4.6
 HAL J59A 265  78   884    54   0.4   5.5   3.2
 HAL J62A 260  74   678    54   0.4  11.3   7.9
 HAL J63A 259  73   619    54   1.8   9.2   7.4
 HAL JOSY 259  77   197    43  12.5  18.0  17.5
 HAL K60A 258  71   860    25   1.7   7.5   5.9
 HAL K62A 256  70   731    54   2.4  13.6  12.2
 HAL L65A 243  59   599    54   0.1  14.7  11.8
 HAL LATQ 296 110   774    54   0.9   5.2   3.4
 HAL  LMN 325 144   165    49   6.5  18.4  15.6
 HAL MALY   8 188   130    54  22.6  17.4  24.0
 HAL N62A 246  60   906    54   0.8   9.1   6.2
 HAL NATG   5 186   631    25   4.3   3.0   3.7
 HAL QM16 282  99   350    54   1.4   5.8   3.8
 HAL QM38 304 118   654    54   2.7   4.8   4.2
 HAL QM50 307 121   747    49   1.4   5.7   2.9
 HAL SHEY  66 247   138    54  29.5  11.5  25.4
 HAL SUSY 310 129   188    54   6.6  22.1  17.1
 HAL VLDQ 295 105  1156    44   0.6   1.8   1.9
 HAL  WES 251  66   673    54   2.6  10.0   8.4
 HAL WODY 302 121    99    54  10.2  25.2  22.5
HANN HOLY  18 198    75    61  26.7  28.6  30.5
HANN I60A 249  64   563    61   3.6  11.6  10.5
HANN I62A 240  57   424    61   1.4  17.6  14.3
HANN I63A 237  55   363    61   4.0  15.9  14.1
HANN I64A 227  45   314    61   6.5  16.4  14.1
HANN J59A 249  64   669    61   1.6  12.7  10.7
HANN J62A 235  52   498    61   1.6  16.3  13.8
HANN J63A 231  48   448    61   1.7  16.5  14.8
HANN JOSY 161 342   189    50  21.1  13.1  20.1
HANN K60A 240  55   674    30   0.1   6.2   4.0
HANN K62A 233  49   564    61   4.8  16.8  15.4
HANN L63A 223  39   592    61   2.8  15.0  11.8
HANN L65A 213  31   503    61   7.7  15.9  14.5
HANN  LMN  90 272   152    55  15.9   3.9  14.2
HANN LSQQ 298 111   846    61   0.9   6.1   4.5
HANN M66A 209  27   581    61   3.0  12.6   9.8
HANN MALY  91 273   265    61  14.9   9.8  14.4
HANN N62A 227  42   772    61   1.2   7.3   4.5
HANN NATG  30 213   572    30   9.1   3.1   9.4
HANN PLVO 267  80   811    61   1.2   5.1   2.9
HANN QM16 231  51   119    61   6.9  21.4  19.7
HANN QM38 304 121   370    61   0.7  10.7   8.5
HANN QM50 309 125   465    56   3.4   6.6   6.2
HANN QM60 309 124   615    54   0.8   0.2   1.4
HANN QMM5 345 164   572    31   3.0   5.0   4.5
HANN SHEY 101 284   383    61  11.3   4.1  11.9
HANN SUSY 100 280   105    61  17.4  11.1  16.8
HANN  WES 225  42   533    61   1.6   9.8   7.7
HANN WODY 117 299   186    61  21.0   8.7  18.5
HOLY I57A 252  65   777    62   0.6   8.7   6.3
HOLY I60A 243  59   614    62   2.8  12.3  11.7
HOLY I62A 234  51   483    62   2.3  15.3  12.3
HOLY I63A 231  48   424    62   2.8  15.2  11.5
HOLY I64A 222  40   382    62   9.4  19.1  17.0
HOLY  ICQ 350 169   339    62   4.1  11.7   9.7
HOLY J59A 245  59   719    62   0.5   8.3   7.0
HOLY J62A 231  47   559    62   3.7  11.4   8.8
HOLY J63A 227  44   513    62   2.4  14.8  12.2
HOLY JOSY 172 352   254    51  18.4  15.0  17.5
HOLY K60A 236  51   732    31   1.0   5.7   3.6
HOLY L63A 220  37   661    62   1.9   9.6   8.3
HOLY L65A 211  29   576    62   5.8  10.7  10.8
HOLY  LMN 120 301   148    56  18.0  12.3  15.1
HOLY LSQQ 293 106   836    62   0.8   5.8   4.8
HOLY M66A 208  25   655    62   1.9   5.4   4.7
HOLY MALY 108 290   254    62  21.0   4.4  16.4
HOLY N62A 225  40   839    62   0.6   8.3   5.8
HOLY NATG  32 214   498    31  11.0   6.2  10.7
HOLY PLVO 263  75   841    62   0.3   9.1   6.1
HOLY QM16 219  38   186    62   8.0  23.7  18.5
HOLY QM60 302 117   592    55   2.1   1.1   1.1
HOLY QMM5 341 159   510    32   1.3   8.0   7.3
HOLY SHEY 112 296   381    62  12.8   6.0  13.0
HOLY SUSY 138 319   120    62  17.9   8.8  13.9
HOLY WODY 138 319   212    62  21.8  11.3  19.6
I57A I60A  92 274   191    62  25.0   3.1  21.7
I57A I63A  86 270   408    62  18.0   0.5  14.7
I57A  ICQ  43 229   891    62   4.4   0.1   3.7
I57A J59A 119 300   107    62  26.0  10.5  22.4
I57A J62A 103 286   321    62  16.1   0.6  13.3
I57A J63A 100 283   377    62  17.7   1.0  14.4
I57A K60A 135 316   205    31  16.0   7.9  16.1
I57A L63A 123 306   403    62  18.6   3.5  15.4
I57A LATQ  29 211   444    62  14.7   2.0  12.5
I57A LSQQ 350 169   578    62   5.7   3.6   5.4
I57A N62A 151 332   380    62  11.9   4.1  10.6
I57A PLVO 318 137   166    62  10.6  18.1  15.5
I57A QM16  74 260   628    62  11.1   1.1   9.5
I57A QM38  40 224   559    62  14.8   1.9  12.4
I57A QM50  30 213   585    57  14.2   0.5  12.3
I57A QMM5  32 217   925    32   6.3   1.4   4.6
I57A SHEY  78 268  1094    62   4.1   0.1   2.9
I57A VLDQ 342 160   500    52   5.5   7.6   6.2
I60A I62A  88 269   157    62  23.6   5.6  20.3
I60A I63A  83 265   219    62  18.6   6.6  16.7
I60A I64A  87 270   294    62  17.4   4.3  13.4
I60A  ICQ  34 218   781    62   4.1   3.5   2.7
I60A J59A 247  66   107    62   9.6  25.8  25.2
I60A J62A 119 300   138    62  22.9   7.6  19.6
I60A J63A 109 290   190    62  19.8   6.6  17.2
I60A JOSY  83 268   585    51   8.8   0.9   7.8
I60A K60A 200  19   145    31  11.0  16.6  16.1
I60A K62A 146 327   157    62  26.1  13.9  23.5
I60A L63A 147 329   259    62  21.1   9.0  18.5
I60A L65A 126 308   332    62  20.9   2.6  17.1
I60A LATQ   6 186   395    62  15.0  10.9  14.5
I60A LSQQ 335 153   645    62   2.8  10.3   9.0
I60A M66A 137 319   387    62  10.1   2.3   6.8
I60A N62A 183   3   324    62  10.1  15.9  17.0
I60A QM16  68 252   451    62  13.0   0.4  12.8
I60A QM38  23 205   466    62  12.8   2.7  11.3
I60A QM50  13 195   523    57  20.6   6.4  18.0
I60A SHEY  77 265   910    62   8.6   1.4   7.9
I60A SUSY  69 254   656    62  12.3   0.8  10.2
I60A VLDQ 326 143   594    52   4.5   9.2   8.8
I60A  WES 135 316   228    62  25.2   6.7  21.1
I60A WODY  76 262   700    62  13.4   0.7  11.1
I62A I63A  72 252    64    62  23.6  13.0  20.5
I62A I64A  87 268   137    62  21.8   4.6  19.9
I62A  ICQ  25 208   700    62   5.9   0.7   4.5
I62A J59A 261  79   260    62   5.3  18.0  16.9
I62A J62A 208  28    82    62  16.0  22.3  21.8
I62A J63A 162 343    69    62  26.0  18.7  22.7
I62A JOSY  82 266   429    51  14.7   2.8  11.8
I62A K60A 237  55   250    31   2.6  16.9  13.3
I62A K62A 209  28   153    62   8.1  21.8  19.0
I62A L63A 186   6   225    62  11.7  19.0  16.1
I62A L65A 152 333   230    62  19.0   6.9  15.9
I62A LATQ 344 163   406    62   3.9  18.0  14.6
I62A  LMN  65 249   561    56  12.2   2.5  10.2
I62A LSQQ 325 141   721    62   1.3  12.9  12.4
I62A M66A 161 342   307    62  13.1   8.3   9.9
I62A MALY  69 254   666    62  11.6   1.9   9.8
I62A N62A 209  28   371    62   4.7  16.0  15.2
I62A NATG  39 225   962    31   7.3   0.6   5.3
I62A PLVO 288 104   475    62   1.1  14.1  11.7
I62A QM16  60 242   307    62  11.0   5.7  11.5
I62A QM38   5 185   424    62  11.3   2.6   9.7
I62A QM50 357 177   505    57   9.7   9.7  10.4
I62A QM60 346 165   608    55   0.3   3.0   3.1
I62A QMM5  13 195   798    32   7.2   1.4   7.6
I62A SUSY  64 248   510    62  14.7   1.7  14.4
I62A VLDQ 316 132   690    52   2.6   6.4   4.4
I62A  WES 180 360   165    62  14.2  14.0  16.0
I62A WODY  73 258   548    62  12.5   1.2   9.4
I63A I64A 101 281    77    62  19.2   3.1  16.8
I63A J59A 260  77   323    62   1.3  16.9  14.8
I63A J62A 228  47   135    62  11.6  26.6  23.4
I63A J63A 205  25    95    62   9.5  22.3  20.5
I63A K60A 240  58   312    31   0.6   8.6   6.9
I63A K62A 222  40   204    62   8.4  22.0  19.6
I63A L63A 199  19   257    62  11.8  19.9  19.4
I63A L65A 169 349   229    62  14.7   9.8  13.4
I63A LATQ 336 154   408    62   4.5  19.7  17.4
I63A  LMN  64 248   498    56  15.3   3.5  13.4
I63A LSQQ 321 136   742    62   1.0  15.7  12.5
I63A M66A 173 353   312    62  14.5   0.9   8.6
I63A MALY  69 254   602    62  11.0   0.6   8.8
I63A N62A 215  33   420    62   6.5  18.4  16.8
I63A PLVO 284 100   528    62   1.4  15.1  10.8
I63A QM16  57 239   245    62  17.3   3.0  16.0
I63A QM38 357 177   403    62   8.3  11.5  10.7
I63A QM50 351 170   491    57   3.2  15.9  12.6
I63A QM60 341 159   607    55   1.1   1.8   1.5
I63A QMM5   9 191   767    32   2.1   1.7   3.4
I63A SHEY  77 263   693    62   8.2   0.9   6.3
I63A VLDQ 312 127   720    52   0.4   8.3   6.5
I63A  WES 198  18   195    62  10.6  20.8  16.9
I63A WODY  74 258   484    62  14.0   3.3  11.3
I64A  ICQ  15 197   648    62   5.2   4.9   7.4
I64A J59A 264  81   396    62   1.7  17.1  13.4
I64A J62A 247  66   192    62   5.4  19.2  16.1
I64A J63A 239  58   137    62   4.7  20.5  18.0
I64A JOSY  81 264   293    51  18.4   5.7  17.1
I64A K60A 249  66   374    31   3.2  12.7  12.3
I64A K62A 237  56   253    62   4.9  21.6  20.2
I64A L63A 216  35   280    62   9.7  16.6  16.3
I64A L65A 189   9   213    62  18.3  19.8  20.3
I64A LATQ 329 146   456    62   3.2  14.2  11.2
I64A  LMN  59 242   438    56  14.3   2.5  12.6
I64A M66A 188   8   298    62   7.2  15.0  13.7
I64A MALY  65 249   538    62   8.6   2.7   6.3
I64A N62A 225  42   458    62   1.4  16.9  13.7
I64A NATG  34 219   876    31   6.1   0.1   5.6
I64A QM16  42 224   196    62  22.1   7.1  18.6
I64A QM38 348 167   428    62   4.4  14.5  13.2
I64A QM50 343 162   523    57   4.8  13.4  11.5
I64A QM60 335 153   649    55   1.1   3.1   2.6
I64A QMM5   4 185   772    32   2.3   6.7   3.6
I64A SHEY  75 260   623    62  12.6   2.5  10.0
I64A SUSY  58 240   388    62  16.3   6.5  15.0
I64A VLDQ 310 124   787    52   0.4   9.7   6.6
I64A  WES 219  38   219    62   5.4  20.3  16.1
I64A WODY  70 253   416    62  11.9   4.7   9.8
 ICQ J59A 222  37   872    62   1.5   3.1   1.7
 ICQ J62A 208  25   782    62   0.9   4.2   2.4
 ICQ J63A 204  22   753    62   2.2   4.7   4.9
 ICQ JOSY 170 351   592    51   5.4   3.3   5.9
 ICQ K60A 216  31   922    31   0.9   4.9   5.1
 ICQ K62A 209  25   853    62   0.7   2.7   2.7
 ICQ L63A 203  20   915    62   1.1   2.9   1.7
 ICQ L65A 196  14   860    62   2.6   3.2   4.1
 ICQ LATQ 242  58   472    62   1.6  15.3  14.2
 ICQ  LMN 155 336   448    56   2.1   2.6   1.7
 ICQ N62A 209  25  1071    62   1.9   2.4   3.1
 ICQ NATG  73 257   332    31  15.9   2.3  13.0
 ICQ PLVO 240  53   892    62   1.3  12.9  10.2
 ICQ QM38 233  51   335    62   2.2  15.4  13.0
 ICQ QM50 251  67   344    57   0.6   9.6   7.1
 ICQ QMM5 324 143   183    32   8.6  12.1   9.5
 ICQ SHEY 139 323   630    62   4.3   1.6   4.7
 ICQ SUSY 161 343   445    62   5.5   1.1   5.0
 ICQ VLDQ 263  75   783    52   1.1  10.7   8.0
 ICQ  WES 203  20   853    62   1.4   3.0   2.4
 ICQ WODY 157 339   530    62   5.3   3.2   5.0
J59A J62A  96 278   220    62  20.1   2.6  17.6
J59A J63A  93 275   278    62  17.5   2.6  16.1
J59A K60A 152 332   107    31  19.2   9.8  16.7
J59A K62A 115 296   205    62  24.4   5.8  22.2
J59A L63A 126 308   297    62  20.8   3.3  17.0
J59A L65A 112 295   398    62  18.4   1.6  16.9
J59A LATQ  17 198   456    62  15.3   5.1  12.8
J59A  LMN  68 254   813    56  10.5   1.6   8.4
J59A LSQQ 344 162   650    62   4.0   7.2   8.1
J59A M66A 123 306   435    62  12.5   1.0   8.4
J59A N62A 163 343   294    62  11.9   7.0  10.9
J59A NATG  45 234  1168    31   3.8   0.9   4.0
J59A PLVO 311 130   270    62   4.1  21.1  16.7
J59A QM16  67 252   557    62  12.2   1.9  11.2
J59A QM38  30 213   548    62  18.6   2.7  16.0
J59A QMM5  26 210   927    32   5.1   2.3   4.6
J59A SHEY  75 264  1015    62   4.6   0.2   3.1
J59A VLDQ 335 153   583    52   4.6  10.7   7.7
J59A  WES 114 296   286    62  21.3   1.0  19.7
J59A WODY  74 260   806    62  12.4   0.6   9.1
J62A J63A  84 265    60    62  27.3   7.1  22.7
J62A K60A 249  68   183    31   3.0  19.8  18.7
J62A K62A 209  29    71    62  14.3  24.9  22.7
J62A L63A 174 354   152    62  14.0  14.4  17.3
J62A L65A 132 313   196    62  24.1   4.7  18.5
J62A LATQ 351 170   468    62   7.4   8.2   8.1
J62A  LMN  60 245   628    56  14.3   0.4  11.9
J62A LSQQ 330 146   761    62   0.2   9.5   9.1
J62A M66A 147 328   259    62  13.7   4.6  10.3
J62A MALY  64 250   730    62   9.7   2.7   8.0
J62A N62A 209  28   289    62  10.8  22.8  21.8
J62A NATG  38 225  1042    31   3.7   0.4   3.9
J62A PLVO 297 114   467    62   0.6  18.0  14.6
J62A QM16  53 236   379    62  16.1   4.1  14.6
J62A QM38   8 189   500    62  11.4   5.9   9.6
J62A QM50   1 181   576    57   7.3   4.3   6.3
J62A QM60 350 169   671    55   1.7   0.2   1.7
J62A QMM5  14 196   877    32   5.7   1.5   4.6
J62A SHEY  72 258   813    62  10.8   0.1   9.3
J62A SUSY  59 244   578    62  19.9   0.6  17.0
J62A VLDQ 322 138   720    52   1.6  15.1  11.7
J62A  WES 157 337   102    62  18.4  14.8  17.9
J62A WODY  68 253   608    62   8.2   2.1   7.3
J63A JOSY  73 257   422    51  13.7   0.6   9.6
J63A K60A 253  71   241    31   2.6  19.0  16.6
J63A K62A 235  54   116    62   6.8  24.7  23.6
J63A L63A 196  15   163    62  16.3  19.1  20.8
J63A L65A 148 329   162    62  19.1  11.1  17.2
J63A LATQ 344 163   475    62   3.5  16.9  14.1
J63A  LMN  58 242   574    56  10.9   0.7   8.8
J63A LSQQ 327 142   787    62   1.8  13.0  10.7
J63A M66A 161 341   237    62  16.5   8.5  15.5
J63A MALY  63 248   674    62  12.6   0.9   8.9
J63A N62A 218  36   327    62   4.3  19.1  16.0
J63A NATG  36 222  1001    31   8.5   0.2   6.6
J63A QM16  48 230   329    62  18.8   1.2  16.4
J63A QM38   2 182   489    62   9.0   3.4   7.7
J63A QM50 356 175   572    57   6.5  10.6   9.6
J63A QM60 346 164   677    55   0.4   2.4   1.2
J63A QMM5  11 192   859    32   3.3   2.9   5.0
J63A SHEY  71 257   755    62  11.1   0.5   8.0
J63A SUSY  57 241   524    62  16.2   1.5  12.2
J63A VLDQ 319 134   753    52   0.3  12.1   9.3
J63A  WES 191  11   101    62  11.6  18.5  15.3
JOSY K60A 257  71   663    20   0.0   8.7   6.3
JOSY L63A 242  58   528    51   2.2  12.1   9.3
JOSY L65A 234  52   412    51   5.5  17.9  17.4
JOSY LATQ 306 121   630    51   1.8   4.9   3.4
JOSY  LMN  28 209   201    47  22.6  15.5  21.0
JOSY LSQQ 306 118   993    51   0.1   3.0   1.7
JOSY M66A 227  44   475    51   2.0   8.0   6.2
JOSY MALY  50 232   270    51  17.4  13.2  18.3
JOSY N62A 241  56   715    51   0.5  10.0   7.1
JOSY NATG  19 201   712    20   4.9   1.5   5.5
JOSY PLVO 279  92   881    51   0.8   6.0   2.9
JOSY QM16 305 124   186    51   6.7  19.7  15.3
JOSY QM60 317 132   781    44   0.0   1.9   1.8
JOSY QMM5 345 163   761    21   0.1   3.9   3.1
JOSY SHEY  72 255   333    51  14.8   6.9  13.5
JOSY SUSY  16 196   168    51  18.5  13.3  17.5
JOSY  WES 246  62   478    51   1.5  18.3  15.4
JOSY WODY  49 230   142    51  15.9   7.1  15.7
K60A K62A  87 268   136    31  18.3   0.4  17.5
K60A L63A 113 295   206    31  22.5   3.9  19.8
K60A L65A 100 283   323    31  17.9   4.2  13.5
K60A LATQ   9 190   537    31   7.9   2.6   6.4
K60A N62A 169 350   190    31  15.6   7.9  15.0
K60A PLVO 317 135   372    31   3.5   9.0   9.7
K60A QM38  22 204   611    31   5.8   1.2   2.8
K60A QM50  14 196   667    31  10.6   2.4   8.2
K60A QMM5  21 205   993    31   2.9   2.9   2.2
K60A SHEY  70 258   996    31   7.0   0.5   5.3
K60A  WES  96 278   213    31  19.4   5.1  16.9
K60A WODY  66 253   791    31   5.2   1.5   4.0
K62A L63A 150 330   103    62  24.3  13.8  20.3
K62A L65A 111 292   193    62  23.0   2.7  20.9
K62A LATQ 355 175   526    62   4.6   3.6   4.2
K62A  LMN  57 242   691    56   8.4   1.8   6.3
K62A LSQQ 334 151   800    62   2.0   9.6   8.2
K62A M66A 131 313   234    62  13.4   4.1  12.3
K62A MALY  61 247   789    62   7.6   0.9   5.6
K62A N62A 208  28   218    62   7.1  22.5  20.4
K62A NATG  37 224  1113    31   6.9   2.0   7.7
K62A QM38  11 192   567    62   9.0   1.5   7.4
K62A QM50   4 184   640    57   6.5   2.8   5.1
K62A QM60 354 173   728    55   2.5   1.2   2.0
K62A QMM5  15 197   946    32   3.6   0.7   3.3
K62A SHEY  68 255   867    62  15.0   1.2  12.9
K62A SUSY  56 240   641    62  11.8   0.7   8.8
K62A VLDQ 327 143   750    52   2.0   7.5   7.6
K62A  WES 112 293    81    62  26.9   6.9  24.0
K62A WODY  63 249   665    62   7.9   0.9   6.3
L63A L65A  81 262   130    62  18.6   0.4  16.1
L63A LATQ 352 171   620    62   6.9   5.2   6.4
L63A  LMN  49 233   704    56   8.4   1.0   7.2
L63A LSQQ 334 150   903    62   1.7   8.6   7.1
L63A M66A 118 299   140    62  11.3   4.1  10.3
L63A MALY  54 240   794    62   9.5   0.6   7.1
L63A N62A 237  56   187    62   7.3  17.8  17.8
L63A NATG  33 219  1156    31   5.2   2.0   4.9
L63A PLVO 310 127   566    62   0.2  13.0  10.0
L63A QM38   5 186   649    62  10.9   4.2   9.1
L63A QM50 360 180   727    57   4.4   1.8   3.6
L63A QM60 351 170   823    55   0.4   1.8   0.4
L63A QMM5  11 193  1021    32   3.2   1.9   3.7
L63A SUSY  47 231   656    62  10.2   1.3   8.9
L63A  WES  22 202    63    62  24.8  18.7  24.6
L63A WODY  55 240   667    62   7.8   1.7   5.5
L65A LATQ 341 159   633    62   3.0  18.5  14.7
L65A  LMN  43 227   598    56  12.8   4.2  10.0
L65A LSQQ 328 143   949    62   1.6   6.3   4.8
L65A M66A 185   5    86    62   9.6  19.5  15.7
L65A MALY  50 234   681    62  12.3   2.9  10.6
L65A NATG  29 214  1074    31   3.1   0.0   3.6
L65A QM16  25 206   392    62  12.7   5.6  11.6
L65A QM38 355 174   631    62   3.4   2.7   2.2
L65A QM50 350 169   720    57   2.0   9.2   6.7
L65A QM60 343 161   834    55   1.4   1.4   0.9
L65A SHEY  59 245   737    62  13.0   2.4  10.8
L65A SUSY  41 224   553    62  15.1   3.0  13.5
L65A  WES 291 110   112    62   7.2  23.0  19.3
L65A WODY  50 234   553    62  12.6   3.8  10.5
LATQ  LMN 103 288   634    56   5.4   1.1   3.1
LATQ LSQQ 302 119   363    62   1.9  17.7  14.9
LATQ M66A 162 344   712    62   6.2   0.3   3.7
LATQ MALY 100 287   743    62   7.8   1.5   6.6
LATQ N62A 185   4   719    62   2.7   3.9   3.6
LATQ NATG  63 250   799    31   9.6   0.0   6.2
LATQ PLVO 233  50   421    62   2.4  23.4  19.3
LATQ QM38  77 258   149    62  23.3   2.7  19.8
LATQ QM50  36 217   141    57  24.3   5.7  21.1
LATQ QM60 348 168   203    55   4.4   8.6   6.7
LATQ QMM5  36 219   482    32  11.5   3.5  10.4
LATQ SHEY 103 291   868    62   4.6   0.5   2.4
LATQ SUSY 106 291   593    62   5.4   1.7   4.5
LATQ VLDQ 285 102   383    52   2.1  16.2  15.1
LATQ  WES 168 349   567    62   8.8   4.1   7.8
LATQ WODY 109 295   675    62   7.1   2.2   5.3
 LMN M66A 222  38   668    56   1.3   7.6   4.8
 LMN MALY  93 274   113    56  20.5  11.1  16.7
 LMN NATG  16 198   515    25   6.1   0.2   4.0
 LMN PLVO 269  80   963    56   1.6   6.2   5.4
 LMN QM16 255  73   256    56   2.5  15.7  13.0
 LMN QM38 296 111   504    56   3.4   5.0   4.5
 LMN QMM5 333 150   629    26   0.4   2.6   1.2
 LMN SHEY 109 291   235    56  13.7   5.5  10.3
 LMN SUSY 253  72    51    56  15.2  20.7  20.0
 LMN VLDQ 289 100  1017    46   0.5   2.2   0.3
 LMN WODY 172 352    85    56  20.7  18.4  22.4
LSQQ N62A 162 344   944    62   2.3   0.5   0.2
LSQQ PLVO 181   1   447    62   5.7   7.7   6.8
LSQQ QM38 106 291   479    62  12.6   2.3  10.9
LSQQ QM50  98 282   398    57  15.5   0.1  12.8
LSQQ SHEY 105 296  1217    62   3.2   1.9   2.2
LSQQ SUSY 109 297   946    62   6.9   0.0   5.3
LSQQ VLDQ 211  30   112    52   6.4  23.8  19.5
LSQQ  WES 147 331   862    62  10.6   2.2   9.5
M66A MALY  45 230   744    62   7.8   1.8   5.7
M66A N62A 264  82   282    62   3.2  10.2  10.4
M66A QM38 356 175   715    62   3.8   3.3   4.4
M66A QM50 352 171   804    57   1.7   1.6   1.4
M66A QM60 345 163   914    55   0.2   0.0   1.2
M66A SHEY  54 240   789    62   2.7   0.9   3.6
M66A SUSY  36 219   624    62   7.4   1.1   4.9
M66A  WES 322 141   159    62   0.8  13.1   9.8
M66A WODY  44 228   616    62   5.4   0.2   3.4
MALY N62A 240  53   981    62   0.4   6.9   4.6
MALY NATG   4 185   501    31   1.4   4.4   2.4
MALY PLVO 270  81  1076    62   0.4   5.9   3.8
MALY QM16 261  78   365    62   5.0  16.8  12.2
MALY QM50 298 112   694    57   2.5   3.5   2.2
MALY SHEY 124 305   130    62  16.2  11.8  17.1
MALY SUSY 268  86   162    62  14.8  17.2  17.2
MALY  WES 242  57   741    62   0.6  12.2  10.2
MALY WODY 233  52   128    62  15.0  12.9  13.8
N62A NATG  35 223  1329    31   5.6   0.4   3.9
N62A PLVO 328 146   543    62   0.1  11.4   8.2
N62A QM38  15 196   778    62   6.7   0.7   7.2
N62A QM50   9 190   843    57   9.8   3.5   9.8
N62A QMM5  17 200  1159    32   2.6   1.6   3.3
N62A SHEY  60 247  1044    62   9.2   1.0   6.7
N62A SUSY  48 234   840    62   8.9   0.6   6.9
N62A VLDQ 339 156   875    52   2.6   4.1   2.9
N62A  WES  47 229   241    62  23.7   3.3  20.2
N62A WODY  54 240   853    62   6.1   0.0   3.3
NATG PLVO 247  56  1217    31   1.5   6.6   6.1
NATG QM50 255  69   676    31   1.5  10.6   7.8
NATG QM60 265  77   768    31   1.3   5.2   3.8
NATG SHEY 174 354   576    31   3.2   3.9   3.0
NATG SUSY 202  20   544    31   4.1   7.4   7.4
NATG VLDQ 264  72  1111    31   1.8  10.0   8.3
NATG  WES 220  34  1094    31   0.0   4.4   2.9
NATG WODY 194  13   593    31   2.4   3.5   3.2
PLVO QM38  56 241   561    62  17.5   0.4  13.4
PLVO SHEY  84 275  1186    62   3.6   0.2   2.3
PLVO SUSY  81 269   914    62   6.2   0.2   4.3
PLVO VLDQ 352 171   354    52   8.1   5.2   9.6
PLVO WODY  85 274   977    62   4.5   1.1   3.5
QM16 QM38 322 140   353    62   2.2   5.3   5.6
QM16 QM50 323 140   454    57   0.3   4.0   3.9
QM16 SUSY  73 255   205    62  19.0   2.6  13.9
QM16 WODY  92 274   259    62  14.6   0.5   9.1
QM38 QM50 324 143   101    57   9.3  22.8  21.6
QM38 QM60 313 131   248    55   3.6   5.4   5.3
QM38 QMM5  22 204   383    32  13.5   7.4  13.4
QM38 SHEY 109 296   738    62  12.0   0.4   7.2
QM38  WES 184   3   589    62   3.5  10.9   8.9
QM38 WODY 119 303   555    62  10.1   3.1  10.4
QM50 QM60 305 124   149    55   2.4   7.8   6.6
QM50 QMM5  36 218   341    32  16.0   6.0  12.1
QM50 SUSY 120 305   560    57   5.8   3.3   5.2
QM50  WES 178 358   670    57   4.8   5.2   5.1
QM50 WODY 122 307   649    57   5.5   1.1   3.2
QM60 QMM5  58 242   375    32  17.9   1.6  15.8
QM60 SUSY 120 306   708    55   0.3   0.5   1.4
QM60 VLDQ 253  70   343    52   2.9   6.5   6.2
QM60 WODY 121 308   798    55   0.7   1.2   1.6
QMM5 SHEY 139 324   813    32   2.4   0.5   1.2
QMM5 SUSY 155 338   622    32   7.8   0.3   4.1
QMM5 VLDQ 249  62   712    32   0.1  12.0   8.3
QMM5  WES 193  11   960    32   1.1   2.6   3.6
SHEY SUSY 285 102   277    62   7.3  14.2  12.3
SHEY VLDQ 291 100  1251    52   1.4   1.3   2.4
SHEY WODY 270  88   211    62  11.3  17.9  16.5
SUSY WODY 139 319    91    62  23.8   9.4  19.2
VLDQ  WES 140 324   819    52   8.2   2.4   5.6
VLDQ WODY 104 294  1058    52   2.3   1.2   2.3
