 A11  A64  19 200    69    81   7.7   7.6   8.3
 A11 BATG  88 271   313    90   5.4   3.9   5.3
 A11 CHEG  90 277   725    90   1.7   0.8   0.5
 A11 D56A 268  85   346    60   2.0   1.9   1.7
 A11 D59A 259  77   127    60  13.4   2.9  10.9
 A11 D60A 237  56    66    60   9.3   8.8   9.9
 A11 D62A 101 282    89    59   7.5   5.4   5.9
 A11 D63A  97 279   160    43   6.8   4.7   5.9
 A11 E55A 261  77   455    60   1.6   0.6   4.5
 A11 E58A 249  67   254    60   3.5   3.3   2.7
 A11 E62A 143 324    86    60   6.3   8.3   7.5
 A11 E64A 116 298   203    44   1.3   9.7   4.9
 A11 EMMW 142 324   353    90   0.1   6.2   4.6
 A11 F57A 247  64   380    60   3.4   2.7   6.9
 A11 F60A 224  43   195    60   4.2   3.3   3.8
 A11 F61A 204  23   154    60   5.4   5.9   6.9
 A11 F62A 173 353   151    64   7.5   8.3   8.4
 A11 F64A 137 318   209    68   6.6   5.8   6.0
 A11 G57A 239  56   440    60   3.7   4.3  11.1
 A11 G59A 225  43   333    44   2.0   7.9   5.8
 A11 G61A 206  25   241    36   4.9   7.5   9.1
 A11 G62A 187   6   227    71   6.7   1.4   7.5
 A11 G63A 169 350   241    39   6.9   7.1   8.9
 A11  GBN 104 290   699    90   1.3   1.7   0.3
 A11  GGN 131 314   350    60   0.3   4.6   4.3
 A11 H62A 194  14   306    72   9.5   4.5  10.0
 A11 H63A 177 358   287    41   4.2   1.7   6.5
 A11 H64A 165 346   299    48   0.1   8.5   5.9
 A11 H65A 151 333   321    48   3.3   0.6   2.3
 A11  HAL 117 302   588    90   1.0   5.5   3.1
 A11 HANN 119 301   303    90   6.2   4.7   5.9
 A11 HOLY 104 287   295    37   1.5   7.1   7.2
 A11 I57A 231  47   563    60   1.4   1.0   2.2
 A11 I60A 214  32   448    68   7.6   5.7   7.2
 A11 I62A 194  13   385    84   4.9   4.4   6.2
 A11 I63A 185   5   356    64   8.0   2.1   5.8
 A11 I64A 173 353   372    42   1.2   8.7   4.8
 A11  ICQ  39 222   333    90   0.2   3.8   1.5
 A11 J59A 220  37   539    90   3.8   3.1   5.7
 A11 J62A 196  15   464    70   2.3   5.7   8.1
 A11 J63A 189   9   446    69   1.6   5.0   6.5
 A11 K60A 211  28   591    48   0.4  10.1   6.3
 A11 K62A 198  17   534    82   8.6   2.6   5.9
 A11 L63A 191  10   608    67   4.4   2.4   4.4
 A11 L65A 179 359   579    58   5.0   2.5   8.4
 A11 LATQ 276  94   196    90   5.4   2.4   3.8
 A11  LMN 109 292   441    89   3.0   3.5   3.7
 A11 M66A 180 360   665    59   2.9   1.1   3.1
 A11 N62A 202  19   748    60   5.1   1.5   2.5
 A11 NATG  55 241   639    80   1.6   2.5   2.2
 A11 PLVO 248  63   585    90   4.9   2.0   2.4
 A11 QM16 142 323   285    30   3.6   0.0   4.1
 A11 QM38 314 134    69    60  11.7   7.1   9.0
 A11 QM50 320 139   170    30   2.5   3.3   7.9
 A11 QMM5  14 195   413    60   1.9   7.6   6.9
 A11 SHEY 107 293   676    35   3.5   3.9   4.6
 A11  WES 190   9   547    90   2.8   2.2   5.8
 A11 WODY 117 301   489    34   0.9   6.3   3.2
 A64 BATG 101 283   295    81   0.4   4.6   2.4
 A64 CHEG  96 283   706    81   0.5   3.5   2.9
 A64 D59A 239  57   173    60  10.2   7.2  12.0
 A64 D60A 218  37   128    60   5.9   7.0   8.5
 A64 D62A 142 323   104    50   6.2   6.3   7.7
 A64 D63A 122 304   161    42   2.6   2.3   1.1
 A64 DRLN  76 265   927    81   0.8   0.4   1.1
 A64 E55A 254  70   492    60   3.3   3.5   4.9
 A64 E58A 239  57   304    60   5.7   6.2  10.5
 A64 E62A 168 348   137    51  11.0   7.1   9.1
 A64 E64A 134 316   221    43   4.9   7.5   3.9
 A64 EMMW 151 332   394    81   4.0   6.6   7.3
 A64 F57A 240  57   429    60   5.4   8.5   9.8
 A64 F60A 218  36   259    60   7.5   8.5   9.8
 A64 F61A 203  22   222    60   5.8  14.0  11.6
 A64 F62A 182   1   215    55   7.4   5.5   8.7
 A64 F64A 151 332   248    59  11.3   8.7  15.6
 A64 G57A 234  50   495    60   1.1   3.9   3.4
 A64 G59A 221  38   396    44   5.5   4.8   5.2
 A64 G61A 205  23   309    36   9.9   8.0  10.5
 A64 G62A 190   9   294    62  13.6   7.0  11.1
 A64  GGN 141 323   381    60   0.1   2.8   1.5
 A64 H61A 204  22   399    40   2.0   6.2   8.4
 A64 H62A 196  15   375    63   8.0   7.9   9.1
 A64 H63A 182   2   352    41   7.4   4.4   7.8
 A64 H64A 171 352   358    43   4.6   1.0   0.1
 A64  HAL 124 308   601    81   1.8   4.6   5.2
 A64 HANN 131 313   322    81   4.9   4.3   5.0
 A64 I57A 228  44   622    60   2.6   3.2   4.7
 A64 I60A 212  30   515    59   7.2   6.3   5.8
 A64 I62A 195  14   453    75   5.1   4.1   4.7
 A64 I63A 188   7   423    55   6.0   4.1   6.6
 A64 I64A 177 357   435    35   0.8   2.1   4.3
 A64 J59A 218  35   603    81   4.0   1.8   3.4
 A64 J63A 191  10   514    60   6.1   2.3   5.1
 A64 JOSY 141 324   497    11   7.4   2.2   2.4
 A64 K60A 210  27   658    48   2.9   5.2   4.9
 A64 K62A 199  17   602    73   3.4   0.1   3.4
 A64 L63A 192  11   677    58   4.0   4.2   4.4
 A64 L65A 181   1   644    49   5.2   1.3   2.2
 A64  LMN 118 301   445    80   3.1   3.1   2.9
 A64 LSQQ 287 102   542    81   1.7   0.7   0.1
 A64 M66A 182   1   730    50   3.5   5.3   3.9
 A64 N62A 202  19   817    51   2.4   3.9   2.7
 A64 NATG  60 245   585    80   3.4   1.3   1.2
 A64 QM16 152 334   327    30  10.1   3.3   8.0
 A64 QM38 257  76    74    60   9.3   7.1   8.2
 A64 QM50 297 115   147    30   7.4   2.8   5.8
 A64 QMM5  13 194   345    60  12.3   7.2  11.5
 A64 VLDQ 277  91   588    60   2.7   0.7   8.0
 A64  WES 191  10   615    81   2.4   4.2   4.1
 A64 WODY 125 309   503    34   5.3   5.3   7.3
ALLY BATG 349 169   400    11   1.0  16.4   7.2
ALLY CHEG  44 227   486    11  10.8   7.2  10.8
ALLY D56A 299 112   840    11   0.8   1.4   4.8
ALLY D60A 310 126   577    11   7.2   8.6  10.8
ALLY D63A 328 146   435    11  13.2   0.0   9.2
ALLY DRLN  41 226   845    11   2.6   5.0   6.4
ALLY EMMW 300 119   217    11   5.2  19.2  12.8
ALLY F61A 300 116   528    11   0.6   9.2  11.2
ALLY F64A 314 131   349     8   5.2   8.9  10.8
ALLY G62A 293 109   462    11   0.2   9.0   4.4
ALLY G63A 295 111   391     9   4.0  13.5  17.5
ALLY  GBN  56 238   339    11  10.6   9.0   8.4
ALLY  GGN 318 137   207    11   8.8   0.2   7.8
ALLY H62A 283  99   493    11   2.4   6.6   6.0
ALLY H63A 286 103   408    11  14.2   4.2  16.4
ALLY H64A 288 105   344    11   7.2   2.0   2.0
ALLY  HAL  50 231   156    11  17.4  14.0  14.4
ALLY HANN 332 150   272    11  10.4   9.8  11.4
ALLY I60A 274  88   659    11   1.4   9.8   3.4
ALLY I62A 274  90   502    11   3.4   0.2   0.6
ALLY I64A 275  92   366     5   0.9  14.5  11.6
ALLY J62A 266  82   546    11   7.4  12.6  11.0
ALLY J63A 266  82   486    11   3.4   6.8   7.2
ALLY JOSY 309 128    94    11   4.4  19.6   9.4
ALLY K60A 263  77   725    11   7.6  12.4   9.8
ALLY L63A 251  66   572    11   4.4   3.8  11.4
ALLY LATQ 307 121   723    11   1.8   7.8  10.0
ALLY NATG  13 194   748    11   9.4   0.8  11.6
ALLY QM38 316 132   626    11   1.4   6.2   9.2
ALLY SUSY 353 173   221     6  13.8   5.4  14.9
ALLY  WES 256  71   529    11   4.4  13.6  10.6
ALLY WODY  13 193   155     4  23.9   3.0  13.3
BATG D56A 271  85   660    60   7.7   1.8   3.2
BATG D59A 268  84   439    60   9.5   8.1  11.1
BATG D60A 266  82   371    60   4.9   3.1   4.8
BATG D62A 266  83   228    59   4.1   2.4   2.8
BATG D63A 261  80   157    43   0.2   7.1   4.8
BATG DRLN  68 254   672    90   0.6   1.3   0.8
BATG E58A 262  77   560    60   5.1   4.5   5.4
BATG E62A 256  73   274    60   8.8   4.8   8.8
BATG E64A 235  54   165    44  14.7   2.7   8.3
BATG EDEY 124 307   353    42   4.2   6.7   7.2
BATG EMMW 201  20   305    90   4.8   6.9   6.6
BATG F57A 259  73   681    60   0.1   0.0   2.5
BATG F64A 229  47   236    68   4.3   6.9   4.8
BATG G57A 254  68   730    60   3.9   0.4   2.5
BATG G62A 238  55   414    71   5.0   3.2   9.0
BATG G63A 230  48   365    39   2.7   3.7   3.3
BATG  GGN 194  14   247    60   9.0   1.4   8.6
BATG H62A 235  51   496    72   1.3   5.6   7.9
BATG H63A 228  45   423    41   3.4   5.4   4.9
BATG H64A 221  39   382    48   2.1   4.9   6.9
BATG  HAL 146 328   350    90   0.6   4.2   3.1
BATG HANN 200  19   164    90   3.8   5.5   6.8
BATG HOLY 200  20    89    37  10.0  15.4  17.0
BATG I57A 247  60   835    60   5.7   3.8   4.1
BATG I62A 229  46   559    84   4.5   1.8   4.1
BATG I63A 226  43   503    64   4.6   4.9   7.0
BATG I64A 218  36   466    42   0.4   0.7   3.7
BATG  ICQ 341 160   265    90   2.9   4.7   8.9
BATG J62A 227  43   637    70   1.9   3.5   3.1
BATG K62A 226  41   707    82   4.1   4.0   5.5
BATG L63A 218  34   745    67   4.9   0.0   3.1
BATG L65A 210  27   663    58   1.2   2.3   0.4
BATG LATQ 274  89   508    90   5.8   1.7   3.8
BATG  LMN 148 329   185    89   2.4   5.8   3.7
BATG N62A 223  38   920    60   2.7   1.2   2.8
BATG QM16 213  32   272    30   9.2   5.6  11.5
BATG QM38 279  95   364    60   3.6   1.5   3.4
BATG QM50 289 105   438    30   8.2   6.8   8.4
BATG QMM5 334 152   444    60   8.0   0.8   5.0
BATG SUSY 164 345   180    36   9.7  14.4  10.5
BATG  WES 219  36   684    90   2.2   3.6   2.7
BATG WODY 155 336   265    34   7.2   6.6  12.1
CHEG D60A 275  87   781    60   2.3   0.8   1.5
CHEG D63A 275  90   566    43   7.7   1.0   5.1
CHEG DRLN  40 222   361    90   0.0   3.7   5.2
CHEG EDEY 220  39   198    42   4.3   0.5   4.6
CHEG F60A 268  80   872    60   2.0   4.5   4.1
CHEG F61A 267  80   798    60   2.0   1.6   3.3
CHEG G62A 261  73   783    71   5.6   2.7   4.6
CHEG  GBN 203  22   169    90   2.9   3.6   5.0
CHEG  GGN 251  66   513    60   3.5   2.3   5.3
CHEG H62A 257  69   853    72   2.0   0.3   1.3
CHEG H63A 255  69   766    41   0.9   2.4   3.6
CHEG  HAL 224  42   331    90   4.5   5.2   6.4
CHEG HOLY 268  84   444    37   4.7   5.3   3.3
CHEG I64A 249  62   771    42   4.6   3.4   6.2
CHEG L65A 238  51   915    58   3.2   3.7   2.7
CHEG N62A 242  53  1216    60   3.4   4.0   3.4
CHEG QM38 281  93   776    60   0.8   2.1   4.0
CHEG QM50 286  98   844    30   0.4   1.5   2.4
CHEG SHEY 209  28   212    35   0.4   7.5  10.2
CHEG SUSY 253  70   386    36   1.2   4.8   2.7
CHEG VLDQ 283  90  1294    60   1.5   2.5   1.5
CHEG  WES 244  56   977    90   1.9   0.8   1.0
CHEG WODY 240  57   363    34   4.8   1.8   6.4
D56A D59A  90 272   222    60   4.0   3.0   3.4
D56A D63A  88 273   505    42   7.1   7.4   9.5
D56A E55A 237  56   119    60   7.5  14.6  12.2
D56A E58A 123 304   136    60   6.2   9.5   9.0
D56A E64A  95 280   534    43   1.8   2.9   3.0
D56A EMMW 112 297   623    60   1.9   2.0   3.0
D56A F57A 178 358   138    60   8.7  11.0  13.8
D56A F60A 118 300   246    60   0.3   3.9   2.5
D56A F61A 111 294   313    60   3.6   8.6  11.6
D56A F64A 103 287   509    38   1.0   3.2   7.0
D56A G57A 185   5   217    60  11.0   1.3   7.4
D56A G59A 150 331   250    44   1.8   1.3   0.5
D56A G61A 127 309   317    36   0.6   1.8   0.2
D56A G63A 117 300   452    39   5.6   3.2   5.5
D56A H61A 141 323   357    40   0.5   5.0   1.5
D56A H64A 120 304   506    43   1.3   4.2   3.0
D56A  HAL 103 291   907    60   5.1   1.3   1.9
D56A HOLY  92 278   636    37   1.1   2.4   2.9
D56A I57A 192  11   353    60   4.9   5.4   6.6
D56A I60A 162 343   374    41   7.0   0.1   4.7
D56A I62A 142 324   443    54   1.9   2.8   2.5
D56A I63A 134 317   466    34   0.2   8.4   7.8
D56A  ICQ  61 246   620    60   0.8   5.6   2.6
D56A J59A 177 357   399    60   5.1   2.0   4.2
D56A LATQ  75 257   154    60   6.5   7.0   7.1
D56A LSQQ 324 143   278    60   5.1   2.2   8.0
D56A MALY  95 283   887    40   0.1   7.7   2.7
D56A NATG  63 252   949    60   3.6   1.1   3.9
D56A PLVO 220  38   286    60   8.6   3.9   9.2
D56A QM50  56 238   277    30   6.2   3.9   5.3
D56A QMM5  44 228   607    60   5.2   4.2  10.0
D56A VLDQ 300 118   259    60   6.9   4.5   6.9
D59A D60A  98 279    70    60   7.1  14.2  11.7
D59A D63A  88 271   284    42   4.9   9.1   8.1
D59A DRLN  72 262  1094    60   1.0   2.1   4.8
D59A E55A 261  78   328    60   4.3   1.4   2.0
D59A E58A 238  57   131    60   7.5   5.6   6.9
D59A E62A 103 285   182    30   9.7   9.3  10.1
D59A E64A 101 284   313    43   0.8   1.4   5.2
D59A EDEY 100 287   754    42   0.7   2.0   5.1
D59A EMMW 125 308   425    60   5.1   2.8   7.7
D59A F57A 240  58   257    60  11.1   5.1   8.5
D59A F60A 184   4   116    60  11.0   8.6   9.7
D59A F61A 150 331   132    60   2.8   4.5   4.1
D59A F64A 114 297   297    38   3.1   3.1   3.9
D59A G57A 230  48   323    60   4.9   4.5   8.9
D59A G59A 206  25   238    44   4.1   5.2   8.1
D59A G61A 173 353   193    36   0.1   8.2   7.2
D59A G62A 153 334   223    41   6.9   5.6   8.2
D59A G63A 140 322   271    39   2.8  10.5   6.5
D59A  GGN 117 300   440    60   2.4   6.5   4.3
D59A H61A 182   1   276    40   0.8  11.4   9.2
D59A H62A 169 349   276    42   3.5   5.6   6.7
D59A H63A 151 332   296    41   3.8   6.1   6.3
D59A H65A 131 314   379    45   1.6   4.4   1.4
D59A  HAL 109 295   692    60   1.7   3.3   2.8
D59A HANN 106 290   409    60   2.4  10.4  11.2
D59A I57A 223  40   454    60   6.9   1.4   4.4
D59A I60A 198  17   370    41   7.8  10.2  11.5
D59A I62A 173 354   350    54   3.7   4.6   5.1
D59A  ICQ  49 232   439    60   5.5   6.6   7.1
D59A J59A 209  27   446    60   7.0   2.4   6.7
D59A J62A 180 360   420    54   2.1   4.2   2.6
D59A J63A 172 352   419    53   7.6   5.6  10.2
D59A JOSY 122 306   547    11  10.0   6.6  11.0
D59A K60A 199  18   514    48   3.0   4.2   6.3
D59A K62A 184   4   484    52   1.3   1.1   2.1
D59A L63A 178 358   572    50   4.4   4.2   3.4
D59A LATQ 301 120    83    60  12.3  14.4  14.0
D59A M66A 167 349   653    33   2.0   3.9   1.4
D59A N62A 192  10   688    30   4.2   1.6   2.9
D59A PLVO 244  60   461    60   0.1   0.2   2.6
D59A QM16 122 305   361    30   2.4   3.4   3.6
D59A QM38  45 225   105    60   5.1   7.5   7.2
D59A QM50   5 185   156    30  10.3  15.0  13.3
D59A QM60 336 154   265    30   2.9   4.7   3.5
D59A QMM5  26 209   481    60   4.6   1.8   8.3
D59A SUSY 104 289   513    36   1.8   3.3   2.2
D59A  WES 175 356   515    60   1.6   4.0   5.1
D59A WODY 108 293   594    34   4.8   0.2   3.5
D60A D62A  82 263   144    29   5.8   7.8   6.9
D60A D63A  85 267   215    42   1.2   5.0   5.6
D60A E58A 252  71   190    60   1.7   2.7   7.2
D60A E62A 106 287   112    30   5.4  12.4  14.3
D60A E64A 102 284   243    43   6.7   2.6   3.6
D60A EDEY 101 287   684    42   1.2   4.1   1.8
D60A EMMW 131 314   364    60   3.3   5.3   3.3
D60A F57A 248  66   315    60   4.5   7.8  10.2
D60A F60A 217  37   131    60   6.5   9.1  10.4
D60A F61A 183   3   105    60  12.4  11.1  13.6
D60A F62A 147 327   135    34  13.5   9.6  13.9
D60A F64A 120 301   230    38   2.8   4.5   8.3
D60A G57A 239  56   373    60   4.1   6.5   9.1
D60A G59A 221  40   268    44   1.4   5.2  10.2
D60A G61A 195  14   187    36   5.4  14.4  10.1
D60A G62A 171 351   191    41  11.1   9.1  11.2
D60A G63A 153 334   224    39   5.9  12.6  14.3
D60A H61A 197  16   277    40   4.9  13.3  10.3
D60A H63A 164 345   260    41   1.0   4.7   6.3
D60A  HAL 111 297   624    60   0.7   2.1   3.1
D60A I57A 230  47   497    60   2.7   4.1   5.1
D60A I60A 209  28   388    41   7.7   2.2   5.2
D60A I62A 186   5   339    54   3.5   1.9   2.9
D60A J59A 218  35   475    60   5.1   3.8   5.3
D60A J62A 190   9   416    54   5.0   1.8   4.0
D60A J63A 182   2   404    53   1.7   4.9   3.6
D60A JOSY 126 309   483    11   7.4   4.0   4.0
D60A K60A 207  25   532    48   1.0   9.2   7.3
D60A K62A 193  12   483    52   5.5   2.8   7.7
D60A L65A 172 353   547    34   6.5   8.0  10.0
D60A LATQ 291 110   150    60   4.8   6.7   6.1
D60A  LMN 102 286   485    59   1.7   6.9   0.4
D60A M66A 174 355   631    33   2.8   3.1   5.1
D60A PLVO 249  64   520    60   3.8   2.9   2.6
D60A QM16 128 311   298    30   9.6   3.1   3.6
D60A QM38   4 184    85    60  10.2  13.7  15.7
D60A QM50 342 161   175    30   4.7   1.0   2.3
D60A QMM5  19 200   464    60   5.3   6.1   6.2
D60A SUSY 105 289   443    36   2.4   1.1   2.1
D60A VLDQ 288 103   533    60   1.7   0.8   0.8
D60A WODY 110 295   525    34   6.4   3.0   4.2
D62A D63A  94 274    72    30   7.8  12.7  11.3
D62A DRLN  70 259   891    59   0.3   3.5   2.2
D62A E55A 265  80   540    29   4.2   0.5   3.1
D62A E62A 215  35    63    59  12.4  10.2  11.5
D62A E64A 128 309   119    30   4.8   7.6   8.5
D62A EDEY 107 292   550    29   2.2   5.2   0.4
D62A EMMW 154 335   291    59   1.9   3.4  11.1
D62A F60A 242  60   255    29   8.9   2.8   6.5
D62A F62A 208  28   149    59   9.3   1.3   4.6
D62A F64A 158 339   146    59   8.5   6.6  12.2
D62A G59A 237  54   389    29   7.3   2.0   1.2
D62A G62A 209  28   237    59  10.3   6.7  13.4
D62A G63A 192  11   223    29   8.7   7.9  10.6
D62A  GBN 105 290   610    59   2.8   4.0   2.6
D62A  GGN 141 323   277    29   1.5   3.8  12.6
D62A H61A 219  37   362    29   3.8   4.3   7.6
D62A H62A 211  30   323    59   5.9   2.2   8.6
D62A H64A 183   3   272    34   3.8   6.7  12.5
D62A  HAL 121 305   503    59   3.5   5.4   4.2
D62A HANN 126 308   220    59  12.2   2.3   7.6
D62A I57A 238  54   623    29   5.1   9.2   9.1
D62A I63A 200  19   357    59   7.0  10.8  10.9
D62A I64A 188   7   354    36   3.5   4.1   4.3
D62A J59A 229  45   587    59   3.8   5.4   6.8
D62A J62A 208  26   480    45   6.7   5.3   7.0
D62A K60A 219  36   626    29   1.5   1.8   0.9
D62A K62A 208  26   551    59   6.5   0.5   6.6
D62A L63A 200  18   615    46   2.5   4.0   3.8
D62A LATQ 278  95   285    59   4.0   5.2   6.9
D62A  LMN 111 294   353    59   3.7   5.3   5.7
D62A M66A 188   7   653    55   4.8   0.3   2.6
D62A MALY 106 290   460    29   9.7   4.1  10.1
D62A N62A 209  26   769    59   5.4   0.7   4.6
D62A QM50 308 126   245    29   5.8   1.4   4.8
D62A SUSY 117 300   317    29   1.7   5.1   6.2
D62A  WES 200  18   552    59   0.3   4.9   3.6
D63A DRLN  69 257   826    43   0.5   0.3   5.2
D63A E58A 261  78   402    42   3.9   3.4   2.3
D63A E62A 247  66   118    31  11.0   2.7   6.7
D63A E64A 163 343    72    43  15.2  12.7  14.7
D63A EMMW 169 349   264    43   2.0   7.6  11.6
D63A F60A 249  67   318    42   2.6  12.8   8.3
D63A F61A 243  61   251    42   0.8   3.2   2.6
D63A F64A 188   8   132    39  14.0  14.3  17.1
D63A G57A 251  66   574    42   3.8   1.1   3.2
D63A G61A 235  52   328    36   5.5   3.0   4.4
D63A G63A 209  28   244    39   7.4   4.2   6.6
D63A  GGN 155 336   235    42   2.1   5.4   6.0
D63A H61A 228  45   408    40   5.2   5.1   7.6
D63A H62A 222  40   362    43   3.6   8.9   6.8
D63A H63A 210  29   304    41  10.5  10.0  12.9
D63A H64A 198  18   280    43  12.7   5.7   8.0
D63A H65A 182   2   260    43   4.2   5.9   6.0
D63A HOLY 114 295   138    37   7.5  17.1   9.5
D63A I57A 242  57   683    42   3.3   3.7   6.2
D63A I62A 217  35   433    43   1.5   6.8   6.2
D63A I63A 211  29   384    35   0.8   7.0   4.7
D63A  ICQ  12 193   283    43   1.2   4.1   3.2
D63A J59A 234  49   640    43   4.1   9.8   8.0
D63A J63A 210  28   478    43   1.8   5.3   5.0
D63A K60A 225  41   671    42   2.4  10.6   7.7
D63A K62A 215  32   585    43   5.0   3.9   6.5
D63A L63A 207  25   639    43   4.6   1.8   6.2
D63A L65A 196  15   577    35   5.0   6.6  10.7
D63A LSQQ 292 105   698    43   3.4   0.4   2.9
D63A M66A 195  13   662    34   1.0   4.0   1.4
D63A N62A 214  31   803    31   2.5   5.8   5.6
D63A NATG  45 229   532    42   1.6   0.1   1.0
D63A QM38 290 108   219    42   4.1   6.8   8.3
D63A QMM5 353 173   426    42   7.5   2.5   5.5
D63A SHEY 112 296   518    35   1.8   4.5   4.0
D63A  WES 207  25   576    43   5.5   5.7   7.2
DRLN E62A 256  68   943    60   2.4   2.6   2.4
DRLN EDEY 222  39   559    42   0.1   0.2   0.7
DRLN F57A 260  67  1346    60   0.2   1.2   1.2
DRLN F60A 257  66  1144    60   1.5   2.3   1.4
DRLN F62A 253  64  1008    64   2.1   0.2   0.7
DRLN G61A 253  62  1147    36   3.5   0.8   0.9
DRLN G62A 250  61  1082    71   1.0   2.3   1.9
DRLN G63A 248  59  1026    39   3.2   2.3   3.8
DRLN H61A 250  59  1216    40   2.6   4.8   2.8
DRLN H65A 242  54   961    48   0.8   3.8   5.2
DRLN  HAL 224  40   691    90   1.0   1.5   1.7
DRLN HANN 245  58   791    90   0.9   2.4   3.2
DRLN I57A 254  61  1507    60   2.4   0.0   2.1
DRLN I63A 245  55  1154    64   3.1   0.0   0.6
DRLN I64A 242  53  1101    42   2.6   1.2   2.6
DRLN J62A 244  54  1288    70   2.0   1.6   1.3
DRLN J63A 243  53  1237    69   4.2   0.2   3.8
DRLN K60A 246  54  1465    48   3.6   1.1   1.5
DRLN L63A 238  48  1370    67   0.5   3.0   1.5
DRLN L65A 235  46  1263    58   1.7   0.7   0.3
DRLN N62A 240  48  1555    60   0.7   0.2   1.4
DRLN QM50 270  80  1042    30   6.2   0.1   0.5
DRLN QM60 276  84  1152    30   0.1   1.5   0.2
DRLN QMM5 287  98   827    60   2.5   1.6   1.7
DRLN  WES 240  50  1314    90   0.7   1.7   0.6
DRLN WODY 232  47   712    34   3.0   7.2   7.3
E55A E58A  91 273   214    60   2.0   4.0   3.3
E55A E62A  86 270   501    30   4.5   9.7   6.2
E55A E64A  87 273   632    43   0.7   5.0   3.0
E55A EMMW 103 289   698    60   1.5   3.1   2.7
E55A F57A 124 305   127    60   3.9   7.9   5.8
E55A F60A  98 281   321    60   5.2   6.0   5.1
E55A F62A  95 280   474    34   1.3   3.1   1.1
E55A F64A  94 279   599    38   2.6   0.3   2.4
E55A G57A 151 331   172    60   4.8   6.3   5.6
E55A G61A 109 292   375    36   0.2   5.3   5.9
E55A  GGN  98 285   731    60   1.7   2.1   4.7
E55A H63A 111 295   510    41   0.7   1.6   2.8
E55A H65A 105 291   640    45   3.5   2.7   4.4
E55A HANN  92 278   720    60   2.1   0.4   0.5
E55A HOLY  86 273   736    37  10.1   2.8  10.7
E55A I57A 173 354   281    60   0.3   4.1   2.1
E55A I60A 142 324   362    41   0.5   0.4   3.0
E55A I62A 126 309   469    54   5.4   1.9   3.0
E55A I63A 120 304   506    34   5.0   1.7   3.6
E55A  ICQ  59 246   739    60   5.2   3.5   4.1
E55A J59A 159 340   354    60   7.2   2.7   5.5
E55A JOSY 104 291   823    11   0.2   6.0   6.6
E55A K60A 157 339   460    48   1.5   1.9   2.4
E55A LATQ  66 249   270    60   0.1   2.0   1.1
E55A  LMN  90 278   871    59   3.4   0.8   2.0
E55A LSQQ 347 166   298    60   4.0   2.5   6.0
E55A N62A 160 342   648    30   4.5   5.3   2.5
E55A NATG  62 252  1068    60   0.9   4.5   2.5
E55A PLVO 207  26   176    60   5.8   4.8   9.4
E55A QM16  99 285   645    30   2.8   2.1   3.8
E55A QM38  69 253   418    60   5.1   2.3   5.3
E55A QM50  55 238   396    30   2.5  11.4   5.9
E55A QMM5  45 230   724    60   4.1   1.7   4.1
E55A VLDQ 327 146   232    60   6.4   5.0   5.8
E55A  WES 138 322   589    60   3.9   4.6   4.5
E58A E64A  87 271   419    43   3.2   1.0   2.8
E58A EMMW 110 294   491    60   2.7   2.8   2.4
E58A F57A 241  60   126    60   7.5   8.0  10.9
E58A F60A 113 294   112    60   3.0   4.1   3.7
E58A F64A  97 280   385    38   3.6  10.3   5.9
E58A G57A 224  43   194    60   2.3   4.0   3.3
E58A G59A 177 357   144    44   2.2   6.8  10.6
E58A G63A 115 297   317    39   1.4   7.5   4.0
E58A H61A 152 333   231    40   3.9   5.3  11.2
E58A H62A 140 321   260    42   1.4   9.2   5.7
E58A H63A 126 308   317    41   7.7   0.6   6.3
E58A H65A 114 297   435    45   4.4   3.6   7.0
E58A HANN  94 279   506    60   0.5   6.7   3.2
E58A HOLY  86 271   524    37   5.1   3.6   5.8
E58A I57A 216  34   329    60   6.8   4.2   5.5
E58A I60A 180   0   281    41   3.8   8.2  10.3
E58A I64A 132 315   395    35   0.0   4.7   3.9
E58A J59A 197  16   337    60   4.7   3.3   5.5
E58A J62A 161 342   368    54   4.0   5.6   7.0
E58A K62A 168 349   420    52   5.3   2.1   3.4
E58A L63A 164 346   518    50   3.2   3.1   7.0
E58A L65A 151 333   547    34   4.1   3.4   3.3
E58A LATQ  18 199   119    60   6.9   9.8   9.6
E58A LSQQ 318 136   408    60   5.9   1.1   5.3
E58A PLVO 245  62   331    60   3.8   4.8   4.7
E58A QM16 105 289   434    30   6.2   5.9   9.3
E58A QM38  51 233   234    60   5.4   5.1   8.4
E58A QM50  28 209   257    30  10.2   6.5  10.9
E58A QMM5  32 215   597    60   8.1   5.5   9.7
E58A SHEY  95 283   888    35   3.0   6.3   5.7
E58A SUSY  94 280   611    36   0.4   0.7   3.4
E58A VLDQ 302 119   395    60   3.3   5.8   5.5
E58A  WES 160 341   470    60   1.5   1.5   4.9
E58A WODY  99 285   685    34   1.8   5.2   3.0
E62A E64A  99 280   132    31   4.4  14.7  18.5
E62A EMMW 142 324   267    60   0.7   5.9   2.8
E62A F57A 259  75   409    30   8.0   4.2   5.2
E62A F60A 250  68   201    30   8.5   2.5   4.6
E62A F61A 238  57   134    30  10.7   6.2   7.0
E62A F62A 203  23    87    60  10.2  20.4  15.6
E62A F64A 132 313   124    60   6.9   7.8   7.5
E62A G59A 240  58   332    30   8.8   1.8   3.0
E62A G61A 227  46   215    30  12.1   7.9  13.7
E62A G62A 207  26   174    60   9.8   2.2   6.3
E62A G63A 183   3   167    30   2.1  13.2   9.1
E62A H62A 210  29   261    60   5.9  10.2  13.4
E62A H63A 191  10   221    30   1.5   9.2   8.2
E62A H64A 174 354   221    35   9.4   5.9   8.3
E62A H65A 155 336   236    33   1.3   4.3   7.7
E62A HANN 110 292   228    60   3.5   9.7   9.2
E62A HOLY  91 274   235    30  11.0   5.6   9.3
E62A I57A 240  56   566    30   1.1   3.0   0.6
E62A I60A 225  42   427    57   3.7   0.6   5.4
E62A I62A 206  24   337    60  10.3   5.7  10.3
E62A I63A 197  16   297    60   7.3   1.4   5.4
E62A I64A 182   2   300    37   2.7   6.5   3.7
E62A J59A 230  46   526    60   3.8   3.8   4.3
E62A J62A 206  25   418    46   5.0   5.4   6.7
E62A J63A 199  18   391    46   1.0  11.6   7.1
E62A K60A 219  36   564    30   6.9   4.4   7.0
E62A K62A 207  25   489    60   2.2   2.7   2.4
E62A L63A 198  17   554    47   2.4   4.0   4.0
E62A L65A 185   5   512    54   4.4   2.6   4.2
E62A LATQ 290 108   262    60   5.8   7.4   6.1
E62A  LMN 101 285   374    60   6.9   0.5   4.0
E62A LSQQ 299 113   620    60   2.1   2.0   3.5
E62A N62A 208  25   707    60   2.9   3.5   4.6
E62A PLVO 256  71   612    60   3.6   2.7   4.2
E62A QM38 320 139   155    30   1.5   3.6  10.4
E62A QMM5   6 187   473    30   2.5   1.6   2.3
E62A SHEY 103 288   608    30   3.5   2.5   6.2
E62A SUSY 106 289   331    30   4.2   2.2   6.3
E62A VLDQ 289 103   645    30   1.6   2.4   0.7
E62A  WES 198  16   492    60   7.5   5.3   8.0
E64A EMMW 171 351   192    44   7.4  12.0  10.8
E64A F57A 265  80   535    43   3.7   7.5   3.2
E64A F60A 263  80   322    43   4.7   6.1   2.3
E64A F61A 260  77   249    43   3.6   4.1   7.1
E64A F62A 251  70   175    35   7.3   2.0   8.5
E64A F64A 213  33    74    39  11.0  14.2  15.0
E64A G57A 258  73   575    43   4.6   3.3   4.7
E64A G59A 252  68   442    43   2.3   7.4   3.7
E64A G62A 239  57   249    42   3.5   4.5   4.5
E64A G63A 225  43   201    39   6.1  13.4  11.8
E64A  GGN 152 332   164    43  12.2   3.9   6.0
E64A H61A 238  55   383    40   4.1  12.6  10.9
E64A H62A 233  51   331    43   3.8   6.7   6.5
E64A H63A 222  41   260    41   5.6  11.1  11.5
E64A H64A 209  28   225    44   5.0   4.4   5.7
E64A H65A 190  10   194    44  10.8   5.0   7.0
E64A HANN 126 306   101    44   9.4   5.9   6.6
E64A HOLY  83 264   105    37  10.9   7.4   8.9
E64A I57A 249  63   674    43   1.7   3.3   4.6
E64A I60A 238  54   516    42   2.6   5.3   6.8
E64A I63A 220  38   340    35   5.4  10.3   6.5
E64A I64A 208  26   312    36   6.4   9.8   9.1
E64A  ICQ   7 187   348    44   2.6   2.5   5.1
E64A J59A 240  56   620    44   1.5   3.6   4.0
E64A J63A 218  35   433    44   4.5   5.9   6.1
E64A JOSY 149 330   279    11   0.6   8.2   7.4
E64A K60A 231  47   640    43   1.0   9.5   8.5
E64A K62A 222  38   544    44   3.4   5.8   6.0
E64A LATQ 288 104   392    44   2.3   6.0   4.5
E64A  LMN 104 286   242    44   3.0   5.1  10.2
E64A NATG  39 223   568    43   5.1   4.9   5.7
E64A QM16 184   4   135    30   7.6  11.5  20.7
E64A QM38 302 120   269    43   5.6   6.8   8.1
E64A QM50 309 126   364    30  12.5   1.2   6.5
E64A QMM5 352 171   497    43   6.8   2.5   6.3
E64A VLDQ 288 101   776    43   1.8   6.9   4.5
E64A WODY 120 302   287    34   3.6   6.3   9.4
EDEY EMMW 260  77   413    42   3.2   6.1   6.0
EDEY F57A 277  88   965    42   3.6   0.6   3.9
EDEY F61A 278  92   678    42   1.3   4.4   0.3
EDEY F62A 278  92   598    34   2.2   2.0   0.2
EDEY  GBN  93 274    63    42  15.5  22.7  19.7
EDEY H63A 265  79   614    41   0.7   2.9   3.5
EDEY H64A 263  78   551    42   7.3   0.3   4.6
EDEY H65A 262  78   474    42   3.1   7.5   5.9
EDEY  HAL 229  48   134    42   7.1   2.9   7.9
EDEY HANN 280  96   350    42   6.7   1.1   7.0
EDEY I60A 262  75   888    41   1.6   0.9   3.9
EDEY I62A 260  73   736    42   5.2   1.5   2.8
EDEY  ICQ 322 139   587    42   4.0   0.6   2.1
EDEY J59A 262  73   993    42   1.8   0.9   1.8
EDEY J63A 254  68   738    42   3.5   2.9   4.5
EDEY K60A 255  67   978    42   2.8   7.5   6.6
EDEY L63A 245  59   848    42   5.2   3.0   4.9
EDEY  LMN 284 102   199    42   3.9   6.3  11.5
EDEY MALY 296 116    90    40   4.8   5.7   1.3
EDEY SHEY 143 323    43    35  14.2   9.3  12.3
EDEY VLDQ 290  99  1215    42   0.8   0.3   5.3
EDEY  WES 248  62   798    42   2.1   5.9   4.8
EDEY WODY 259  77   188    34  12.5   7.1  14.2
EMMW F60A 293 110   379    60   4.2   1.0   2.5
EMMW F61A 298 116   311    60   7.5   0.4   5.4
EMMW F62A 305 123   237    64   4.8   1.6   3.7
EMMW F64A 332 151   146    68   6.4   6.5   6.5
EMMW G59A 277  93   454    44   1.9   6.8   2.9
EMMW G62A 284 102   249    71   4.1   3.5   4.8
EMMW G63A 286 104   177    39   4.5   5.9   5.2
EMMW  GGN  47 227    67    60  11.8  10.5  11.9
EMMW H61A 268  85   355    40   4.1   5.0   4.8
EMMW H62A 268  86   294    72   5.5   7.8   7.5
EMMW H63A 269  88   204    41   6.9   0.9   3.8
EMMW H64A 268  86   140    48   6.1   3.9   5.0
EMMW H65A 269  89    63    48  14.6   6.0  10.7
EMMW  HAL  90 273   307    90   4.8   4.0   3.9
EMMW HANN  22 203   141    90   8.2   6.3   8.3
EMMW HOLY  21 201   216    37   2.9  14.8   6.5
EMMW I57A 265  80   660    60   6.3   2.1   5.6
EMMW I60A 260  76   475    68   6.4   1.8   4.1
EMMW I62A 255  72   323    84   4.8   5.8   5.8
EMMW I63A 255  73   259    64   3.8   5.5   5.2
EMMW I64A 244  63   195    42   6.7   9.0  15.4
EMMW  ICQ   1 182   535    90   2.2   4.5   3.9
EMMW J62A 246  63   386    70   4.4   3.6   6.7
EMMW J63A 243  60   331    69   7.0   3.1   5.4
EMMW JOSY 113 294   125    11   7.4   3.2   5.4
EMMW K60A 248  64   568    48   4.1   0.9   3.5
EMMW K62A 241  58   447    82   5.4   5.6   5.3
EMMW L63A 228  45   462    67   2.7   2.2   5.5
EMMW L65A 216  34   364    58   4.9   1.0   4.8
EMMW LATQ 308 124   508    90   3.6   2.2   1.7
EMMW  LMN  58 239   244    89   3.1   7.8   4.1
EMMW LSQQ 307 120   871    90   1.6   2.0   1.8
EMMW M66A 211  29   441    59   4.5   6.4   6.5
EMMW MALY  68 251   344    40   4.3   7.1   6.3
EMMW N62A 232  48   646    60   5.7   6.5   5.9
EMMW NATG  28 211   712    80   1.5   3.4   3.3
EMMW QM16 325 145    68    30  14.0   2.8   9.9
EMMW QM60 320 136   668    30   1.1   8.4   6.1
EMMW QMM5 352 171   690    60   3.9   5.6   3.3
EMMW SHEY  82 266   434    35   2.6   1.1   2.0
EMMW SUSY  54 236   195    36   9.4   7.0   8.4
EMMW  WES 232  49   405    90   2.7   0.3   3.7
EMMW WODY  78 260   225    34   9.9   1.6   9.3
F57A F60A  84 266   213    60   1.8   5.1   2.8
F57A F61A  85 268   288    60   2.7   6.3   7.4
F57A F64A  87 272   493    38   6.6   4.1   4.8
F57A G57A 196  16    82    60  12.4  12.1  13.4
F57A G59A 124 305   144    44   2.5   2.2   2.9
F57A G62A 100 283   332    41   3.6   7.7   5.6
F57A  GBN  88 277  1028    60   3.3   1.5   5.1
F57A H62A 115 298   310    42   2.3   3.2   2.3
F57A H63A 108 291   387    41   6.4   3.8   3.7
F57A H65A 101 286   521    45   2.5   4.4   2.8
F57A HOLY  80 266   640    37   3.4   3.8   5.3
F57A I57A 200  20   222    60   9.6   6.7   9.2
F57A I63A 120 303   379    34   3.8   1.9   4.6
F57A  ICQ  51 236   693    60   4.8   7.1   6.3
F57A J59A 177 357   261    60   8.3   5.9   7.7
F57A J62A 140 322   367    54   4.5   4.2   6.2
F57A K60A 169 350   361    48   3.2   1.9   3.4
F57A L63A 149 332   504    50   2.6   2.3   2.2
F57A L65A 137 320   562    34   2.4   6.8   4.2
F57A LATQ  39 221   228    60   6.1   8.8  14.1
F57A N62A 169 350   551    30   5.0   1.3   1.8
F57A PLVO 246  64   205    60   6.1   3.6   6.6
F57A QM38  53 236   359    60   6.6   4.0   6.2
F57A QM50  37 220   369    30   2.4   7.8   5.6
F57A QMM5  36 220   710    60   2.1   5.5   4.8
F57A SUSY  88 274   720    36   5.5   5.2   2.1
F57A VLDQ 320 137   352    60   3.9   7.9   5.7
F57A  WES 143 326   467    60   2.8   0.9   5.2
F57A WODY  92 279   788    34   0.7   1.7   0.9
F60A F61A  89 270    74    60   5.8  12.9  10.8
F60A F62A  92 274   154    34   4.8   4.9   5.1
F60A G57A 249  67   256    60   6.3   8.8   8.2
F60A G59A 225  44   138    44   0.9   2.3   3.6
F60A G61A 156 337    83    36   5.5  17.6  15.5
F60A G62A 126 307   139    41   4.8   5.3   5.4
F60A G63A 117 298   205    39   5.0   7.1   7.9
F60A  GBN  91 278   815    60   0.9   1.5   1.3
F60A  GGN 101 285   410    60   2.1   6.2   0.3
F60A H61A 179 359   161    40   7.7  10.7  12.6
F60A H62A 158 338   167    42   2.0   2.7   2.5
F60A H63A 133 315   209    41   6.6   5.2   6.7
F60A I57A 234  51   370    60   5.8   6.5   6.9
F60A I60A 205  24   259    41   7.3   8.2   9.6
F60A I63A 153 334   239    34   2.3   8.9  12.4
F60A  ICQ  40 223   528    60   1.5   2.1   3.5
F60A J59A 217  35   344    60   2.2   9.2   9.4
F60A J62A 178 358   305    54   4.7   2.8   4.2
F60A J63A 167 347   307    53   0.3   6.0   6.4
F60A K62A 184   3   368    52   8.6   1.0   6.3
F60A L63A 176 357   457    50   1.6   8.4   5.3
F60A LATQ 338 158   170    60   3.7   2.6   8.4
F60A LSQQ 314 130   511    60   2.7   1.5   1.6
F60A N62A 193  12   573    30   5.0   8.4   3.6
F60A NATG  51 238   832    60   2.3   2.6   2.0
F60A PLVO 257  74   413    60   5.9   2.5   6.1
F60A QM16 104 287   323    30   0.5   6.7   8.4
F60A QM38  23 204   207    60   5.9  12.7   8.9
F60A QM50   5 185   272    30   2.9   2.3   2.2
F60A QMM5  22 204   590    60   2.0   3.5   1.7
F60A SHEY  93 280   783    35   5.5   2.6   3.6
F60A SUSY  91 275   507    36   1.1   6.6   4.3
F60A VLDQ 301 117   505    60   2.3   3.4   3.4
F60A  WES 173 353   401    60   5.6   4.0   4.5
F61A F62A  96 277    80    34   8.5  10.8  13.3
F61A F64A  92 274   205    38   3.6   7.4   8.8
F61A G57A 254  71   327    60   6.3   3.3   5.9
F61A G59A 241  59   198    44   9.7  10.2  11.8
F61A G61A 209  28    87    36   6.7  10.9   8.3
F61A G62A 157 337    91    41   7.7  21.1  18.3
F61A G63A 131 312   144    39   2.8   9.7   5.1
F61A  GGN 105 288   338    60   5.8   3.3   3.8
F61A H61A 205  24   177    40   6.7  11.2  13.6
F61A H62A 185   5   156    42   6.2   8.3  13.9
F61A H63A 152 333   164    41   0.4   8.8   4.0
F61A H64A 136 317   203    43  13.2   7.4  11.2
F61A  HAL 102 287   599    60   0.4   3.3   4.5
F61A HANN  90 273   328    60   0.7   1.8   3.1
F61A HOLY  78 262   354    37   3.8   6.0   7.3
F61A I57A 240  57   432    60   3.2   0.1   1.9
F61A I62A 187   7   235    54   4.4   5.2  10.0
F61A I63A 171 352   216    34   2.0   8.6   1.9
F61A  ICQ  34 217   483    60   1.7   3.5   5.6
F61A J59A 226  44   394    60   3.4   6.8   6.3
F61A J62A 192  12   312    54   4.1   3.7   3.6
F61A JOSY 114 298   435    11   5.4   5.6  15.2
F61A K60A 213  31   439    48   8.8  10.2  18.1
F61A K62A 196  15   381    52   5.1   2.8   4.5
F61A L63A 186   6   459    50   2.1   3.8   2.3
F61A L65A 170 351   445    34   3.6   4.9   3.9
F61A LATQ 319 138   208    60   7.5   3.5  10.5
F61A MALY  89 275   593    40   1.3   0.3   0.6
F61A N62A 201  19   595    30   2.1   1.8   4.1
F61A NATG  49 235   774    60   2.7   6.3   6.8
F61A PLVO 260  76   486    60   3.6   3.9   4.5
F61A QM16 109 291   252    30  10.3   9.8  14.8
F61A QM38   3 183   189    60   0.4   1.3   2.4
F61A SUSY  92 276   433    36   8.2   5.1   9.8
F61A  WES 184   4   400    60   5.6   5.0   5.1
F61A WODY  99 283   504    34   3.0   6.0   4.7
F62A F64A  91 272   126    64   7.1   6.8   7.4
F62A G61A 241  60   140    34   6.3   3.0   9.8
F62A G62A 211  30    87    64  12.6   8.9  11.4
F62A G63A 163 343    91    34   3.6  21.5  13.0
F62A  GGN 108 291   259    34   0.8   8.6   4.4
F62A H61A 226  45   217    34   6.4   8.6   9.8
F62A H62A 213  32   174    64   8.1   4.2   8.1
F62A H63A 182   2   137    34   7.6  13.2  17.4
F62A  HAL 103 288   519    64   0.8   1.8   1.4
F62A HANN  89 272   248    64   3.5   7.1   8.2
F62A HOLY  74 257   279    34   5.3   0.3   0.8
F62A I60A 230  48   348    61   6.5   5.0   5.3
F62A I62A 206  25   249    64   9.5   7.1   9.2
F62A I63A 194  13   211    64   5.1   7.1  11.9
F62A J59A 235  52   450    64   2.5   6.2   9.1
F62A J62A 207  26   331    50   6.5   8.7   9.4
F62A K60A 222  39   480    34   0.3   7.6   6.7
F62A K62A 208  26   402    64   7.8   2.5   4.3
F62A L63A 197  16   467    51   6.9   3.7   5.3
F62A L65A 181   1   430    58   5.0   4.9   5.2
F62A LATQ 308 126   272    64   2.3   2.1   9.0
F62A M66A 182   1   515    59   3.8   7.9   5.7
F62A NATG  45 230   722    54   6.4   5.4   6.7
F62A QM50 336 155   307    30   2.3   2.4   3.1
F62A QM60 326 144   443    30   0.0   6.8   5.8
F62A QMM5   9 189   557    34   0.8   1.3   5.1
F62A  WES 196  15   405    64   7.4   5.3  10.2
F64A G57A 263  78   525    38   8.2   3.7   4.5
F64A G59A 259  75   388    38   1.0   3.9   1.1
F64A G61A 257  74   256    36   5.0   4.2   8.0
F64A G62A 248  66   185    68   4.7   4.3   4.7
F64A G63A 230  50   129    38  12.8   7.4  11.9
F64A  GGN 125 306   144    38   3.9  11.9   6.5
F64A H61A 243  61   318    38   8.7   2.6   7.6
F64A H62A 238  56   263    68  14.2   5.9  10.9
F64A H63A 225  44   188    38   6.7  14.5  11.9
F64A H64A 207  26   152    43   7.9  12.7  12.1
F64A H65A 176 356   130    41   7.6   9.7   9.2
F64A  HAL 108 292   398    68   4.3   0.2   2.9
F64A HANN  88 270   123    68   6.3   7.2   6.8
F64A HOLY  62 244   163    37   4.0   7.7   7.9
F64A I57A 252  67   615    38   5.7   3.3   7.2
F64A I60A 242  58   450    65   4.0   2.8   3.0
F64A I62A 228  46   323    68   1.0  11.3   6.0
F64A I64A 206  25   239    42   3.9  10.7   8.1
F64A  ICQ  11 192   415    68   3.1   3.2   2.2
F64A J59A 244  59   556    68   0.1   3.3   1.9
F64A J62A 224  42   402    54   1.1   7.6   5.1
F64A J63A 218  36   360    54   8.7   7.1  11.0
F64A JOSY 133 315   256     8  20.9   2.1  11.0
F64A K60A 233  49   571    38   4.7   5.1   8.4
F64A K62A 222  40   472    68   5.4   6.4   7.2
F64A L63A 212  29   516    55   3.0   4.2   5.2
F64A L65A 198  17   447    58   2.8   6.3   5.6
F64A LATQ 298 115   379    68   2.7   3.4   3.1
F64A  LMN  89 271   275    68   6.1   9.4   7.2
F64A N62A 219  35   687    60   2.2   3.8   4.7
F64A NATG  38 222   642    58   5.7   1.2   1.3
F64A PLVO 265  79   688    68   5.1   4.9   3.3
F64A QM16 157 337    79    30   8.7  14.9  12.7
F64A QM38 317 136   278    38   6.1   4.7   9.3
F64A QM50 320 137   378    30   6.8   0.8   5.2
F64A QMM5 357 176   555    38   4.7   9.4   8.4
F64A SUSY  93 275   227    36   5.0   4.9   3.1
F64A  WES 213  31   454    68   5.2   3.3   4.1
F64A WODY 105 288   300    34   4.4   3.2   6.6
G57A G59A  90 272   142    44   5.5   7.3   9.8
G57A G63A  88 272   422    39   3.4   4.9   6.4
G57A H61A 104 286   250    40   3.8   9.3   6.8
G57A H62A 100 282   308    42   3.3   6.1   4.5
G57A H64A  94 278   458    43   0.6   8.0   4.8
G57A H65A  92 277   534    45   2.6   4.9   7.7
G57A I57A 203  22   140    60   6.9   5.6   6.4
G57A I62A 114 296   321    54   4.2   6.0   8.2
G57A I63A 107 290   369    34   3.0   9.6   5.3
G57A I64A 105 289   445    35   0.8   4.1   3.0
G57A  ICQ  47 233   762    60   4.1   0.6   3.3
G57A J59A 168 348   186    60   3.3  11.5   7.6
G57A J62A 128 311   328    54   6.8   3.5   5.0
G57A J63A 122 304   372    53   0.5   1.6   2.9
G57A K60A 162 343   290    48   7.9   2.7   5.7
G57A L63A 142 324   452    50   3.1   3.6   7.0
G57A L65A 129 312   525    34   1.4   8.3   5.0
G57A LATQ  33 215   305    60   5.6   4.8   5.7
G57A  LMN  80 268   800    59   0.3   1.8   0.7
G57A LSQQ 342 160   465    60   3.0   2.4   5.2
G57A NATG  53 242  1078    60   1.0   4.6   2.6
G57A PLVO 268  87   165    60   3.1   7.3   5.6
G57A QM16  86 271   553    30   3.4   5.4   2.3
G57A QM38  47 230   427    60   6.2   5.1   7.8
G57A QMM5  34 218   787    60   5.0   0.9   4.8
G57A SHEY  85 274  1022    35   2.0   2.2   4.6
G57A SUSY  81 268   751    36   0.9   2.9   0.8
G57A VLDQ 329 147   403    60   1.3   8.0   5.4
G57A WODY  86 274   812    34   2.4   1.7   2.8
G59A G61A  80 261   132    36   0.8   5.2   3.1
G59A G62A  85 267   209    41  10.2   8.1  11.8
G59A G63A  88 270   280    39   2.2   3.7   3.2
G59A  GBN  84 272   916    44   7.9   1.7   5.1
G59A H62A 109 290   170    42   5.3   9.3   6.8
G59A H64A  97 280   317    43   6.6   2.4   2.9
G59A I60A 184   4   138    41   8.8   6.9  13.7
G59A I62A 132 313   199    44   2.4   5.0   3.2
G59A I63A 118 300   236    34   2.7   2.3   2.4
G59A I64A 113 296   310    35   0.9   9.1   4.0
G59A  ICQ  40 224   666    44   0.9  13.7   7.1
G59A J59A 211  30   208    44   5.3   0.3   3.1
G59A J63A 139 321   261    44  10.4   4.5   6.8
G59A K62A 164 345   279    44   5.1   3.1   3.5
G59A L63A 160 341   379    44   4.4   6.2   7.3
G59A  LMN  80 266   660    44   3.1   4.9   4.2
G59A PLVO 271  88   307    44   4.9   3.3   3.2
G59A QM38  31 213   339    44   3.2  10.1   5.7
G59A QM50  17 198   388    30   4.5   2.3   1.0
G59A QMM5  25 209   719    44   2.2   2.8   5.4
G59A SHEY  86 274   880    35   1.5   1.2   2.2
G59A SUSY  81 266   611    36   4.4   3.1   4.6
G59A VLDQ 316 133   492    44   4.6   0.1   5.9
G61A G62A  95 276    78    36   3.3   7.4   4.5
G61A G63A  96 278   151    36   5.9   4.9   5.0
G61A H61A 201  20    90    36  12.1  15.8  18.7
G61A H62A 159 340    84    36  12.7  17.9  18.7
G61A H63A 120 301   136    36   0.6   9.1   3.4
G61A H64A 111 292   195    36   2.4   6.2   6.2
G61A H65A 103 285   267    36   7.0   0.6   4.0
G61A  HAL  94 279   630    36   2.1   1.7   1.8
G61A HOLY  69 252   416    36   3.0   1.2   1.2
G61A I57A 247  64   360    36   0.7   5.1   4.0
G61A I60A 222  41   213    36   3.5   4.3   3.1
G61A I62A 174 355   157    36   7.1   3.4   8.2
G61A I63A 151 332   156    34   2.0   0.5   3.3
G61A I64A 135 316   213    35   1.5  10.9   2.7
G61A  ICQ  33 216   570    36   1.0   3.2   3.5
G61A J59A 231  49   312    36   7.0  10.6   9.3
G61A J62A 186   6   230    36  13.4  12.3  23.7
G61A J63A 171 351   225    36   3.5   1.3   3.8
G61A K62A 191  11   296    36   5.2   6.5   5.6
G61A L63A 181   1   380    36   0.9   9.5  11.1
G61A LATQ 338 157   253    36   0.0   4.2   7.2
G61A LSQQ 317 133   589    36   6.5   1.5   1.8
G61A QM38  11 191   271    36   5.3   4.2   7.5
G61A QM50 358 178   348    30   6.5   7.8   5.9
G61A SUSY  82 266   479    36   9.5  12.7  11.5
G61A VLDQ 306 122   575    36   1.9   0.2   4.0
G61A  WES 177 357   322    36  10.4   7.2   9.2
G61A WODY  90 275   540    34   3.1   4.1   7.7
G62A G63A  99 279    73    39  15.7  10.9  15.4
G62A  GBN  85 271   707    71   0.9   0.5   2.0
G62A H61A 235  55   135    40   6.5   2.4   3.3
G62A H62A 215  34    87    71  10.2   6.7   8.7
G62A H63A 147 328    73    41   7.1  14.5  12.1
G62A H64A 121 302   122    46   1.2   7.1   3.1
G62A H65A 107 289   189    44   1.9   5.0   4.3
G62A  HAL  94 279   552    71   2.2   4.4   4.1
G62A HANN  75 257   303    71   3.5   4.3   1.3
G62A HOLY  64 247   348    37  10.5   3.7   8.1
G62A I57A 253  69   431    41   2.3  11.8   8.4
G62A I60A 236  54   267    68   6.7   3.2   5.5
G62A I62A 203  23   162    71   6.1   3.5   5.5
G62A I63A 182   2   130    64   8.0   6.7   7.7
G62A I64A 153 334   161    42   4.5   7.0   5.5
G62A  ICQ  26 208   538    71   1.4   3.0   3.5
G62A J59A 240  57   372    71   6.9   2.3   6.7
G62A J62A 205  24   244    57   4.3  11.0   7.4
G62A J63A 192  11   220    57   5.4   6.9   8.6
G62A JOSY 105 288   373    11   8.6   6.8  15.2
G62A K60A 224  42   395    41   1.2   7.8   5.8
G62A K62A 206  25   315    71   8.6   8.5   9.6
G62A L63A 194  13   383    58   3.2   7.4   5.2
G62A L65A 174 354   356    58   5.6   4.4   3.9
G62A M66A 176 356   441    59   3.2   1.6   3.7
G62A MALY  81 266   564    40   1.8   4.5   5.9
G62A N62A 208  26   533    60   1.5   5.1   2.2
G62A NATG  43 229   807    61   0.8   2.6   1.8
G62A PLVO 270  85   515    71   3.9   0.7   1.4
G62A SHEY  88 274   672    35   5.7   2.0   7.1
G62A SUSY  80 264   403    36   0.9   8.0   2.2
G62A VLDQ 303 118   643    41   4.9   4.0   5.6
G62A  WES 192  11   321    71   5.3   4.1   4.9
G63A  GGN  89 271   218    39   6.3   4.7   6.3
G63A H61A 251  69   194    39   5.2   3.3   3.2
G63A H62A 244  63   136    39   3.8   6.7   7.1
G63A H63A 213  33    60    39  10.4   8.7  15.0
G63A H64A 149 329    61    39   5.0  12.7   9.3
G63A H65A 113 294   118    39   7.3   5.6   5.0
G63A  HAL  94 278   479    39   0.8   3.5   1.1
G63A HANN  68 250   239    39   3.2   7.2   7.5
G63A HOLY  56 239   291    37   8.1   6.4   8.3
G63A I57A 257  73   498    39   4.2   1.6   4.0
G63A I60A 246  63   325    39   3.0   1.0   1.8
G63A I63A 213  33   141    34   4.1   9.9   6.4
G63A I64A 181   1   133    35   9.3  13.2  13.7
G63A  ICQ  19 201   521    39   0.3   3.2   3.2
G63A J59A 247  63   431    39   8.4   7.1   9.2
G63A J62A 221  39   274    39   1.4   8.0   6.8
G63A J63A 210  29   235    39   3.2   5.1  18.1
G63A K60A 233  50   441    39   6.6   8.4  10.4
G63A K62A 219  37   344    39   6.6   6.2   7.6
G63A L63A 205  23   395    39  13.0   6.2   9.9
G63A L65A 186   6   345    34   3.6   9.3   9.9
G63A LATQ 317 135   351    39   6.3   0.7   6.3
G63A M66A 186   5   430    33   0.3   2.5   1.6
G63A N62A 215  33   561    30   1.3   1.0   0.4
G63A PLVO 272  87   587    39   2.1   7.4   5.3
G63A QM16  85 266   132    30   6.4  16.1  18.9
G63A QMM5   5 186   640    39   0.7   0.4   1.6
G63A SHEY  87 273   600    35   7.0   1.9   2.9
G63A SUSY  77 260   334    36   5.9   1.8   2.8
G63A  WES 205  24   333    39   8.4   6.7  12.7
G63A WODY  89 272   390    34   0.6   8.3   5.3
 GBN  HAL 243  62   185    90   5.9   1.5   5.9
 GBN K60A 257  68  1038    48   0.8   0.0   1.4
 GBN LATQ 288 100   893    90   2.0   4.0   4.1
 GBN  LMN 282 100   262    89   6.7   2.5   4.1
 GBN N62A 247  59  1090    60   0.9   3.5   1.8
 GBN NATG 350 169   551    80   1.1   0.3   7.3
 GBN QM16 270  85   505    30   1.6   4.6   6.3
 GBN QM60 299 111   986    30   2.2   1.1   2.4
 GBN SHEY 231  50    48    35   9.6   9.4   9.4
 GBN WODY 263  81   250    34   5.6   4.7   2.7
 GGN H62A 261  78   346    42   2.9   1.7   6.3
 GGN H64A 255  73   195    43   2.3  10.7   9.2
 GGN H65A 248  67   120    45   6.9  12.6  10.9
 GGN  HAL 101 283   262    60   5.4   1.7   0.1
 GGN HANN   4 184    85    60  10.0  11.8  10.8
 GGN HOLY  10 191   159    37   5.9  11.3   8.0
 GGN I60A 257  72   532    41   0.7   0.7   2.9
 GGN I63A 250  67   320    34   9.1   0.2   7.7
 GGN I64A 240  58   259    35   9.3   5.6   8.6
 GGN  ICQ 356 176   491    60   4.3   4.8   3.1
 GGN J59A 256  71   638    60   0.9   2.4   2.2
 GGN J62A 244  60   450    54   1.8   3.6   3.5
 GGN J63A 240  57   395    53   1.5   8.9   6.0
 GGN JOSY 145 326   116    11  31.0   8.0  19.8
 GGN LSQQ 303 116   885    60   3.3   0.2   6.5
 GGN M66A 213  31   505    33   2.7   6.7   5.1
 GGN NATG  26 209   649    60   5.1   3.7   5.1
 GGN QM16 277  96    88    30  19.7   6.1  12.4
 GGN QM38 314 131   419    60   0.0   2.9   1.9
 GGN QMM5 348 166   653    60   3.3   4.4   8.2
 GGN SHEY  88 271   382    35   6.5   8.6   5.0
 GGN SUSY  58 239   129    36  13.5   6.2  11.4
 GGN  WES 231  48   471    60   7.3   2.7   4.0
H61A H62A  85 265    62    40   8.5  11.6  12.4
H61A H63A  84 265   151    40   6.2   7.4   7.3
H61A H64A  86 267   215    40   4.4  12.4   8.2
H61A  HAL  86 272   662    40   1.4   1.2   2.3
H61A HANN  68 251   432    40   4.5   1.5   5.3
H61A HOLY  61 244   481    37   5.5   1.6   3.2
H61A I57A 259  76   305    40   9.9   6.5   9.4
H61A I60A 236  55   133    40   4.8   0.7   4.8
H61A I62A 147 327    86    40  11.5  16.6  18.1
H61A I63A 116 297   120    34   7.7   8.1  14.6
H61A I64A 109 291   195    35  11.8   2.5   4.1
H61A  ICQ  31 214   659    40   6.4   1.2   5.2
H61A J59A 241  59   238    40   8.3   6.0  10.2
H61A J62A 176 356   144    40   6.0   4.9   7.6
H61A J63A 153 334   154    40   3.4   5.3   4.1
H61A K60A 217  36   265    40   4.5  12.2  12.1
H61A K62A 187   7   208    40   5.5   6.3  11.6
H61A L65A 151 332   316    34   6.9   5.1   9.2
H61A LSQQ 324 141   634    40   1.9   2.7   5.5
H61A M66A 157 339   391    33   3.6   3.6  10.0
H61A MALY  75 261   688    40   7.2   7.0   8.0
H61A N62A 198  17   419    30   5.8   3.9   8.5
H61A NATG  44 230   939    40   5.7   1.7   3.1
H61A PLVO 280  96   411    40   3.5   1.7   4.3
H61A QM16  75 258   323    30   7.4   1.2   5.8
H61A QM38  13 194   360    40   7.9   2.5   6.8
H61A QM50   3 183   432    30   2.9   2.2   0.7
H61A QM60 349 168   527    30   2.4   2.8   2.5
H61A QMM5  17 200   741    40   2.8   1.6   1.9
H61A SUSY  73 258   528    36   4.1   3.5   0.7
H61A VLDQ 314 130   606    40   6.5   4.9   2.2
H61A  WES 168 349   243    40   3.4   3.8   7.3
H62A H63A  83 264    89    41  15.5  14.0  19.9
H62A H64A  87 268   154    47   4.7   5.1   6.0
H62A H65A  86 268   231    45   4.1   2.5   7.2
H62A  HAL  87 272   600    72   2.2   3.0   4.8
H62A HOLY  58 241   426    37   5.6   5.5   8.2
H62A I57A 260  77   367    42   4.2   2.6   1.0
H62A I60A 245  64   189    68   4.3  10.9   6.5
H62A I62A 191  10    79    72   7.3   9.7   8.4
H62A I63A 142 322    74    64   5.6  11.2   9.1
H62A I64A 120 301   142    42   5.7   3.5   5.2
H62A J59A 246  64   295    72   6.3   7.3   8.1
H62A J62A 200  19   159    58   4.3   8.0   5.8
H62A J63A 177 358   144    58   3.7  10.5  10.9
H62A K60A 226  44   310    42   2.7   5.8   6.8
H62A K62A 203  22   229    72   6.5   3.4   8.4
H62A L63A 187   7   303    59   3.7   4.7   5.4
H62A L65A 162 343   297    58   7.8   3.2   7.3
H62A LATQ 339 157   337    72   5.4   6.1   7.5
H62A LSQQ 320 136   667    72   2.0   3.2   1.7
H62A M66A 167 348   378    59   6.0   3.5   7.8
H62A N62A 206  24   447    60   4.6   1.1   5.1
H62A NATG  42 228   893    62   1.7   1.3   3.0
H62A PLVO 278  94   471    72   0.4   5.5   2.0
H62A QM38   4 184   345    42  11.5   4.2   9.2
H62A QM50 355 175   428    30   7.3   4.1   6.2
H62A QMM5  13 195   719    42   5.7   2.8   5.4
H62A  WES 183   3   244    72  13.6   7.7  10.9
H62A WODY  81 266   517    34   1.6   3.5   2.8
H63A H64A  92 272    65    41   8.9  13.6  11.3
H63A H65A  88 269   142    41  13.8   8.8  11.0
H63A HOLY  52 235   347    37  11.1   1.1   7.0
H63A I57A 262  78   456    41   4.4   1.2   5.9
H63A I60A 252  70   275    41   5.1   5.5   6.4
H63A I62A 230  49   136    41   4.2  12.3   9.7
H63A I63A 213  32    81    34  23.9   9.9  17.9
H63A I64A 159 339    88    35   4.9  15.5  12.6
H63A J59A 251  68   382    41   7.1  11.2   7.4
H63A J62A 222  41   214    41   4.2   5.3   2.5
H63A J63A 209  28   175    41   3.4   7.1   3.0
H63A K60A 235  53   385    41   5.0   6.4   6.9
H63A L63A 203  22   336    41   6.9   6.9   7.3
H63A  LMN  70 254   431    41   5.3   7.3   9.1
H63A QM50 344 163   435    30   1.6   7.4   2.7
H63A QM60 335 152   560    30   0.7   5.9  12.0
H63A QMM5   7 188   694    41   4.4   0.5   2.4
H63A  WES 203  22   273    41   3.4   7.5   9.4
H64A H65A  85 266    77    46   9.8  16.0  15.6
H64A  HAL  88 272   447    48   2.6   0.1   3.9
H64A HANN  54 235   237    48   7.6   2.9   8.7
H64A I57A 264  79   520    43   7.0   7.0   5.7
H64A I60A 256  73   337    46   7.0   2.7   5.6
H64A I62A 244  63   189    48   0.7   6.8   4.1
H64A I63A 239  58   127    39   7.8   5.1   5.8
H64A I64A 203  22    87    40   6.5  12.6  12.1
H64A J59A 255  71   443    48   5.7   3.7   2.6
H64A J62A 234  52   261    48   6.8   4.8   7.6
H64A J63A 225  44   212    48   2.5   4.8   6.1
H64A JOSY  98 280   259    11  11.0  23.0  16.6
H64A K60A 241  58   439    43   5.7  10.8   9.9
H64A K62A 229  47   328    48   3.6  11.9   8.3
H64A L63A 213  31   365    48   9.2   7.5   9.0
H64A L65A 193  13   298    39   8.6   8.9  12.7
H64A  LMN  67 250   372    48   4.5   3.4   6.4
H64A LSQQ 312 127   768    48   2.6   2.2   4.0
H64A MALY  72 257   478    40   0.6   1.8   1.0
H64A N62A 222  39   539    35   0.7   4.9   3.9
H64A NATG  35 220   792    43   5.5   2.4   4.0
H64A QM38 340 159   360    43   7.9   0.2   2.6
H64A QM50 337 155   459    30   2.1   4.0   0.4
H64A QM60 330 147   593    30   0.4   1.7   0.7
H64A QMM5   2 183   690    43   3.3   0.9   2.8
H64A SHEY  82 267   574    35   3.9   3.6   3.4
H64A SUSY  67 249   321    36   5.6   8.7   9.1
H64A VLDQ 304 118   765    43   4.6   2.6   3.5
H64A  WES 215  33   303    48   7.1   9.8   9.8
H64A WODY  80 264   364    34   1.4   7.6   5.6
H65A HANN  41 222   176    48   9.8   2.7   9.5
H65A HOLY  34 215   246    37   7.5  10.1   8.8
H65A I60A 259  75   414    44   4.1   5.2   6.0
H65A I62A 251  69   263    48   1.9   2.6   2.0
H65A I63A 250  68   199    37   3.3   5.0   4.6
H65A I64A 233  52   140    38   5.3   6.0   5.9
H65A J62A 242  59   329    48   8.7   9.0   9.1
H65A J63A 236  54   276    48   6.4   0.2   3.1
H65A JOSY 104 286   184    11   4.6   8.0   5.8
H65A K60A 245  61   510    45   1.6   7.5   7.3
H65A K62A 236  54   393    48   5.8   5.2   8.3
H65A L63A 222  40   417    48   7.0   8.6   7.4
H65A L65A 207  26   330    37   1.4   6.3   4.1
H65A MALY  71 254   403    40   1.2   2.1   3.4
H65A QM16  22 202    62    30   7.3  10.8  10.4
H65A SUSY  62 244   249    36   2.0   7.5   5.3
H65A VLDQ 301 114   827    45   1.2   4.6   2.6
H65A  WES 225  43   357    48   3.2   4.3   7.5
 HAL HANN 300 118   285    90   3.5   3.7   3.9
 HAL HOLY 314 132   307    37   4.5   4.1   1.9
 HAL I57A 270  81   966    60   1.5   1.2   0.7
 HAL I62A 265  80   624    84   0.7   3.3   1.9
 HAL I63A 266  81   561    64   2.3   4.2   3.1
 HAL I64A 263  79   489    42   0.9   4.0   3.7
 HAL  ICQ 334 151   611    90   2.9   2.6   3.9
 HAL J62A 260  74   678    70   3.8   0.6   2.3
 HAL J63A 259  73   619    69   0.6   2.2   2.5
 HAL JOSY 259  77   197    11   3.0  10.2   7.6
 HAL L63A 247  62   720    67   3.1   4.6   3.6
 HAL L65A 243  59   599    58   3.3   1.2   5.1
 HAL  LMN 325 144   165    89   4.9   1.1   3.0
 HAL MALY   8 188   130    40   5.1   0.1   2.6
 HAL N62A 246  60   906    60   4.6   0.4   0.3
 HAL NATG   5 186   631    80   1.8   4.9   3.3
 HAL QM16 282  99   350    30   2.8   3.4   2.5
 HAL SHEY  66 247   138    35   0.8   4.9   7.6
 HAL WODY 302 121    99    34   7.6   8.5   6.0
HANN HOLY  18 198    75    37  14.5  11.0  14.5
HANN I57A 256  70   734    60   0.8   3.0   3.9
HANN I60A 249  64   563    68   2.7   1.0   1.2
HANN I62A 240  57   424    84   2.0   2.8   2.4
HANN I63A 237  55   363    64   3.9   1.8   5.1
HANN I64A 227  45   314    42   2.9   7.8   6.4
HANN  ICQ 355 174   407    90   2.6   5.0   3.5
HANN J62A 235  52   498    70   0.6   5.5   2.9
HANN JOSY 161 342   189    11  11.8   9.8  15.8
HANN K60A 240  55   674    48   3.9   4.1   4.8
HANN K62A 233  49   564    82   0.7   3.2   4.7
HANN L63A 223  39   592    67   0.3   2.8   1.5
HANN L65A 213  31   503    58   1.0   3.3   1.6
HANN  LMN  90 272   152    89   0.8   2.3   1.6
HANN LSQQ 298 111   846    90   0.6   8.2   4.3
HANN NATG  30 213   572    80   1.2   4.2   2.7
HANN QM16 231  51   119    30   7.0   1.9  10.3
HANN QM38 304 121   370    60   2.4   1.5   2.6
HANN QMM5 345 164   572    60   3.1   4.4   6.5
HANN SUSY 100 280   105    36   7.1   8.1   8.4
HANN VLDQ 291 103   873    60   2.0   2.2   2.5
HOLY I63A 231  48   424    34   3.5   2.5   3.2
HOLY I64A 222  40   382    35   5.2   8.1   8.3
HOLY J59A 245  59   719    37   2.3   4.7   3.2
HOLY J62A 231  47   559    37   1.5   2.6   3.2
HOLY J63A 227  44   513    37   6.3   7.4   8.5
HOLY K60A 236  51   732    37   4.4   2.7   6.3
HOLY K62A 229  45   627    37   2.7   3.4   6.0
HOLY L63A 220  37   661    37   2.5   7.1   6.0
HOLY L65A 211  29   576    34   4.9   3.5   5.5
HOLY  LMN 120 301   148    37   6.0   2.0   2.2
HOLY LSQQ 293 106   836    37   4.3   4.6   2.9
HOLY M66A 208  25   655    33   0.7   0.2   3.7
HOLY N62A 225  40   839    30   6.4   1.2   3.9
HOLY PLVO 263  75   841    37   0.8   4.5   7.6
HOLY QM16 219  38   186    30   1.7   1.1   0.6
HOLY QMM5 341 159   510    37   0.4   1.7   0.3
HOLY SUSY 138 319   120    36   7.3  11.7  12.2
HOLY VLDQ 286  98   872    37   2.8   0.0   2.6
HOLY  WES 222  38   601    37   0.7   0.5   2.5
HOLY WODY 138 319   212    34   3.3   4.9   4.3
I57A I60A  92 274   191    41   1.7   6.2   6.6
I57A I62A  90 273   347    54   3.6   2.0   3.2
I57A I63A  86 270   408    34   2.5   1.5   0.8
I57A  ICQ  43 229   891    60   2.2   3.2   4.2
I57A J59A 119 300   107    60   2.7   9.4   5.7
I57A J63A 100 283   377    53   4.1   0.3   2.5
I57A JOSY  84 271   773    11   9.4   7.8  17.6
I57A K60A 135 316   205    48   2.1   6.0   8.3
I57A K62A 116 298   312    52   2.9   2.1   3.7
I57A LATQ  29 211   444    60   5.7   4.5   5.1
I57A LSQQ 350 169   578    60   3.6   0.3   3.7
I57A M66A 121 305   542    33   0.5   2.5   1.8
I57A N62A 151 332   380    30  11.4   3.9  10.1
I57A NATG  50 239  1201    60   5.2   0.2   3.3
I57A PLVO 318 137   166    60   8.5   3.2   7.0
I57A QM16  74 260   628    30   1.2   2.1   0.7
I57A QM38  40 224   559    60   4.8   0.5   6.1
I57A QM50  30 213   585    30   5.7   0.8   3.0
I57A QMM5  32 217   925    60   1.8   2.0   2.7
I57A VLDQ 342 160   500    60   8.6   5.6   9.2
I57A  WES 115 298   393    60   4.3   3.6   2.5
I60A I62A  88 269   157    68   3.1   3.2   2.8
I60A I63A  83 265   219    61   2.0   4.2   3.3
I60A I64A  87 270   294    42   9.0  11.2  10.5
I60A  ICQ  34 218   781    68   5.1   3.7   4.3
I60A J59A 247  66   107    68   5.6   5.1   5.1
I60A J62A 119 300   138    57   1.4   6.9   3.2
I60A J63A 109 290   190    57   0.9   8.6   3.6
I60A JOSY  83 268   585    11   9.6   5.0   7.6
I60A K60A 200  19   145    41   4.2  12.1   9.2
I60A K62A 146 327   157    68   5.6   7.0   6.4
I60A L63A 147 329   259    58   5.7   3.1   5.7
I60A LATQ   6 186   395    68   3.0   7.2   7.2
I60A  LMN  69 255   707    68   0.2   3.3   2.4
I60A LSQQ 335 153   645    68   3.3   5.7   4.3
I60A M66A 137 319   387    59   7.4   5.4   6.3
I60A N62A 183   3   324    57  10.3   1.6   9.6
I60A NATG  44 232  1069    58   3.4   3.0   1.7
I60A QM16  68 252   451    30  13.7   2.4   4.4
I60A QM38  23 205   466    41   5.5   2.2   6.8
I60A QM50  13 195   523    30   2.8   6.5  10.2
I60A QM60 360 180   592    30   0.2   3.1   1.1
I60A QMM5  22 205   849    41   2.1   2.0   3.4
I60A  WES 135 316   228    68   7.9   7.3   4.9
I60A WODY  76 262   700    34   0.6   5.0   3.2
I62A I63A  72 252    64    64   7.0  10.8  10.2
I62A I64A  87 268   137    42  13.0  11.4  14.7
I62A  ICQ  25 208   700    84   3.5   1.5   2.8
I62A J59A 261  79   260    84   4.7   3.3   4.7
I62A J62A 208  28    82    70   5.9   8.7   7.5
I62A J63A 162 343    69    69   9.0   8.9   9.5
I62A JOSY  82 266   429    11  11.6   5.8   3.2
I62A K60A 237  55   250    48   5.2  10.3  10.5
I62A K62A 209  28   153    82   4.2   3.3   5.9
I62A L63A 186   6   225    67   6.9   1.2   5.8
I62A L65A 152 333   230    58   6.8   0.7   7.4
I62A LATQ 344 163   406    84   4.9   4.6   8.5
I62A LSQQ 325 141   721    84   4.5   3.5   2.9
I62A M66A 161 342   307    59   6.6   5.4   8.4
I62A N62A 209  28   371    60   9.3   2.5   8.5
I62A NATG  39 225   962    74   2.5   2.9   4.5
I62A QM16  60 242   307    30   2.9   6.4   4.7
I62A QM50 357 177   505    30   6.4   6.5   7.5
I62A QM60 346 165   608    30   1.3   3.1   0.6
I62A QMM5  13 195   798    54   4.1   6.0   8.0
I62A SHEY  76 263   756    35   7.2   1.2   4.4
I62A  WES 180 360   165    84   6.2   3.2   4.5
I63A I64A 101 281    77    41  12.4  12.8  12.4
I63A  ICQ  21 204   659    64   2.4   5.8   6.2
I63A J59A 260  77   323    64   2.8   5.1   4.5
I63A J62A 228  47   135    50   4.0   2.8   4.5
I63A J63A 205  25    95    50   8.1  10.9  12.2
I63A K60A 240  58   312    34  10.4  10.8  17.3
I63A K62A 222  40   204    64   3.0   6.8   4.1
I63A L63A 199  19   257    51   2.7   4.6   3.7
I63A L65A 169 349   229    58   2.1   7.6   3.6
I63A LSQQ 321 136   742    64   0.3   4.5   3.6
I63A M66A 173 353   312    59   2.2   4.6   2.0
I63A N62A 215  33   420    60   1.5   5.0   3.2
I63A NATG  38 223   909    54   1.8   3.8   2.7
I63A PLVO 284 100   528    64   0.4   2.4   3.0
I63A QM16  57 239   245    30  13.2   3.1   9.6
I63A QM50 351 170   491    30   3.6   3.1   5.3
I63A SHEY  77 263   693    34   5.0   4.6   5.8
I63A SUSY  64 247   447    34   9.6   0.1   3.0
I63A VLDQ 312 127   720    34   2.8   0.3   3.0
I63A  WES 198  18   195    64   9.0   1.3   6.6
I63A WODY  74 258   484    34   3.2   5.1   5.3
I64A J59A 264  81   396    42   2.7   2.1   4.4
I64A J62A 247  66   192    42   6.0   4.9  11.4
I64A J63A 239  58   137    42   7.8  11.1  10.5
I64A K60A 249  66   374    35   3.7   6.3   7.5
I64A K62A 237  56   253    42  11.1   2.9   7.4
I64A L63A 216  35   280    42   4.8   5.7   5.3
I64A L65A 189   9   213    41  11.1   5.3  11.0
I64A N62A 225  42   458    37   1.5   7.2   5.1
I64A NATG  34 219   876    35   5.7   1.2   6.1
I64A QM38 348 167   428    35  12.3   1.0   7.1
I64A QM60 335 153   649    30   3.1   2.4   3.0
I64A QMM5   4 185   772    35   0.7   1.6   3.4
 ICQ J59A 222  37   872    90   3.3   0.7   2.5
 ICQ K62A 209  25   853    82   0.5   7.8   3.1
 ICQ L63A 203  20   915    67   4.4   4.5   2.2
 ICQ LATQ 242  58   472    90   1.4   4.5   2.5
 ICQ  LMN 155 336   448    89   1.5   1.8   1.3
 ICQ M66A 195  13   945    59   3.2   2.8   5.6
 ICQ N62A 209  25  1071    60   3.3   0.4   2.7
 ICQ NATG  73 257   332    80   1.3   0.3   1.5
 ICQ QM38 233  51   335    60   5.6  10.1   7.1
 ICQ QMM5 324 143   183    60   6.4   0.6   3.9
 ICQ  WES 203  20   853    90   2.9   2.9   4.8
J59A J62A  96 278   220    70   2.0   4.3   5.0
J59A J63A  93 275   278    69   5.9   1.5   5.2
J59A K60A 152 332   107    48   0.9   5.2   3.1
J59A K62A 115 296   205    82   2.9   5.1   3.4
J59A L63A 126 308   297    67   0.6   2.8   2.4
J59A LATQ  17 198   456    90   7.2   2.6   6.0
J59A  LMN  68 254   813    89   0.2   2.7   2.2
J59A M66A 123 306   435    59   2.1   2.5   5.4
J59A N62A 163 343   294    60   6.8   6.6   9.2
J59A NATG  45 234  1168    80   2.2   3.5   4.4
J59A PLVO 311 130   270    90   5.7   5.2   6.4
J59A QM38  30 213   548    60   2.8   4.8   7.5
J59A QM50  21 203   592    30   9.9   4.1   9.8
J59A SHEY  75 264  1015    35   1.0   1.1   1.2
J59A SUSY  68 254   762    36   4.0   3.2   2.9
J59A VLDQ 335 153   583    60   0.9   3.5   4.2
J59A  WES 114 296   286    90   3.3   4.2   3.5
J59A WODY  74 260   806    34   2.2   2.6   2.5
J62A J63A  84 265    60    69   9.5   7.7  11.4
J62A JOSY  74 258   481    11  15.8   7.2  12.6
J62A K60A 249  68   183    48   3.2   5.9   6.3
J62A K62A 209  29    71    68   8.6   7.0   7.9
J62A L63A 174 354   152    66   8.2   7.5   8.8
J62A LATQ 351 170   468    70   1.3   2.3   3.3
J62A  LMN  60 245   628    69   1.4   1.7   3.0
J62A LSQQ 330 146   761    70   2.0   1.3   0.8
J62A N62A 209  28   289    46   2.2   8.9   8.0
J62A QM16  53 236   379    30   4.5   5.6   5.7
J62A QMM5  14 196   877    54   2.6   0.3   1.6
J62A SHEY  72 258   813    35   5.0   4.3   7.6
J62A  WES 157 337   102    70   2.3   5.6   2.8
J62A WODY  68 253   608    34   2.2   1.7   0.0
J63A JOSY  73 257   422    11   8.8  11.2  12.4
J63A K60A 253  71   241    48   2.7   2.8   1.5
J63A K62A 235  54   116    68  12.6   5.5   9.0
J63A L63A 196  15   163    66   6.8   6.2   9.7
J63A LATQ 344 163   475    69   3.0   2.3   3.0
J63A LSQQ 327 142   787    69   1.8   4.2   4.3
J63A M66A 161 341   237    49   3.2   4.5   3.9
J63A MALY  63 248   674    40   0.7   2.7   1.4
J63A NATG  36 222  1001    59   1.6   2.7   1.9
J63A PLVO 294 110   518    69   3.1   2.7   3.3
J63A QM16  48 230   329    30   4.6   4.7   8.0
J63A QM38   2 182   489    53   2.4   2.1   7.3
J63A SUSY  57 241   524    36   2.8   2.8   2.5
J63A  WES 191  11   101    69   2.8  11.2   6.9
JOSY K62A 253  68   534    11   0.0   5.4   3.4
JOSY L65A 234  52   412     4  13.9   0.3  11.9
JOSY  LMN  28 209   201    11  17.8   6.2  15.8
JOSY LSQQ 306 118   993    11   9.4   4.6  18.6
JOSY MALY  50 232   270    10   9.9   7.8  17.4
JOSY NATG  19 201   712    11  11.6   6.0  14.0
JOSY QM38 317 134   533    11  12.8   3.0  12.0
JOSY SHEY  72 255   333     5   9.2   1.5   5.9
JOSY VLDQ 300 111  1004    11   1.4   4.8   5.8
JOSY  WES 246  62   478    11  10.6  12.0  15.8
JOSY WODY  49 230   142     4  14.9  19.9   3.0
K60A K62A  87 268   136    48   5.5   7.1   7.4
K60A L63A 113 295   206    48   1.5   8.6   6.9
K60A LATQ   9 190   537    48   1.6   2.2   4.8
K60A LSQQ 343 160   755    48   3.8   0.2   2.5
K60A N62A 169 350   190    30   6.2   5.7  10.2
K60A NATG  41 229  1202    48   2.8   1.0   3.7
K60A PLVO 317 135   372    48   2.9   3.1   3.6
K60A QM38  22 204   611    48   5.5   1.2   5.9
K60A QM50  14 196   667    30   1.1   2.5   6.4
K60A QM60   3 184   729    30   3.0   1.0   3.1
K60A SHEY  70 258   996    35   5.5   0.1   2.2
K60A  WES  96 278   213    48   3.0   7.6   6.6
K62A L63A 150 330   103    67   6.1   5.8   6.1
K62A L65A 111 292   193    58   3.9   7.4   6.0
K62A LSQQ 334 151   800    82   4.4   4.7   5.3
K62A M66A 131 313   234    59   3.5   8.5   8.1
K62A MALY  61 247   789    40   6.3   0.2   3.3
K62A N62A 208  28   218    60   5.4   3.3   3.6
K62A PLVO 306 122   470    82   4.1   1.2   2.9
K62A QM38  11 192   567    52   4.1   5.9   4.9
K62A SHEY  68 255   867    35   6.4   3.9   7.8
K62A VLDQ 327 143   750    52   3.9   2.9   1.9
K62A  WES 112 293    81    82   5.7   8.8   7.0
L63A L65A  81 262   130    51   4.0   5.1   4.7
L63A LSQQ 334 150   903    67   1.1   1.0   1.1
L63A M66A 118 299   140    50   3.8   3.8   4.7
L63A MALY  54 240   794    40   1.5   1.5   1.5
L63A N62A 237  56   187    47   9.3   3.7   7.2
L63A QM38   5 186   649    50   0.4   3.9   1.5
L63A QMM5  11 193  1021    50   3.8   1.3   2.8
L63A SHEY  62 248   858    35   2.7   5.4   3.6
L63A SUSY  47 231   656    36   6.1   2.2   2.9
L63A VLDQ 328 143   853    50   1.2   0.8   1.0
L63A  WES  22 202    63    67   5.3  13.5   8.3
L65A  LMN  43 227   598    58   0.7   2.7   2.8
L65A M66A 185   5    86    57   9.4   9.0   9.1
L65A N62A 248  66   310    54   4.0   7.3   7.0
L65A NATG  29 214  1074    48   1.1   3.0   1.9
L65A QM16  25 206   392    30   0.7   5.2   1.9
L65A QM38 355 174   631    34   0.7   1.7   1.0
L65A QM50 350 169   720    30   3.0   0.6   3.4
L65A QM60 343 161   834    30   3.6   1.8   2.1
L65A QMM5   5 186   984    34   3.0   5.8   4.4
L65A SUSY  41 224   553    34   0.6   2.5   0.3
L65A  WES 291 110   112    58   9.5   7.3   8.6
L65A WODY  50 234   553    34   4.1   2.2   0.2
LATQ QM38  77 258   149    60   6.9   6.3   7.2
LATQ QM50  36 217   141    30   6.5  14.2  10.3
LATQ QM60 348 168   203    30  10.1   0.6   4.4
LATQ SHEY 103 291   868    35   2.2   0.2   2.7
 LMN MALY  93 274   113    40   5.8   5.2   7.9
 LMN NATG  16 198   515    79   0.3   5.3   4.1
 LMN QM50 301 116   592    30   5.0   5.0   5.3
 LMN SUSY 253  72    51    36   9.8   2.0  13.8
 LMN VLDQ 289 100  1017    59   2.7   3.0   4.0
 LMN  WES 236  51   648    89   3.1   3.1   4.4
 LMN WODY 172 352    85    34   2.8  16.6  12.4
LSQQ N62A 162 344   944    60   2.7   3.3   2.7
LSQQ PLVO 181   1   447    90   2.2   3.4   3.1
LSQQ QM38 106 291   479    60   3.2   4.7   1.3
LSQQ QM60  86 269   266    30   5.0   1.7   6.9
LSQQ QMM5  68 254   619    60   5.9   1.4   5.0
LSQQ VLDQ 211  30   112    60   9.6   3.3   5.2
LSQQ  WES 147 331   862    90   1.1   3.4   0.7
M66A N62A 264  82   282    56  10.2   7.4   8.5
M66A SHEY  54 240   789    33   2.2   0.8   1.2
M66A  WES 322 141   159    59   0.8   6.6   3.3
M66A WODY  44 228   616    33   2.1   0.6   3.1
MALY SHEY 124 305   130    35   1.1  14.7   8.6
MALY VLDQ 289  98  1126    40   3.7   2.8   5.8
MALY WODY 233  52   128    34   4.9   0.3   5.3
N62A PLVO 328 146   543    60   3.8   4.7   5.2
N62A QM50   9 190   843    30   2.1   1.9   4.6
N62A VLDQ 339 156   875    30   5.6   4.7   8.4
N62A  WES  47 229   241    60   6.4   8.9   8.0
N62A WODY  54 240   853    30   0.1   1.5   1.5
NATG QM16 216  32   683    30   3.6   5.2   5.9
NATG QMM5 281  96   429    60   0.3   3.4   5.2
NATG SUSY 202  20   544    36   2.1   4.3   1.3
PLVO QM38  56 241   561    60   5.0   0.8   5.7
PLVO QMM5  41 227   893    60   0.6   3.3   2.3
PLVO SHEY  84 275  1186    35   0.8   0.2   0.9
PLVO SUSY  81 269   914    36   0.4   6.4   3.0
PLVO VLDQ 352 171   354    60   6.3   2.4   6.8
QM16 QM38 322 140   353    30   2.1   0.8   2.7
QM16 SHEY  89 273   469    30   3.4   5.6   3.9
QM16 WODY  92 274   259    30   1.3   6.1   3.0
QM38 QM50 324 143   101    30   8.2   0.2   4.0
QM38 QMM5  22 204   383    60   3.1   8.6   6.4
QM38 SUSY 116 300   468    36   7.7   3.9   6.7
QM38 VLDQ 279  94   519    60   4.2   1.6   3.3
QM50 QMM5  36 218   341    30   7.1   5.2  11.0
QM50 SHEY 113 300   823    30   3.8   2.8   1.7
QM50  WES 178 358   670    30   3.5   4.5   7.0
QM60 QMM5  58 242   375    30   0.5   1.3   1.0
QMM5 SHEY 139 324   813    35   3.6   1.7   1.8
QMM5 WODY 153 336   709    34   4.3   5.0   5.8
SHEY SUSY 285 102   277    35   0.7  11.4   4.1
SHEY VLDQ 291 100  1251    35   0.9   4.1   1.2
SHEY  WES 251  65   811    35   1.7   1.6   1.1
