 A11  A64  19 200    69    60   3.2  10.5   6.0
 A11 ALLY 132 316   557    30   6.6  10.7  13.0
 A11 BATG  88 271   313    60   1.9  13.1   9.7
 A11 CHEG  90 277   725    21  10.0  11.2   2.9
 A11 D56A 268  85   346    60   5.2   9.5  10.8
 A11 D59A 259  77   127    60  11.8   8.5  23.6
 A11 D60A 237  56    66    60  18.4  15.7  18.4
 A11 D62A 101 282    89    60  15.1  14.7  15.3
 A11 D63A  97 279   160    60  17.3  13.4  18.9
 A11 DRLN  72 261   968    60   4.1   2.8   4.2
 A11 E55A 261  77   455    60   4.7   6.2   5.9
 A11 E58A 249  67   254    60  11.6   3.8   9.0
 A11 E62A 143 324    86    30  21.4  20.6  21.5
 A11 E64A 116 298   203    60  13.5  17.7  17.8
 A11 EDEY 105 291   638    60   4.5  11.5  10.3
 A11 EMMW 142 324   353    60   7.1   8.1   6.3
 A11 F57A 247  64   380    60   7.6   4.7   8.3
 A11 F60A 224  43   195    60  11.0   2.9   4.2
 A11 F61A 204  23   154    60  15.1  15.8  17.9
 A11 F62A 173 353   151    60  17.5   7.3  12.0
 A11 F64A 137 318   209    60   9.4  13.5  14.5
 A11 G59A 225  43   333    49   2.0   4.0   4.8
 A11 G61A 206  25   241    60   7.1   7.5   7.5
 A11 G62A 187   6   227    60  10.6  11.6  12.7
 A11 G63A 169 350   241    60  17.0  11.4  14.1
 A11  GBN 104 290   699    60   0.6   6.5   6.3
 A11  GGN 131 314   350    60  14.9  12.0  14.4
 A11 H62A 194  14   306    60  15.5   9.5  12.8
 A11 H63A 177 358   287    60  12.8  13.7  16.2
 A11 H64A 165 346   299    59  21.0  11.6  19.8
 A11 H65A 151 333   321    60  10.0  11.5  10.5
 A11  HAL 117 302   588    60  10.6   9.1  12.0
 A11 HANN 119 301   303    60   6.6  12.4  13.7
 A11 HOLY 104 287   295    60  19.4  19.1  23.8
 A11 I57A 231  47   563    60   4.9   2.3   5.7
 A11 I60A 214  32   448    57   7.7   9.7  12.0
 A11 I62A 194  13   385    60  11.2  10.6  12.1
 A11 I63A 185   5   356    60  11.5   7.1  15.2
 A11 I64A 173 353   372    60   2.5   8.8   8.4
 A11  ICQ  39 222   333    60   7.6   8.8  12.7
 A11 J59A 220  37   539    60   7.7   7.5   3.3
 A11 J62A 196  15   464    60   2.6   5.1   4.4
 A11 J63A 189   9   446    60  11.4  17.3  15.4
 A11 JOSY 134 317   464    30  11.9  16.7  18.8
 A11 K60A 211  28   591    60   2.9   3.0   3.5
 A11 K62A 198  17   534    60   4.9   1.6   6.5
 A11 L63A 191  10   608    60   6.1   8.2   8.0
 A11 L65A 179 359   579    60  11.0   4.3  13.4
 A11 LATQ 276  94   196    60  14.8  12.5  22.0
 A11  LMN 109 292   441    56   4.0  12.4  14.1
 A11 M66A 180 360   665    60  13.7   3.9  11.8
 A11 MALY 105 290   549    60   1.0  15.6   9.7
 A11 NATG  55 241   639    56   0.5  11.0   6.4
 A11 PLVO 248  63   585    60   4.3   4.5   4.2
 A11 QM38 314 134    69    60  14.1  11.5  12.5
 A11 QM50 320 139   170    30  26.7   8.2  20.9
 A11 QM60 314 131   317    30  17.5   4.0  11.5
 A11 QMM5  14 195   413    60   6.3  10.3   8.3
 A11 SHEY 107 293   676    60   6.2  12.7  10.0
 A11 SUSY 113 297   403    60  12.8  12.4  13.2
 A11 VLDQ 283  98   577    60   7.2  11.9  14.2
 A11  WES 190   9   547    60   5.3  15.3  11.6
 A11 WODY 117 301   489    60   8.4  12.4  17.8
 A64 ALLY 139 322   587    30   5.7  13.6  10.3
 A64 BATG 101 283   295    60  15.9  13.4  16.8
 A64 CHEG  96 283   706    21  11.0  10.1  12.7
 A64 D56A 259  75   377    60   6.4   4.3   7.8
 A64 D59A 239  57   173    60  10.3   4.2  16.2
 A64 D60A 218  37   128    60  13.2  11.4  22.2
 A64 D62A 142 323   104    60  10.5  13.9  15.4
 A64 D63A 122 304   161    60  16.7  17.7  18.4
 A64 DRLN  76 265   927    60   2.0   6.2   4.5
 A64 E55A 254  70   492    60  16.7   6.2  14.2
 A64 E58A 239  57   304    60   4.1   5.0   6.6
 A64 E62A 168 348   137    30  15.8   7.1  28.7
 A64 E64A 134 316   221    60   5.1  15.4  13.5
 A64 EDEY 112 297   637    60  11.5  11.0  13.6
 A64 EMMW 151 332   394    60   4.5   6.5   6.7
 A64 F57A 240  57   429    60   8.9   3.6  16.3
 A64 F61A 203  22   222    60   7.3   8.1  14.1
 A64 F62A 182   1   215    60  12.8  11.1  19.4
 A64 F64A 151 332   248    60   9.6   9.0  10.7
 A64 G57A 234  50   495    60   8.8   7.9  11.5
 A64 G62A 190   9   294    60  16.1  13.8  28.6
 A64 G63A 176 356   302    60  16.1   9.0  14.6
 A64  GBN 110 296   695    60   4.5  11.8   7.7
 A64  GGN 141 323   381    60   4.6  13.6  11.5
 A64 H62A 196  15   375    60   9.7  10.3  19.6
 A64 H63A 182   2   352    60  15.2   9.1  20.3
 A64 H64A 171 352   358    59   8.4  14.8  12.4
 A64 H65A 159 341   370    60  11.1   7.2  13.3
 A64  HAL 124 308   601    60   8.3  13.4  15.0
 A64 HANN 131 313   322    60  13.1  18.8  28.4
 A64 HOLY 118 300   297    60   7.2  22.8  18.2
 A64 I57A 228  44   622    60   1.1   2.3   2.0
 A64 I60A 212  30   515    57   4.4   5.7   8.0
 A64 I62A 195  14   453    60   4.3   6.2   6.8
 A64 I63A 188   7   423    60   4.8   9.3   8.0
 A64 I64A 177 357   435    60   8.0  16.3  11.5
 A64  ICQ  45 227   270    60   5.2  21.7  13.3
 A64 J59A 218  35   603    60   8.9   2.2   4.8
 A64 J62A 197  16   533    60   8.6   3.2   4.9
 A64 J63A 191  10   514    60   9.7  11.3  12.3
 A64 JOSY 141 324   497    30  15.1   9.6  20.5
 A64 K62A 199  17   602    60   2.5   4.1   6.0
 A64 L63A 192  11   677    60   0.8   3.7   6.1
 A64 L65A 181   1   644    60   9.3   5.4  10.1
 A64 LATQ 258  76   223    60   0.6   9.0   4.9
 A64  LMN 118 301   445    56  13.7  12.6  18.5
 A64 LSQQ 287 102   542    28  10.0   6.3  10.5
 A64 M66A 182   1   730    60  12.2   6.8  11.3
 A64 MALY 112 297   547    60   8.5  18.8  14.8
 A64 N62A 202  19   817    60   2.7   2.4   3.2
 A64 NATG  60 245   585    56   6.0   2.9   4.2
 A64 QM16 152 334   327    60   0.7  11.6   9.3
 A64 QM38 257  76    74    60  17.2  16.3  18.7
 A64 QM50 297 115   147    30  29.7   3.4  21.4
 A64 QMM5  13 194   345    60   5.0   9.8   9.5
 A64 SHEY 113 299   677    60   9.8  14.4  16.8
 A64 SUSY 123 306   413    60  10.3  20.9  17.2
 A64 VLDQ 277  91   588    60  10.8  12.5  12.7
 A64  WES 191  10   615    60   2.8  13.7   8.2
 A64 WODY 125 309   503    60   4.1  11.8  11.5
ALLY BATG 349 169   400    30   9.1  11.3  24.7
ALLY CHEG  44 227   486    21  10.1   7.8   9.6
ALLY D56A 299 112   840    30  20.9   7.4  20.4
ALLY D59A 307 122   640    30  13.3  14.6  21.2
ALLY D60A 310 126   577    30  20.2  11.2  21.2
ALLY D62A 322 139   483    30   5.1  15.4   9.6
ALLY D63A 328 146   435    30   6.6   1.6   2.7
ALLY DRLN  41 226   845    30  10.3   9.2   8.5
ALLY E55A 293 105   913    30  11.5  14.7  13.4
ALLY E58A 297 111   707    30  18.2  10.9  16.7
ALLY E62A 314 131   472    30  16.7  11.0  17.3
ALLY E64A 325 143   367    30  19.8  10.0  11.5
ALLY EMMW 300 119   217    30  30.3  20.8  26.4
ALLY F57A 290 103   793    30  14.4   7.1  11.5
ALLY F60A 297 112   595    30  10.0   5.8   9.5
ALLY F61A 300 116   528    30  10.5  14.0  22.9
ALLY F62A 304 120   453    30  20.2  15.4  21.6
ALLY F64A 314 131   349    30  13.6  18.0  16.5
ALLY G59A 286 100   661    19   7.5  13.9   9.1
ALLY G61A 291 106   539    30  12.4  14.0  15.1
ALLY G62A 293 109   462    30  16.8  10.0  16.1
ALLY G63A 295 111   391    30  22.2  12.0  20.6
ALLY  GBN  56 238   339    30  11.6  12.7  13.3
ALLY  GGN 318 137   207    30  21.1  14.6  22.1
ALLY H61A 281  97   553    30  12.3  12.0  15.0
ALLY H62A 283  99   493    30  15.0  16.3  18.4
ALLY H63A 286 103   408    30  14.0  11.5  21.1
ALLY H64A 288 105   344    29  18.0  17.1  28.9
ALLY H65A 294 112   273    30  27.7  13.7  21.8
ALLY  HAL  50 231   156    30   6.8   8.8  11.5
ALLY HANN 332 150   272    30   0.7   7.1  12.3
ALLY HOLY 341 160   327    30  22.8   9.6  17.7
ALLY I57A 275  88   849    30   5.2   4.5   9.6
ALLY I60A 274  88   659    27  22.7   1.6  15.7
ALLY I62A 274  90   502    30  11.3   3.1   6.4
ALLY I64A 275  92   366    30   0.4  15.7  10.3
ALLY  ICQ 346 165   664    30   1.8  20.9  18.5
ALLY J59A 271  84   760    30   4.7   0.6   9.8
ALLY J63A 266  82   486    30   8.6   7.2   6.9
ALLY JOSY 309 128    94    30  18.8  22.9  20.6
ALLY K60A 263  77   725    30  12.6   3.3   9.1
ALLY K62A 261  76   592    30   9.9   1.4   8.6
ALLY L63A 251  66   572    30  12.0   2.0   6.9
ALLY LATQ 307 121   723    30  14.6  10.5  15.8
ALLY  LMN   5 186   236    26   5.9  16.6  14.7
ALLY MALY  31 212   266    30   3.1   6.9  10.6
ALLY N62A 248  63   757    30   8.8  14.0   8.1
ALLY PLVO 283  94   964    30  13.2   4.9  12.0
ALLY QM38 316 132   626    30  12.2   9.6   9.6
ALLY QMM5 342 159   837    30  11.7   2.0  10.7
ALLY SHEY  57 239   292    30  13.6   6.5  12.7
ALLY SUSY 353 173   221    30  26.2  15.4  21.8
ALLY VLDQ 301 112  1097    30  12.0   7.8  13.3
ALLY  WES 256  71   529    30  14.8   6.6  12.3
BATG D56A 271  85   660    60   2.8   1.1   1.5
BATG D59A 268  84   439    60   8.5   5.3  13.1
BATG D62A 266  83   228    60   9.3   2.1   8.6
BATG D63A 261  80   157    60  11.7  21.0  20.0
BATG E55A 267  80   767    60   8.0   6.2   7.5
BATG E58A 262  77   560    60   9.6   2.4   8.1
BATG E62A 256  73   274    30  10.5   4.4   9.5
BATG E64A 235  54   165    60  10.8   7.0   9.1
BATG EDEY 124 307   353    60   5.7  15.4  10.6
BATG EMMW 201  20   305    60  10.7  13.1  14.9
BATG F57A 259  73   681    60   2.7   4.5   3.9
BATG F62A 244  61   336    60  10.7   0.7   9.9
BATG F64A 229  47   236    60  14.8  10.8  13.4
BATG G57A 254  68   730    60   4.8   2.2   5.4
BATG G59A 249  64   601    49   9.8   6.2   2.8
BATG G63A 230  48   365    60   4.6   4.3   4.8
BATG  GBN 119 302   407    60   3.0  11.0  10.0
BATG  GGN 194  14   247    60  14.6   8.7  12.8
BATG H62A 235  51   496    60   9.6   8.5  16.2
BATG H63A 228  45   423    60   7.3   2.5   7.5
BATG H64A 221  39   382    59   8.4   8.4   9.2
BATG H65A 211  30   333    60  10.8  12.7  13.5
BATG  HAL 146 328   350    60   8.0  15.2  14.0
BATG HANN 200  19   164    60  12.2  21.3  15.9
BATG HOLY 200  20    89    60  15.1  23.8  18.5
BATG I60A 239  53   681    57   8.3   6.0   8.7
BATG  ICQ 341 160   265    60  11.8  16.6  17.2
BATG J63A 223  40   593    60   9.5   3.6   8.4
BATG JOSY 179 359   335    30  35.5  11.9  23.5
BATG K60A 233  47   805    60   3.8   6.6   8.5
BATG K62A 226  41   707    60   5.4   3.9   3.2
BATG L63A 218  34   745    60   1.4   1.4   4.5
BATG L65A 210  27   663    60  11.3   6.3   9.7
BATG LATQ 274  89   508    60   4.6   2.2   5.5
BATG  LMN 148 329   185    56  12.6  13.5  16.9
BATG LSQQ 288 100   835    28   2.9  11.9   0.7
BATG MALY 127 309   265    60  15.5  15.2  16.7
BATG N62A 223  38   920    60   5.9  10.2   5.1
BATG PLVO 258  70   886    60  12.2   5.4   9.3
BATG QM16 213  32   272    60   1.4   9.7   7.7
BATG QM38 279  95   364    60  10.5   6.0  11.3
BATG QM60 294 109   580    30   2.4   8.2   6.8
BATG QMM5 334 152   444    60   3.5   8.7   6.7
BATG SHEY 126 309   394    60  13.5  14.9  14.5
BATG SUSY 164 345   180    60  14.3  15.1  16.0
BATG VLDQ 281  92   882    60   6.4   7.8   5.8
BATG WODY 155 336   265    60  10.4  13.8  14.8
CHEG D56A 277  86  1071    21   7.1  10.5   1.5
CHEG D63A 275  90   566    21  10.8  13.7  11.0
CHEG DRLN  40 222   361    21  14.2  18.1  16.7
CHEG E55A 274  83  1177    21   9.0   6.8   8.5
CHEG E58A 272  83   966    21   6.8   2.9   8.8
CHEG E64A 268  83   550    21  10.6   1.0   9.3
CHEG EMMW 249  64   577    21  11.2  10.8  19.3
CHEG F57A 269  79  1084    21  11.3   9.1   9.0
CHEG F60A 268  80   872    21  12.8   5.9  11.2
CHEG F61A 267  80   798    21   5.4   9.5   9.8
CHEG F62A 265  79   722    21   6.8  19.3  11.8
CHEG G57A 265  75  1124    21   6.9   0.5   6.8
CHEG G59A 263  74   987    10   5.9   9.3   7.6
CHEG G61A 263  75   856    21   7.1  12.8   8.6
CHEG G63A 258  72   718    21   4.6  12.2   5.7
CHEG  GBN 203  22   169    21  13.2   9.5  22.3
CHEG H62A 257  69   853    21   8.5   7.9   3.7
CHEG H64A 253  67   707    20  13.2   8.8  24.1
CHEG H65A 251  66   634    21  12.2   2.5   5.4
CHEG HANN 260  75   480    21  15.0  13.4   5.1
CHEG HOLY 268  84   444    21   7.6  10.0  15.4
CHEG I60A 256  67  1041    21   7.6   2.0   4.9
CHEG I64A 249  62   771    21   6.3   0.8   5.9
CHEG J59A 256  66  1148    21   6.3   6.3   4.1
CHEG J62A 250  62   963    21  13.5   3.5   5.1
CHEG J63A 248  61   908    21   4.7   4.4   2.9
CHEG JOSY 238  54   504    21  11.7   7.9  11.7
CHEG K60A 251  61  1144    21  11.0   5.1   5.2
CHEG K62A 247  59  1023    21   6.6   3.5   6.6
CHEG L65A 238  51   915    21  11.2   3.9   0.0
CHEG LATQ 278  90   920    21  10.6   9.5  13.4
CHEG MALY 242  60   235    21   5.7   3.7  13.0
CHEG N62A 242  53  1216    21  11.0   7.4   7.8
CHEG PLVO 267  75  1285    21  11.3   9.3  13.4
CHEG QMM5 310 124   746    21  19.9   6.4  18.9
CHEG SHEY 209  28   212    21  13.5  15.0  21.6
CHEG VLDQ 283  90  1294    21   9.8   5.1   8.8
CHEG WODY 240  57   363    21   5.7   4.4  17.9
D56A D59A  90 272   222    60  11.0  10.5  12.6
D56A D62A  87 272   433    60   0.1   1.4  10.8
D56A D63A  88 273   505    60   0.4   4.9   6.2
D56A DRLN  73 266  1304    60   5.0   4.8   6.1
D56A E55A 237  56   119    60  15.1  13.2  14.9
D56A E58A 123 304   136    60  13.5  16.2  14.8
D56A E62A  95 279   402    30   9.2  13.0  18.0
D56A E64A  95 280   534    60   3.4   6.0   9.5
D56A EMMW 112 297   623    60   6.2  12.9  10.8
D56A F57A 178 358   138    60  19.9   6.8  18.7
D56A F60A 118 300   246    60  15.2  12.9  15.0
D56A F61A 111 294   313    60   5.7  21.3  13.1
D56A F62A 107 291   389    60   2.5   6.9  10.5
D56A F64A 103 287   509    60   5.7   6.7   7.8
D56A G57A 185   5   217    60  10.2  11.0  11.3
D56A G59A 150 331   250    49  12.0  21.5  15.4
D56A G61A 127 309   317    60  17.2  13.2  15.8
D56A G62A 120 303   385    60  11.0  11.6  12.5
D56A G63A 117 300   452    60  12.3  20.9  21.4
D56A  GBN  95 285  1037    60   4.8   8.7  10.3
D56A  GGN 106 292   648    60  12.5  10.8  12.5
D56A H61A 141 323   357    60  10.0  17.2  18.0
D56A H62A 133 316   392    60   7.6  13.3  12.9
D56A H63A 124 308   452    60   5.9   7.0   9.2
D56A H64A 120 304   506    59   4.9   8.0   8.2
D56A H65A 115 300   569    60   6.8   6.9  11.9
D56A  HAL 103 291   907    60   3.0   2.7   3.9
D56A HANN  99 285   627    60   3.8   5.4   7.0
D56A HOLY  92 278   636    60   4.0   9.3   5.0
D56A I57A 192  11   353    60   4.7  10.7  10.3
D56A I60A 162 343   374    57   8.1  11.6   9.6
D56A I63A 134 317   466    60   7.7  20.2  14.9
D56A I64A 129 313   530    60  10.7  14.4  16.1
D56A  ICQ  61 246   620    60   4.3   5.0   4.0
D56A J59A 177 357   399    60  20.7   6.6  12.4
D56A J62A 150 332   484    60   8.2   9.3   9.0
D56A J63A 144 327   509    60  10.5  11.1  11.1
D56A JOSY 111 298   748    30   7.5   6.2   9.2
D56A K60A 172 352   497    60  11.6   3.9   8.4
D56A K62A 157 339   526    60  19.8   8.5  13.2
D56A L63A 155 338   628    60   6.5   9.5   8.2
D56A L65A 144 328   671    60   5.3   7.7   5.9
D56A LATQ  75 257   154    60   3.2   8.7   7.3
D56A  LMN  96 283   775    56   3.6   3.5   7.1
D56A LSQQ 324 143   278    28  20.9  16.4  22.0
D56A M66A 148 332   742    60   5.4   6.6  10.4
D56A N62A 171 352   687    60  12.6   8.9  13.3
D56A NATG  63 252   949    56   3.2   4.1   3.7
D56A PLVO 220  38   286    60   2.1   4.5   7.0
D56A QM16 109 294   564    60   6.9   1.8   6.6
D56A QM38  75 258   303    60  10.7   7.3   3.7
D56A QMM5  44 228   607    60   4.8   4.0   5.4
D56A SHEY  98 287  1009    60   4.1   4.9   3.5
D56A SUSY  98 285   732    60   4.8   3.5   5.4
D56A VLDQ 300 118   259    60  19.4  16.4  21.5
D56A  WES 151 333   585    60   7.1  13.1  11.1
D56A WODY 102 289   810    60   9.1   0.6   6.3
D59A D60A  98 279    70    60   6.5  11.3  13.7
D59A D62A  87 269   212    60   6.7  13.2  11.5
D59A D63A  88 271   284    60   4.6   6.7   6.9
D59A DRLN  72 262  1094    60   7.0   4.8   4.7
D59A E55A 261  78   328    60  14.1   9.7  14.2
D59A E58A 238  57   131    60   9.6   8.4   8.9
D59A E62A 103 285   182    30  14.0  14.8  25.3
D59A E64A 101 284   313    60  10.0  16.4  15.3
D59A EDEY 100 287   754    60   1.3   6.5   3.4
D59A EMMW 125 308   425    60   6.4  10.9   8.9
D59A F57A 240  58   257    60  10.2   3.2  10.4
D59A F60A 184   4   116    60  26.5  10.8  17.1
D59A F61A 150 331   132    60  15.3  18.8  20.3
D59A F62A 130 311   189    60  20.1  14.2  19.7
D59A F64A 114 297   297    60   5.8   9.9  12.4
D59A G59A 206  25   238    49   3.5   6.5  10.6
D59A G61A 173 353   193    60  19.6  14.4  20.1
D59A G62A 153 334   223    60  13.3  18.1  17.7
D59A G63A 140 322   271    60   9.9  15.3  19.4
D59A  GBN  99 286   816    60   2.4   4.8   4.4
D59A  GGN 117 300   440    60  11.3  11.3  13.3
D59A H61A 182   1   276    60   8.4  19.2  15.4
D59A H62A 169 349   276    60  12.2  14.4  15.1
D59A H63A 151 332   296    60   6.3   9.0  16.5
D59A H64A 141 323   332    59   7.4  15.3  14.7
D59A H65A 131 314   379    60   9.7  13.3  15.8
D59A  HAL 109 295   692    60   9.1  11.3  13.3
D59A HANN 106 290   409    60   6.6  11.4   9.7
D59A HOLY  95 279   414    60   3.9  10.0  10.4
D59A I57A 223  40   454    60  12.0   5.3   8.4
D59A I60A 198  17   370    57   6.4   7.0   8.2
D59A I62A 173 354   350    60   7.1  13.1  14.3
D59A I63A 163 344   343    60  18.0  13.0  15.8
D59A I64A 153 334   384    60  17.5   9.5  16.4
D59A  ICQ  49 232   439    60   3.5   6.0  10.6
D59A J59A 209  27   446    60   5.4   5.3   6.9
D59A J62A 180 360   420    60  12.1  11.1  12.3
D59A J63A 172 352   419    60   7.9   8.8  14.6
D59A JOSY 122 306   547    30  12.0  12.9  14.6
D59A K60A 199  18   514    60   4.5   7.7   7.2
D59A K62A 184   4   484    60  15.3  12.2  14.6
D59A L63A 178 358   572    60   8.4   4.9   9.9
D59A L65A 165 346   571    60   5.3  12.2  10.5
D59A LATQ 301 120    83    60  19.6  17.1  18.7
D59A  LMN 101 286   555    56   4.3  11.0   9.0
D59A LSQQ 303 119   446    28   8.2   2.6   8.5
D59A M66A 167 349   653    60   8.9  11.8  10.9
D59A MALY  99 285   666    60   4.4   4.2   3.5
D59A N62A 192  10   688    60   1.7   0.6   4.9
D59A NATG  58 245   758    56   9.9   7.9   6.9
D59A PLVO 244  60   461    60   7.3   7.3   9.8
D59A QM38  45 225   105    60   3.4   1.1   6.2
D59A QM50   5 185   156    30  21.2  11.9  20.9
D59A QM60 336 154   265    30  11.3   7.6   7.9
D59A QMM5  26 209   481    60   8.1  14.2  13.0
D59A SHEY 102 289   789    60   5.6   5.6   7.5
D59A SUSY 104 289   513    60   9.0  14.7  14.1
D59A VLDQ 289 104   464    60  12.2  10.4  19.1
D59A  WES 175 356   515    60   9.3   6.3   7.8
D59A WODY 108 293   594    60   5.5   3.5   7.5
D60A D62A  82 263   144    60   2.1   5.0   8.4
D60A D63A  85 267   215    60   9.0   4.8   7.4
D60A E55A 264  81   396    60   9.3   0.8   6.6
D60A E58A 252  71   190    60  12.7   2.4  12.7
D60A E62A 106 287   112    30  19.7  23.8  23.1
D60A E64A 102 284   243    60  12.0  18.3  18.5
D60A EDEY 101 287   684    60   2.6   3.6   4.8
D60A EMMW 131 314   364    60  13.5  12.9  14.1
D60A F60A 217  37   131    60   4.8   9.4   7.1
D60A F61A 183   3   105    60  17.9  14.3  25.0
D60A F62A 147 327   135    60  12.5  16.5  15.8
D60A F64A 120 301   230    60   9.0  12.7  15.6
D60A G57A 239  56   373    60   5.8  12.2  10.8
D60A G59A 221  40   268    49   6.2  13.3  10.6
D60A G61A 195  14   187    60   9.9  14.7  12.7
D60A G62A 171 351   191    60  12.5  18.8  16.5
D60A G63A 153 334   224    60  12.5  17.9  15.0
D60A  GBN 100 286   745    60   8.3   7.7   8.8
D60A  GGN 121 304   374    60   1.6  10.7  11.2
D60A H61A 197  16   277    60  10.2   4.2  11.7
D60A H62A 184   4   261    60  18.1  24.9  27.0
D60A H63A 164 345   260    60  14.6  10.6  13.3
D60A H64A 152 333   285    59   9.0   9.5  16.4
D60A H65A 139 321   323    60   5.0  12.3  14.2
D60A  HAL 111 297   624    60  10.7  11.6  13.4
D60A HANN 108 291   340    60   8.9   9.9  12.5
D60A HOLY  96 279   344    60   6.9   9.4   8.6
D60A I57A 230  47   497    60   4.9  10.6   7.5
D60A I60A 209  28   388    57   9.0   5.6   8.8
D60A I62A 186   5   339    60   9.8   4.1   8.2
D60A I63A 175 355   319    60  19.3   8.9  14.1
D60A I64A 163 344   348    60  16.9  10.9  14.1
D60A  ICQ  42 224   397    60   8.4   1.4   7.5
D60A J59A 218  35   475    60   8.8   0.2   5.5
D60A J62A 190   9   416    60   9.0   7.5  13.5
D60A J63A 182   2   404    60   7.4  13.0  11.7
D60A JOSY 126 309   483    30  12.3  18.7  16.8
D60A K60A 207  25   532    60  11.8   7.1  12.2
D60A K62A 193  12   483    60   9.0   5.6   8.7
D60A L63A 186   5   564    60  12.6  12.5  14.5
D60A L65A 172 353   547    60  10.8  11.4  12.5
D60A LATQ 291 110   150    60  18.8  11.3  16.7
D60A  LMN 102 286   485    56   9.2  11.6  11.8
D60A M66A 174 355   631    60   6.6  12.8  10.1
D60A MALY  99 285   595    60   5.1   7.3   8.9
D60A N62A 198  16   695    60   7.1   3.1   4.4
D60A PLVO 249  64   520    60   4.6   6.5   4.7
D60A QM16 128 311   298    60   5.4  15.4  10.5
D60A QM38   4 184    85    60  18.9  18.9  20.7
D60A QM50 342 161   175    30  18.4  23.3  21.6
D60A QM60 325 143   308    30  11.0   7.2  17.0
D60A QMM5  19 200   464    60   7.4   2.5   9.7
D60A SHEY 103 289   719    60   5.5   2.6   4.8
D60A SUSY 105 289   443    60   3.3  11.3  10.8
D60A VLDQ 288 103   533    60  14.6  10.8  13.2
D60A  WES 184   3   504    60  15.1  13.1  16.0
D60A WODY 110 295   525    60  16.4   8.9  14.9
D62A D63A  94 274    72    60  16.1  18.7  18.1
D62A DRLN  70 259   891    60   2.5   6.2   5.4
D62A E55A 265  80   540    60   8.2   6.6  10.1
D62A E62A 215  35    63    30  21.4  11.3  21.5
D62A E64A 128 309   119    60   7.2  18.9  14.4
D62A EDEY 107 292   550    60   6.1   9.2  10.7
D62A EMMW 154 335   291    60   7.1  14.4  18.0
D62A F57A 254  70   456    60   7.4   0.6   4.5
D62A F60A 242  60   255    60   8.1   4.0   6.2
D62A F61A 231  50   193    60  12.1   7.5  12.2
D62A F62A 208  28   149    60   5.1   9.5   8.6
D62A F64A 158 339   146    60  13.6  10.3  19.3
D62A G61A 225  43   277    60  13.1   7.5  13.4
D62A G62A 209  28   237    60   6.9   7.6   7.8
D62A G63A 192  11   223    60  14.9   8.9  11.8
D62A  GBN 105 290   610    60   5.3   9.6   7.4
D62A  GGN 141 323   277    60   7.2  15.0  12.3
D62A H62A 211  30   323    60   0.2   5.0   5.7
D62A H63A 196  16   280    60  10.9  10.3  17.5
D62A H64A 183   3   272    59  15.6  12.5  14.8
D62A H65A 166 347   272    60  13.8   7.3  13.1
D62A  HAL 121 305   503    60   6.0   8.7  14.8
D62A HANN 126 308   220    60  10.6  23.4  17.3
D62A HOLY 106 288   207    60   5.4  11.7  13.8
D62A I60A 224  41   489    57   0.0   0.4   0.6
D62A I62A 207  26   399    60   4.7   6.0   7.0
D62A I63A 200  19   357    60   5.6  12.1   7.3
D62A I64A 188   7   354    60  10.1  12.2  12.2
D62A  ICQ  25 207   302    60   8.8  11.3  14.9
D62A J62A 208  26   480    60   5.8   5.9  10.2
D62A J63A 201  20   452    60   8.0   1.8   0.6
D62A JOSY 142 324   393    30   4.0   8.6   1.4
D62A K60A 219  36   626    60   4.8   0.8   7.3
D62A L63A 200  18   615    60   7.3   5.9   8.1
D62A L65A 188   8   567    60   3.4   1.3   5.1
D62A LATQ 278  95   285    60  11.5  11.8  14.5
D62A  LMN 111 294   353    56   3.2  18.1  14.2
D62A M66A 188   7   653    60   8.2   3.9   6.8
D62A MALY 106 290   460    60   0.8  11.4  11.5
D62A N62A 209  26   769    60   4.4   6.9   7.6
D62A PLVO 253  67   661    60   4.9   6.5   5.6
D62A QM16 157 338   225    60   8.0   2.1  11.4
D62A QM38 297 115   151    60  21.8   9.6  19.0
D62A QM60 308 124   394    30   4.9  14.0  13.3
D62A QMM5   2 183   419    60   7.1  11.8  12.3
D62A SHEY 109 294   587    60   2.7  10.9   6.5
D62A SUSY 117 300   317    60  13.8  17.2  18.8
D62A VLDQ 284  97   665    60   4.7   7.6   5.8
D62A  WES 200  18   552    60   1.3   4.4   7.6
D62A WODY 121 305   405    60   5.7  11.7  18.3
D63A E55A 267  81   611    60   9.6   3.4   8.1
D63A E58A 261  78   402    60   1.2   4.8   7.4
D63A E64A 163 343    72    60  18.9  14.5  18.4
D63A EDEY 110 294   480    60   7.3  17.0  12.2
D63A EMMW 169 349   264    60  15.3  10.4  15.5
D63A F57A 257  73   524    60   9.9   6.4   8.0
D63A F60A 249  67   318    60  11.9  11.1  15.4
D63A F62A 229  48   191    60   7.3  16.6  10.5
D63A F64A 188   8   132    60  13.8  11.0  13.3
D63A G57A 251  66   574    60   4.8   2.8   5.5
D63A G61A 235  52   328    60   7.6   4.1  13.1
D63A G62A 224  42   276    60   4.7   8.7  10.6
D63A G63A 209  28   244    60  11.1   6.3  13.0
D63A  GBN 107 292   540    60  10.8  11.9  14.0
D63A  GGN 155 336   235    60  10.4  14.1  12.3
D63A H62A 222  40   362    60   9.2  12.3  13.5
D63A H64A 198  18   280    59  18.2   7.7  19.0
D63A H65A 182   2   260    60   9.8  16.6  16.0
D63A  HAL 126 309   441    60   9.6  14.3  24.0
D63A HANN 141 322   165    60  14.8  13.8  14.1
D63A HOLY 114 295   138    60  12.8  21.2  18.6
D63A I60A 231  47   539    57   4.0   3.1   3.5
D63A I62A 217  35   433    60   4.2   3.2   9.9
D63A I63A 211  29   384    60   9.8   2.7   8.0
D63A I64A 200  18   366    60  12.2  12.1  13.4
D63A  ICQ  12 193   283    60  12.2  11.1  14.4
D63A J59A 234  49   640    60   9.8   6.8  12.7
D63A J62A 216  33   514    60  10.8  10.3  10.9
D63A J63A 210  28   478    60   7.7   4.5   8.3
D63A JOSY 151 333   349    30   8.5  12.4  10.0
D63A K62A 215  32   585    60   7.7   4.0   7.5
D63A L63A 207  25   639    60   5.2  10.0   8.5
D63A L65A 196  15   577    60   5.0  11.7  10.9
D63A LATQ 278  94   356    60  21.2  10.5  18.7
D63A  LMN 116 299   286    56   3.9  11.3   8.6
D63A LSQQ 292 105   698    28   6.3   5.4   8.5
D63A MALY 109 292   391    60   2.9  18.4  13.8
D63A N62A 214  31   803    60   6.4   0.9   1.9
D63A NATG  45 229   532    56   0.3   7.3   6.3
D63A PLVO 256  69   728    60   7.4   2.4   3.2
D63A QM16 177 357   204    60   3.6   3.0  12.0
D63A QM38 290 108   219    60  16.4  17.9  16.8
D63A QM50 301 118   307    30   8.6   4.5   4.0
D63A QM60 303 119   456    30  15.7   1.0   8.9
D63A QMM5 353 173   426    60   7.1  16.6  13.2
D63A SHEY 112 296   518    60   6.6  11.1  11.5
D63A SUSY 125 306   253    60   9.0  15.7  16.7
D63A VLDQ 284  96   736    60   7.5   3.7   8.5
D63A  WES 207  25   576    60   6.7   5.8   9.0
D63A WODY 128 310   343    60  11.7   9.6  12.0
DRLN E55A 264  71  1419    60   3.9   6.8   8.4
DRLN E58A 261  69  1222    60   0.4   1.7   1.9
DRLN E62A 256  68   943    30   9.3   3.8   4.4
DRLN E64A 252  64   834    60   6.0   2.2   4.3
DRLN EDEY 222  39   559    60   6.0   1.0   2.5
DRLN EMMW 240  53   909    60   3.9   5.6   3.8
DRLN F60A 257  66  1144    60   1.7   2.6   2.4
DRLN F61A 255  65  1076    60   3.5   1.7   4.2
DRLN F64A 249  61   898    60   5.6   7.0   6.6
DRLN G57A 257  65  1399    60   4.6   2.7   4.2
DRLN G61A 253  62  1147    60   6.7   1.0   1.8
DRLN G63A 248  59  1026    60   9.7   1.2   5.3
DRLN  GGN 240  54   843    60   1.8   4.1   4.3
DRLN H61A 250  59  1216    60   2.8   2.8   5.2
DRLN H64A 244  56  1027    59   6.1   4.0   5.1
DRLN H65A 242  54   961    60   7.0   0.8   5.5
DRLN  HAL 224  40   691    60   3.8   4.3   5.9
DRLN HANN 245  58   791    60   4.7   4.3  11.0
DRLN I57A 254  61  1507    60   6.0   1.4   2.9
DRLN I60A 249  58  1349    57   7.7   1.6   7.3
DRLN I62A 246  56  1215    60   3.0   2.0   4.3
DRLN I63A 245  55  1154    60   2.8   3.8   2.3
DRLN  ICQ 276  89   709    60   4.3   5.2   7.2
DRLN J59A 250  58  1454    60   6.0   7.0   6.7
DRLN J62A 244  54  1288    60   5.4   4.1   1.2
DRLN J63A 243  53  1237    60   2.6   3.0   2.9
DRLN JOSY 233  46   854    30   2.8  12.0   3.8
DRLN K60A 246  54  1465    60   5.7   4.1   6.1
DRLN K62A 243  52  1353    60   4.5   0.3   3.2
DRLN L63A 238  48  1370    60   2.3   2.8   4.3
DRLN LATQ 265  74  1150    60   6.4   1.4   4.6
DRLN  LMN 238  53   667    56   5.4   1.2   3.8
DRLN M66A 233  44  1328    60   2.5   3.1   0.0
DRLN MALY 231  47   585    60   4.6   8.4   5.0
DRLN N62A 240  48  1555    60   6.9   0.9   4.1
DRLN NATG 289 105   399    56  10.4   1.6   7.2
DRLN QM16 244  57   909    60   5.2   4.3   3.9
DRLN QM38 265  75  1001    60   1.7   2.8   0.1
DRLN QMM5 287  98   827    60   8.8   4.7   8.8
DRLN SHEY 218  35   570    60   5.5   6.2   6.9
DRLN VLDQ 273  78  1490    60   1.9   1.5   1.9
DRLN  WES 240  50  1314    60   5.9   1.9   4.0
DRLN WODY 232  47   712    60   0.7   6.2   2.2
E55A E58A  91 273   214    60   7.5  12.5  24.0
E55A E62A  86 270   501    30   8.6   2.5   5.7
E55A E64A  87 273   632    60   0.2   6.9   6.8
E55A EDEY  91 281  1070    60   1.1   7.0   0.8
E55A EMMW 103 289   698    60   7.2   8.9  14.5
E55A F57A 124 305   127    60  15.1  15.0  15.2
E55A F60A  98 281   321    60   9.8  12.9  14.3
E55A F61A  96 280   394    60  17.5   9.4  13.0
E55A F62A  95 280   474    60   6.4   6.3  10.4
E55A F64A  94 279   599    60   3.5   7.7   6.5
E55A G57A 151 331   172    60  16.4  22.7  23.1
E55A G59A 123 305   271    49  14.4  10.8  17.6
E55A G61A 109 292   375    60  14.7  14.6  15.2
E55A G62A 106 290   451    60  10.8  12.0  13.1
E55A G63A 104 289   522    60   0.5   9.2   5.2
E55A  GBN  91 281  1132    60   2.4   5.6   2.8
E55A  GGN  98 285   731    60  11.3  10.3  14.5
E55A H61A 122 305   388    60   8.4  13.5  11.9
E55A H62A 117 300   436    60   7.8  20.1  17.0
E55A H63A 111 295   510    60   7.2  13.0  12.8
E55A H65A 105 291   640    60   4.9  10.9  11.5
E55A  HAL  97 286   993    60   0.4   3.9   4.6
E55A HANN  92 278   720    60   4.3   5.7   8.8
E55A I57A 173 354   281    60  13.4   9.1  13.1
E55A I60A 142 324   362    57  15.1  14.3  19.2
E55A I62A 126 309   469    60   7.5  12.8  10.2
E55A I63A 120 304   506    60   9.2  15.1  15.5
E55A  ICQ  59 246   739    60   8.1   4.2   5.7
E55A J59A 159 340   354    60  16.7  14.4  18.8
E55A J62A 135 318   491    60   7.3  14.9  13.8
E55A J63A 130 314   528    60   7.0  18.4  15.6
E55A JOSY 104 291   823    30  15.1   6.4  11.5
E55A K60A 157 339   460    60  11.8  12.7  14.1
E55A K62A 143 326   519    60   5.9   4.7   9.1
E55A L65A 134 318   686    60   7.6  12.9  12.7
E55A LATQ  66 249   270    60   9.2   4.2  15.9
E55A  LMN  90 278   871    56   4.7   6.1  10.9
E55A LSQQ 347 166   298    28  12.4   1.2  16.5
E55A M66A 138 322   748    60   4.0   8.1  12.0
E55A MALY  90 279   983    60   3.3   5.4   9.3
E55A N62A 160 342   648    60  11.9   7.2  10.5
E55A NATG  62 252  1068    56   6.6   5.3   6.2
E55A PLVO 207  26   176    60   1.5  11.3  10.4
E55A QM38  69 253   418    60   5.0   7.1   5.9
E55A QMM5  45 230   724    60   8.1   3.2  10.0
E55A SUSY  92 279   825    60   6.7   2.9   6.5
E55A VLDQ 327 146   232    60  19.4  14.3  17.0
E55A  WES 138 322   589    60   6.8   6.2   5.8
E55A WODY  96 284   898    60   7.8   8.0  12.7
E58A E62A  83 266   290    30   4.0  16.1   8.5
E58A E64A  87 271   419    60   2.3   8.3   5.4
E58A EDEY  93 281   856    60   1.1   7.0   3.7
E58A EMMW 110 294   491    60   4.8  12.1  10.3
E58A F60A 113 294   112    60  13.8  21.3  21.6
E58A F61A 103 285   182    60   9.3  19.0  22.1
E58A F62A 100 283   261    60   9.2  11.7  10.6
E58A F64A  97 280   385    60   5.0  11.4   9.0
E58A G57A 224  43   194    60  11.2   4.4  11.8
E58A G59A 177 357   144    49  11.2   3.9  11.4
E58A G61A 131 312   182    60   4.7  17.7  11.3
E58A G62A 120 302   249    60  12.9  20.4  18.2
E58A G63A 115 297   317    60  10.7  13.8  14.2
E58A  GGN 103 288   520    60   6.3   7.2  12.7
E58A H61A 152 333   231    60  13.3  16.7  20.9
E58A H62A 140 321   260    60  12.4  14.6  17.5
E58A H63A 126 308   317    60  14.4  15.0  18.9
E58A H64A 120 303   371    59   9.8  13.5  20.0
E58A H65A 114 297   435    60   5.2  11.5  10.7
E58A  HAL 101 288   781    60   3.3   4.2  10.0
E58A HANN  94 279   506    60   5.6  14.2  11.2
E58A HOLY  86 271   524    60   1.3   1.1   3.1
E58A I60A 180   0   281    57  16.0   9.6  24.4
E58A I62A 150 332   317    60  11.0  14.3  18.8
E58A I63A 140 322   334    60   5.8  14.2  13.3
E58A I64A 132 315   395    60   5.6  15.4  13.6
E58A  ICQ  50 234   569    60  11.0   7.0  10.4
E58A J59A 197  16   337    60   9.4   6.3  13.4
E58A J62A 161 342   368    60  12.1  11.3  18.0
E58A J63A 152 334   385    60  13.3  11.0  17.3
E58A JOSY 110 295   616    30  10.9  15.4  14.7
E58A K60A 187   6   420    60   8.7   6.7   9.4
E58A K62A 168 349   420    60   9.9   7.3  11.7
E58A L63A 164 346   518    60   9.0   7.5  11.5
E58A L65A 151 333   547    60   4.6  11.1  11.6
E58A LATQ  18 199   119    60  17.5  14.7  17.4
E58A LSQQ 318 136   408    28  23.0   3.8  16.4
E58A M66A 155 337   622    60   8.2   5.7   9.8
E58A MALY  91 278   770    60   5.2   4.2   2.2
E58A N62A 182   1   605    60   6.9   9.3  12.5
E58A NATG  57 245   889    56   4.0   3.2  10.0
E58A PLVO 245  62   331    60  11.5   2.9   8.6
E58A QM16 105 289   434    60   0.4   2.8   2.0
E58A QM38  51 233   234    60  12.0  14.7  14.0
E58A QM50  28 209   257    30   8.2   0.7  12.4
E58A QMM5  32 215   597    60   0.1   3.1   1.0
E58A SUSY  94 280   611    60   1.9   7.9   5.5
E58A VLDQ 302 119   395    60  13.2  12.2  17.4
E58A  WES 160 341   470    60  13.2  10.2  12.7
E58A WODY  99 285   685    60   8.9   1.2   5.9
E62A E64A  99 280   132    30  16.5  18.5  38.5
E62A EDEY 101 286   573    30  10.0  15.0  13.0
E62A EMMW 142 324   267    30  10.5  20.4  15.8
E62A F57A 259  75   409    30  15.1   3.3   9.9
E62A F60A 250  68   201    30  11.7   9.1  12.9
E62A F61A 238  57   134    30  10.2   5.5   5.8
E62A F62A 203  23    87    30  24.6  20.9  23.5
E62A F64A 132 313   124    30  25.0  18.2  21.1
E62A G61A 227  46   215    30   2.0  16.0  10.9
E62A G62A 207  26   174    30   9.8  13.9  15.1
E62A G63A 183   3   167    30  13.3  13.7  14.3
E62A  GGN 128 310   267    30  19.1  18.4  30.5
E62A H63A 191  10   221    30  22.3  20.4  20.6
E62A H64A 174 354   221    29  17.7  10.5  16.0
E62A H65A 155 336   236    30  26.6   8.9  17.5
E62A  HAL 113 298   512    30  14.0  15.7  19.4
E62A HANN 110 292   228    30   3.0  26.6  21.2
E62A HOLY  91 274   235    30   8.8  18.4  13.4
E62A I60A 225  42   427    27  12.1   5.5   7.8
E62A I63A 197  16   297    30  18.7   5.4  19.5
E62A I64A 182   2   300    30  24.6  14.1  23.1
E62A  ICQ  27 208   364    30   8.1  12.2   3.8
E62A J62A 206  25   418    30   2.3   1.8   1.0
E62A JOSY 132 315   379    30  19.8  18.0  23.8
E62A K60A 219  36   564    30  20.4   5.9  23.5
E62A K62A 207  25   489    30  18.4  11.6  29.0
E62A L65A 185   5   512    30  11.2  16.1  13.0
E62A LATQ 290 108   262    30   7.9  11.9   9.8
E62A MALY  99 283   485    30   4.4  18.0  16.3
E62A N62A 208  25   707    30   9.8   8.2  15.1
E62A NATG  48 233   642    26   7.4  11.7   9.9
E62A PLVO 256  71   612    30   8.6   1.6  16.0
E62A QM38 320 139   155    30  17.3  18.0  17.0
E62A SHEY 103 288   608    30  12.0  13.9  16.3
E62A SUSY 106 289   331    30   4.7  13.7  16.7
E62A VLDQ 289 103   645    30  10.6  10.3  16.5
E62A WODY 112 296   413    30  16.5  12.4  20.9
E64A EDEY 102 286   441    60   1.7   8.7   9.1
E64A EMMW 171 351   192    60  11.7  12.9  25.6
E64A F57A 265  80   535    60   1.0   4.7   1.6
E64A F62A 251  70   175    60   5.2   4.9   2.7
E64A F64A 213  33    74    60  16.2   1.0  10.6
E64A G57A 258  73   575    60   8.8   6.1   6.7
E64A G61A 248  65   314    60   4.8   1.1   5.2
E64A G62A 239  57   249    60  10.3  14.0  16.0
E64A G63A 225  43   201    60  11.5   8.1   4.7
E64A  GBN 101 285   503    60   4.4  13.2  13.4
E64A  GGN 152 332   164    60  16.7  16.6  16.7
E64A H61A 238  55   383    60   8.2   7.2   9.3
E64A H63A 222  41   260    60   2.0   7.2   5.4
E64A H64A 209  28   225    59  12.4  18.6  15.6
E64A H65A 190  10   194    60  23.6   9.0  16.6
E64A  HAL 119 302   386    60   3.6  12.2   7.7
E64A HANN 126 306   101    60  11.3  14.8  18.2
E64A HOLY  83 264   105    60  14.5  12.7  17.8
E64A I57A 249  63   674    60   6.1   7.8   6.7
E64A I60A 238  54   516    57   2.2   3.7   2.9
E64A I62A 226  43   395    60   7.8   1.0   3.6
E64A I63A 220  38   340    60  17.8   7.9  12.9
E64A I64A 208  26   312    60   2.0   3.9  10.9
E64A  ICQ   7 187   348    60   5.7  11.4  13.2
E64A J59A 240  56   620    60  11.5   1.4   5.1
E64A J62A 223  40   474    60   5.6   7.4  11.8
E64A J63A 218  35   433    60   0.9   3.3  11.8
E64A JOSY 149 330   279    30  21.4  10.5  13.3
E64A K60A 231  47   640    60   4.2   6.0   1.8
E64A K62A 222  38   544    60  11.1   5.4   8.3
E64A L63A 212  30   590    60   9.3   5.3   7.5
E64A L65A 201  19   519    60   1.4   2.6   2.8
E64A LATQ 288 104   392    60  12.7   9.3  14.7
E64A  LMN 104 286   242    56  16.3  24.5  20.6
E64A LSQQ 296 110   746    28   5.1   6.4   7.2
E64A M66A 199  17   602    60   5.8   6.6   5.7
E64A MALY 100 283   353    60   0.8  11.3  15.4
E64A N62A 219  35   760    60   5.9   4.0   5.1
E64A QM16 184   4   135    60  11.3  10.2  14.9
E64A QM38 302 120   269    60  20.5  15.9  20.8
E64A QM50 309 126   364    30  11.6   6.9  13.3
E64A QMM5 352 171   497    60   8.7  12.8  13.2
E64A SHEY 105 290   476    60  10.5  10.5  12.7
E64A SUSY 112 294   201    60   1.3  21.4  11.9
E64A VLDQ 288 101   776    60  10.0  15.5  13.0
E64A  WES 213  31   527    60   9.0   3.2  10.5
E64A WODY 120 302   287    60   3.9  21.1  15.6
EDEY EMMW 260  77   413    60   6.9   9.0  10.5
EDEY F57A 277  88   965    60   4.5   3.3   6.3
EDEY F60A 278  91   752    60   4.9   0.8   2.6
EDEY F61A 278  92   678    60   2.1   2.6   3.5
EDEY F62A 278  92   598    60   8.8   0.4   5.1
EDEY F64A 278  94   472    60   5.4   3.5   2.8
EDEY G57A 272  83   994    60   0.4   6.9   2.1
EDEY G59A 271  83   853    49   2.7   4.2   4.8
EDEY G61A 272  85   721    60   4.7   6.2   7.5
EDEY G62A 271  85   644    60   4.7   2.5   5.7
EDEY G63A 269  84   574    60   8.8   5.0  10.9
EDEY  GBN  93 274    63    60   5.8  14.1  21.8
EDEY H61A 266  79   764    60   3.1   1.1   1.2
EDEY H62A 265  79   703    60   5.1   4.1   5.8
EDEY H63A 265  79   614    60   4.1   0.3   3.9
EDEY H64A 263  78   551    59   9.1   3.5  10.8
EDEY H65A 262  78   474    60   4.3  12.4   9.8
EDEY  HAL 229  48   134    60  13.1  12.3  15.4
EDEY HANN 280  96   350    60  17.5   4.3  11.1
EDEY HOLY 292 109   343    60  18.7   9.7  16.5
EDEY I57A 266  76  1069    60   3.7   6.3   5.0
EDEY I60A 262  75   888    57   7.6   5.2   4.9
EDEY I62A 260  73   736    60   3.9   1.9   8.5
EDEY I63A 260  74   672    60   3.2   2.2   0.7
EDEY I64A 256  71   604    60  12.3   8.9  11.0
EDEY  ICQ 322 139   587    60   4.9   3.4   4.7
EDEY J59A 262  73   993    60   6.0   2.2   4.9
EDEY J62A 255  69   796    60  12.0   5.2   9.2
EDEY J63A 254  68   738    60   5.4   2.7   7.3
EDEY K60A 255  67   978    60   4.2   1.7   3.6
EDEY K62A 252  65   852    60   4.4   1.4   1.9
EDEY  LMN 284 102   199    56  14.5   4.7  13.2
EDEY M66A 236  51   785    60   4.5   3.4   3.7
EDEY MALY 296 116    90    60  31.4   6.9  15.5
EDEY N62A 245  57  1034    60   6.9   4.4   6.1
EDEY NATG 356 176   540    56  15.3   3.7   9.3
EDEY PLVO 273  83  1158    60  10.3   4.9   8.6
EDEY QM50 298 111   784    30  15.7  12.0  15.6
EDEY QMM5 324 139   770    60   2.6   6.3   0.2
EDEY SHEY 143 323    43    60  28.2  20.8  26.1
EDEY SUSY 278  96   245    60  25.0  12.1  19.0
EDEY VLDQ 290  99  1215    60   0.2   7.1   3.3
EDEY WODY 259  77   188    60   3.4  11.6  10.9
EMMW F57A 285 100   581    60  11.0   6.8  10.1
EMMW F60A 293 110   379    60  13.3   8.1  14.8
EMMW F61A 298 116   311    60  15.6   2.6  10.2
EMMW F62A 305 123   237    60  14.2   9.6  15.8
EMMW F64A 332 151   146    60  22.1  17.0  21.2
EMMW G61A 283 100   327    60   9.6  11.3  14.5
EMMW G62A 284 102   249    60  21.9  10.8  16.5
EMMW G63A 286 104   177    60  20.8  11.1  19.7
EMMW  GBN  78 263   475    60   3.3   4.6   9.6
EMMW  GGN  47 227    67    60   9.2  12.4  18.0
EMMW H62A 268  86   294    60  13.5   6.6  10.5
EMMW H63A 269  88   204    60  19.2  12.3  16.7
EMMW H64A 268  86   140    59  22.4   9.0  15.6
EMMW H65A 269  89    63    60  14.6   7.3  11.4
EMMW  HAL  90 273   307    60  14.6  11.7  15.0
EMMW HANN  22 203   141    60   4.1  15.2  16.0
EMMW HOLY  21 201   216    60  11.1  23.1  20.4
EMMW I62A 255  72   323    60   9.1   5.5  15.3
EMMW I63A 255  73   259    60  10.8   6.1  12.8
EMMW I64A 244  63   195    60  17.4   4.3  12.0
EMMW  ICQ   1 182   535    60   8.4   8.1  10.4
EMMW J59A 259  74   581    60  15.2   3.0   9.0
EMMW JOSY 113 294   125    30  23.5  19.0  21.1
EMMW K60A 248  64   568    60   2.7   7.1   9.4
EMMW K62A 241  58   447    60  10.0   3.5   7.3
EMMW L63A 228  45   462    60   1.6   2.8   1.9
EMMW L65A 216  34   364    60   5.4   3.5   5.0
EMMW LATQ 308 124   508    60  11.2   4.6   7.6
EMMW  LMN  58 239   244    56   9.0   6.7   8.6
EMMW LSQQ 307 120   871    28   6.9   1.9   5.9
EMMW M66A 211  29   441    60   5.3   9.4   8.7
EMMW MALY  68 251   344    60   6.9   8.9  10.5
EMMW N62A 232  48   646    60  11.0   3.8   3.8
EMMW NATG  28 211   712    56   5.6   1.9   5.5
EMMW PLVO 276  89   760    60  14.0   5.7  13.0
EMMW QM16 325 145    68    60  11.6   5.7  12.0
EMMW QM38 323 140   421    60   8.8   6.4   8.8
EMMW QM50 323 140   522    30  13.3   7.1  19.0
EMMW QM60 320 136   668    30   2.3   3.5   3.8
EMMW QMM5 352 171   690    60  13.9  10.8  14.2
EMMW SUSY  54 236   195    60   5.8  10.6   9.1
EMMW VLDQ 300 112   880    60  12.2   2.1  10.8
EMMW  WES 232  49   405    60  11.3   5.3  12.5
F57A F61A  85 268   288    60  11.8   7.4  11.0
F57A F62A  87 270   367    60  11.2   1.0   3.6
F57A F64A  87 272   493    60   3.6   7.8   8.1
F57A G57A 196  16    82    60  12.6  13.2  14.8
F57A G59A 124 305   144    49  18.4  12.1  20.5
F57A G61A 102 285   254    60  13.8  15.0  17.6
F57A G62A 100 283   332    60   8.5   8.4  10.7
F57A G63A  99 283   404    60  11.7  14.5  15.0
F57A  GBN  88 277  1028    60   3.6   5.4   4.3
F57A  GGN  94 280   619    60   6.6   9.6   6.5
F57A H61A 122 304   260    60   6.0  20.0  18.2
F57A H62A 115 298   310    60   6.5  10.0  11.8
F57A H63A 108 291   387    60  13.9  13.5  18.0
F57A H64A 105 289   449    59   3.4  15.2   9.8
F57A H65A 101 286   521    60  10.1   8.2  10.8
F57A HANN  86 272   615    60   6.3   5.4   6.2
F57A HOLY  80 266   640    60   4.9   8.5  11.1
F57A I57A 200  20   222    60   3.9  18.9  10.4
F57A I60A 153 334   245    57   8.4  18.0  12.9
F57A I62A 128 310   342    60  15.9   9.5  12.9
F57A I63A 120 303   379    60   6.8   9.6  10.7
F57A I64A 116 300   452    60   4.8  10.0  11.8
F57A  ICQ  51 236   693    60   3.3   7.6   9.6
F57A J59A 177 357   261    60  14.7  13.5  15.7
F57A J62A 140 322   367    60   8.8  14.2  15.8
F57A J63A 133 316   402    60   7.9  11.9  15.2
F57A JOSY 101 287   705    30   5.7  10.2   5.7
F57A K60A 169 350   361    60  18.1  17.3  23.0
F57A K62A 150 332   401    60  11.5   7.5   9.3
F57A L63A 149 332   504    60   8.5   3.3  15.8
F57A L65A 137 320   562    60   8.0  13.1  14.3
F57A LATQ  39 221   228    60  12.8  11.4  12.1
F57A  LMN  86 273   768    56   5.5   5.3   4.8
F57A LSQQ 335 154   400    28  26.2   5.7  20.8
F57A M66A 142 325   626    60   3.9   6.6   5.2
F57A MALY  86 274   881    60   4.0   4.7   8.1
F57A N62A 169 350   551    60  10.1   3.2   8.6
F57A NATG  56 245  1014    56   3.2   2.0   2.8
F57A PLVO 246  64   205    60  10.5  19.9  13.3
F57A QM38  53 236   359    60   4.8   1.4   5.9
F57A SHEY  90 279   995    60   5.0   1.7   3.2
F57A SUSY  88 274   720    60   5.4   3.5   4.9
F57A VLDQ 320 137   352    60  17.2  12.1  17.0
F57A  WES 143 326   467    60   2.1   7.1   3.6
F57A WODY  92 279   788    60   5.0   3.9   6.8
F60A F61A  89 270    74    60  15.0  24.1  20.3
F60A F62A  92 274   154    60  17.6  14.8  17.1
F60A F64A  91 274   280    60   1.4  12.8   8.7
F60A G57A 249  67   256    60  14.2   9.1  19.1
F60A G61A 156 337    83    60  17.8  17.0  19.4
F60A G62A 126 307   139    60   7.0  18.6  16.0
F60A G63A 117 298   205    60  20.2  19.9  26.6
F60A  GBN  91 278   815    60   3.9   3.8   3.8
F60A  GGN 101 285   410    60   8.8   7.9  10.8
F60A H61A 179 359   161    60  17.3   9.9  18.2
F60A H62A 158 338   167    60  12.8  12.1  22.4
F60A H63A 133 315   209    60  14.8  17.9  18.2
F60A H64A 124 306   260    59  15.3  20.8  20.5
F60A H65A 115 297   323    60   5.5  14.1  14.9
F60A  HAL 100 286   672    60   6.4   8.3  15.0
F60A HANN  90 273   402    60   0.1  12.2   9.2
F60A I60A 205  24   259    57  14.8   6.4  10.8
F60A I62A 168 348   238    60  13.7  23.7  18.6
F60A I63A 153 334   239    60  18.6  16.9  22.6
F60A I64A 140 322   292    60  14.4  15.7  17.2
F60A  ICQ  40 223   528    60   1.9   9.0   5.6
F60A J59A 217  35   344    60  21.0   7.2  17.3
F60A J62A 178 358   305    60  10.3  13.7  19.0
F60A J63A 167 347   307    60   6.4  20.3  13.8
F60A JOSY 110 294   504    30  18.4   6.6  13.3
F60A K60A 203  22   403    60   6.0   9.4  12.3
F60A K62A 184   3   368    60  10.0   8.4  14.8
F60A L63A 176 357   457    60   8.3   6.1  11.6
F60A L65A 160 341   463    60  11.9  10.5  14.9
F60A LATQ 338 158   170    60  10.5  20.2  15.0
F60A  LMN  89 274   554    56   3.7   9.3   8.7
F60A LSQQ 314 130   511    28   8.2   8.8  10.4
F60A M66A 164 345   543    60  10.8  13.5  15.9
F60A MALY  89 275   667    60   1.9   5.0   2.0
F60A N62A 193  12   573    60   5.1   4.6   3.9
F60A NATG  51 238   832    56   1.4   5.8   5.8
F60A QM16 104 287   323    60   5.6   7.6   6.2
F60A QM38  23 204   207    60   5.0   8.4   9.6
F60A QM50   5 185   272    30  19.0   7.1  14.0
F60A QM60 344 163   371    30  21.4  10.2  19.7
F60A SHEY  93 280   783    60   1.1   4.5   4.9
F60A VLDQ 301 117   505    60  16.7   7.8  14.3
F60A  WES 173 353   401    60   5.8  16.1  11.1
F60A WODY  97 282   577    60   6.0   4.9   3.7
F61A F62A  96 277    80    60  10.5  12.3  17.4
F61A F64A  92 274   205    60  16.7  16.9  19.9
F61A G57A 254  71   327    60  14.0   6.8  10.6
F61A G59A 241  59   198    49  14.2   2.8   9.1
F61A G61A 209  28    87    60  22.3  14.0  18.2
F61A G62A 157 337    91    60  22.8  24.9  26.7
F61A G63A 131 312   144    60  16.6  11.3  16.6
F61A  GBN  91 278   741    60   5.3   5.0   6.5
F61A  GGN 105 288   338    60   9.2  16.3  18.3
F61A H61A 205  24   177    60  20.1   4.3  10.8
F61A H62A 185   5   156    60  17.6  18.3  25.5
F61A H63A 152 333   164    60  16.2  20.6  24.4
F61A H64A 136 317   203    59  17.8  13.2  17.6
F61A H65A 122 304   258    60  18.9  14.7  16.4
F61A  HAL 102 287   599    60   7.6   5.3   6.6
F61A HANN  90 273   328    60   6.2  12.3  10.9
F61A HOLY  78 262   354    60   0.4   9.5   6.7
F61A I57A 240  57   432    60   4.8   0.2   2.9
F61A I60A 218  37   298    57   2.4   9.8   5.8
F61A I62A 187   7   235    60  13.4  14.6  19.9
F61A I63A 171 352   216    60  14.6  12.5  18.8
F61A I64A 154 335   252    60   6.9  12.8  20.0
F61A  ICQ  34 217   483    60   8.4   7.6   7.0
F61A J59A 226  44   394    60   4.2   2.2   7.3
F61A J62A 192  12   312    60   9.9  10.9  13.2
F61A JOSY 114 298   435    30   7.1  16.4  17.5
F61A K60A 213  31   439    60   6.0  11.2   9.6
F61A K62A 196  15   381    60  18.6   4.7  13.1
F61A L63A 186   6   459    60  10.2   9.9  11.3
F61A L65A 170 351   445    60  13.2  10.6  15.7
F61A LATQ 319 138   208    60  13.3  15.4  15.4
F61A  LMN  89 274   480    56   1.9   8.4   8.8
F61A LSQQ 309 125   566    28   5.6   9.2   9.5
F61A M66A 172 353   528    60   7.6  10.5  13.0
F61A MALY  89 275   593    60   5.5   3.9   8.7
F61A NATG  49 235   774    56   1.6   5.0   3.9
F61A PLVO 260  76   486    60   7.0   1.8   5.8
F61A QM16 109 291   252    60  14.0   3.0   9.0
F61A QM38   3 183   189    60  16.6  16.3  23.9
F61A QM50 350 169   275    30  20.2  28.1  23.9
F61A QMM5  16 198   565    60   7.7   8.0   8.9
F61A SHEY  94 281   709    60   1.0   5.9   5.5
F61A SUSY  92 276   433    60   6.5   9.2  12.6
F61A VLDQ 298 113   569    60   6.2   3.4   6.3
F61A  WES 184   4   400    60  17.4   4.6  11.1
F61A WODY  99 283   504    60   5.7   3.9   5.5
F62A F64A  91 272   126    60   6.4  22.5  12.7
F62A G57A 259  76   402    60   5.5   7.2   7.8
F62A G61A 241  60   140    60   7.4  13.1  11.1
F62A G62A 211  30    87    60  18.2  18.8  23.9
F62A G63A 163 343    91    60  15.7  12.3  14.3
F62A  GBN  92 278   661    60   2.6  12.8  10.6
F62A  GGN 108 291   259    60  11.3  13.2  17.0
F62A H61A 226  45   217    60   9.0  16.8  12.9
F62A H62A 213  32   174    60   6.1   2.4   3.8
F62A H63A 182   2   137    60  26.1  11.8  18.7
F62A H64A 157 338   151    59  15.6  15.4  17.4
F62A H65A 134 315   190    60  10.3  15.0  25.0
F62A  HAL 103 288   519    60   5.1   6.7  10.0
F62A HANN  89 272   248    60   4.8   4.8   4.9
F62A I62A 206  25   249    60   5.4   7.2   8.4
F62A I63A 194  13   211    60  12.0  10.4  20.6
F62A I64A 173 353   221    60  12.2  14.5  17.5
F62A J59A 235  52   450    60   2.0   4.1   1.0
F62A J63A 197  16   304    60   9.9  11.5  11.3
F62A JOSY 119 302   360    30  17.8  21.5  20.2
F62A K60A 222  39   480    60  10.9   2.3   5.5
F62A K62A 208  26   402    60   4.3   9.6  11.4
F62A L63A 197  16   467    60   0.5  10.7   6.8
F62A L65A 181   1   430    60   6.0   2.5  10.2
F62A LATQ 308 126   272    60  12.6  15.8  16.0
F62A M66A 182   1   515    60  13.0   8.7  11.5
F62A MALY  89 274   514    60   2.1  11.9   7.8
F62A N62A 208  26   620    60   6.6   7.4   6.2
F62A NATG  45 230   722    56   4.2   2.5   5.1
F62A QM16 115 297   175    60   0.6   9.4  21.3
F62A QM38 341 161   209    60  16.3  11.8  15.7
F62A QM50 336 155   307    30  19.0   2.1  13.4
F62A QM60 326 144   443    30  15.1   7.5  16.8
F62A QMM5   9 189   557    60   7.8   8.6  11.2
F62A SHEY  95 281   629    60   2.6   7.7   7.9
F62A SUSY  92 275   353    60   5.4   5.0   5.3
F62A VLDQ 296 110   644    60  13.8   2.7   9.1
F62A  WES 196  15   405    60   9.0  12.0  10.6
F62A WODY 100 284   424    60   6.9   7.4   8.5
F64A G57A 263  78   525    60  10.4   1.1   8.9
F64A G59A 259  75   388    49   7.7   3.5  11.7
F64A G62A 248  66   185    60   1.8   0.9   5.6
F64A G63A 230  50   129    60  10.8  12.9  14.9
F64A  GBN  93 278   535    60   7.3   9.8   4.4
F64A  GGN 125 306   144    60  12.2  14.9  15.6
F64A H61A 243  61   318    60  11.3   3.7   6.3
F64A H62A 238  56   263    60   2.0   5.5   3.8
F64A H63A 225  44   188    60   2.3  11.1   1.5
F64A H64A 207  26   152    59   6.1   8.0   7.1
F64A H65A 176 356   130    60  18.0  21.1  20.8
F64A  HAL 108 292   398    60  12.1  16.5  17.1
F64A HANN  88 270   123    60  12.8  13.6  16.6
F64A HOLY  62 244   163    60  12.4  18.2  22.4
F64A I60A 242  58   450    57   1.2  11.3   2.8
F64A I63A 222  40   268    60   2.5   3.5   4.1
F64A I64A 206  25   239    60  10.1  13.3  11.7
F64A  ICQ  11 192   415    60   2.1  10.1   8.0
F64A J59A 244  59   556    60   8.5   8.6   3.7
F64A J62A 224  42   402    60   8.9   2.6   5.6
F64A J63A 218  36   360    60  12.2   3.3   8.2
F64A JOSY 133 315   256    30   6.2  15.0  17.8
F64A K60A 233  49   571    60   5.9   3.2   3.8
F64A K62A 222  40   472    60  15.2   6.8  13.8
F64A L63A 212  29   516    60   7.6   2.0   4.4
F64A L65A 198  17   447    60   8.9  10.4  10.9
F64A LATQ 298 115   379    60  14.7   9.4  21.8
F64A  LMN  89 271   275    56   5.7   7.0   5.5
F64A LSQQ 302 115   741    28   5.4   4.7   6.7
F64A M66A 196  15   531    60   6.1  10.5  10.4
F64A N62A 219  35   687    60   8.2   5.8   6.1
F64A PLVO 265  79   688    60   6.5   5.8   7.7
F64A QM16 157 337    79    60  10.9  15.5  20.0
F64A QM38 317 136   278    60  19.1  11.4  19.2
F64A QM50 320 137   378    30  12.2   4.1  10.6
F64A QMM5 357 176   555    60   3.7  12.0  12.8
F64A SHEY  97 282   504    60   3.0   5.4   5.8
F64A SUSY  93 275   227    60   5.4   7.3   9.2
F64A VLDQ 293 106   760    60   8.0   5.2   7.1
F64A  WES 213  31   454    60   3.9   3.6   7.9
F64A WODY 105 288   300    60   6.3  11.1  10.0
G57A G59A  90 272   142    49   9.2   2.8   7.1
G57A G61A  85 267   272    60   9.5   9.8   8.0
G57A G62A  86 269   350    60   2.7  12.0   9.3
G57A G63A  88 272   422    60   2.4  11.0   5.4
G57A  GBN  83 273  1057    60   1.9   4.9   2.0
G57A  GGN  87 273   641    60   3.5  12.2  11.3
G57A H61A 104 286   250    60   5.5  15.2  12.7
G57A H62A 100 282   308    60  10.8  15.9  15.2
G57A H64A  94 278   458    59   6.2   8.6   8.2
G57A H65A  92 277   534    60  11.5   7.9  11.1
G57A  HAL  89 277   901    60   0.3   6.9   4.4
G57A HANN  79 265   648    60   1.6   8.4   7.4
G57A HOLY  74 260   681    60   4.8   5.2   2.9
G57A I60A 135 317   194    57  20.5  17.3  18.5
G57A I62A 114 296   321    60  10.3  15.6  20.0
G57A I63A 107 290   369    60   1.9  11.6  10.6
G57A I64A 105 289   445    60  10.6  16.2  18.7
G57A  ICQ  47 233   762    60   1.7   5.9   7.1
G57A J59A 168 348   186    60  22.4  12.7  18.4
G57A J62A 128 311   328    60   8.2  14.1  12.3
G57A J63A 122 304   372    60   9.5   9.0   8.8
G57A JOSY  94 281   717    30   3.8   9.6   7.6
G57A K60A 162 343   290    60   7.9   9.6  11.2
G57A K62A 140 322   350    60   9.1   9.7  10.2
G57A L63A 142 324   452    60  11.2  10.3  12.4
G57A L65A 129 312   525    60   3.5   7.9   6.2
G57A LATQ  33 215   305    60   6.7  16.1  13.7
G57A  LMN  80 268   800    56   3.8   6.1   5.1
G57A LSQQ 342 160   465    28  17.7   7.8  13.0
G57A M66A 136 319   581    60  11.1   9.7  13.3
G57A N62A 165 346   480    60   8.4  12.5  11.5
G57A NATG  53 242  1078    56   5.1   8.4   9.0
G57A PLVO 268  87   165    60  11.7  19.1  15.6
G57A QM38  47 230   427    60  11.2   3.7   7.0
G57A QMM5  34 218   787    60   4.1   6.5   9.6
G57A SHEY  85 274  1022    60   4.8   4.4   7.3
G57A SUSY  81 268   751    60   6.4   8.6   6.9
G57A VLDQ 329 147   403    60  12.9  16.8  16.3
G57A  WES 134 317   422    60   4.0  12.7   9.7
G57A WODY  86 274   812    60   2.2  14.2  12.1
G59A G61A  80 261   132    49  21.5  14.2  17.8
G59A  GBN  84 272   916    49   4.0   5.1   8.0
G59A  GGN  87 272   499    49   3.2   2.0   3.4
G59A H61A 122 302   117    49  17.3  21.0  23.3
G59A H62A 109 290   170    49   7.2  17.2  19.8
G59A H63A 100 282   253    49   6.3  15.0  10.3
G59A H64A  97 280   317    49   5.9   9.5   9.1
G59A H65A  95 278   392    49   8.1   3.0   7.7
G59A  HAL  90 277   759    49   0.1   2.1   0.8
G59A HANN  78 262   509    49   1.8   1.1   0.4
G59A I57A 238  56   234    49   0.8   7.3   5.0
G59A I60A 184   4   138    46   7.5   6.3  12.0
G59A I62A 132 313   199    49   6.0  13.6  12.9
G59A I63A 118 300   236    49  14.1  14.8  15.8
G59A I64A 113 296   310    49   1.2  12.6  19.0
G59A  ICQ  40 224   666    49   4.6   4.3   6.1
G59A J62A 152 332   233    49  28.1  16.0  21.8
G59A J63A 139 321   261    49  13.5  12.0  14.8
G59A JOSY  97 282   575    19   6.8  12.6   7.8
G59A K60A 192  11   280    49  10.2   4.6  18.3
G59A K62A 164 345   279    49  12.2  10.4  11.0
G59A L63A 160 341   379    49  13.2  19.1  15.6
G59A L65A 142 324   423    49   0.3   6.4   3.9
G59A LATQ   7 187   258    49  12.0  10.4  13.4
G59A  LMN  80 266   660    45   3.9   3.2   3.6
G59A M66A 149 331   491    49   5.3   5.6   9.7
G59A N62A 183   3   462    49  11.6  10.7  13.6
G59A NATG  50 237   969    45   0.6   1.8   1.4
G59A PLVO 271  88   307    49   5.8   3.7  12.0
G59A SHEY  86 274   880    49   4.1   9.2   5.9
G59A SUSY  81 266   611    49   6.2   7.6   2.9
G59A  WES 153 334   335    49  14.6   9.6  17.5
G61A G62A  95 276    78    60   7.7  17.1  18.9
G61A G63A  96 278   151    60  20.8  19.1  26.6
G61A  GBN  85 273   784    60   2.8  12.2   7.3
G61A  GGN  91 274   369    60   5.8   7.0   6.0
G61A H61A 201  20    90    60  20.0  19.9  20.9
G61A H62A 159 340    84    60  13.0  18.1  16.2
G61A H63A 120 301   136    60   8.3  15.5  15.1
G61A H64A 111 292   195    59  14.9  18.2  20.9
G61A H65A 103 285   267    60  16.5  13.1  14.4
G61A  HAL  94 279   630    60   2.6  11.5   6.7
G61A I57A 247  64   360    60   9.8   2.0  12.1
G61A I60A 222  41   213    57   6.4  17.6  13.2
G61A I62A 174 355   157    60  12.7  18.0  17.4
G61A I63A 151 332   156    60  20.3  20.7  23.0
G61A I64A 135 316   213    60  10.1  15.7  15.6
G61A  ICQ  33 216   570    60   0.3   8.6   0.0
G61A J59A 231  49   312    60   9.8   9.0  10.4
G61A J62A 186   6   230    60  16.2   9.3  15.5
G61A J63A 171 351   225    60  17.0  13.8  26.0
G61A JOSY 103 286   451    30   9.9  12.0  15.4
G61A K60A 213  32   352    60   2.9   5.3   4.9
G61A K62A 191  11   296    60  10.0  11.1  12.4
G61A L63A 181   1   380    60  12.4   5.5   9.0
G61A L65A 161 342   380    60  10.7  17.5  15.9
G61A LATQ 338 157   253    60   8.2  19.2  17.9
G61A  LMN  81 265   528    56   3.5   9.8   6.2
G61A LSQQ 317 133   589    28   2.9   2.5   8.6
G61A M66A 165 346   461    60  10.5  12.4  13.1
G61A MALY  82 268   641    60   6.5   1.9   1.4
G61A NATG  46 233   857    56   4.0   0.5   5.6
G61A PLVO 268  84   437    60  15.1   8.8  15.5
G61A QM16  90 273   281    60   2.1   5.0   1.8
G61A QM38  11 191   271    60  14.2  11.4  15.5
G61A QM50 358 178   348    30  13.4   7.2  19.1
G61A QMM5  17 199   651    60   6.6   0.4   4.5
G61A SHEY  88 275   749    60   2.2   5.3   9.9
G61A SUSY  82 266   479    60   4.8   3.6   2.7
G61A VLDQ 306 122   575    60  20.7   3.6  11.6
G61A  WES 177 357   322    60   9.0   5.7   7.7
G61A WODY  90 275   540    60   3.0  12.4   8.6
G62A G63A  99 279    73    60   9.2  15.1  19.3
G62A  GBN  85 271   707    60  11.1   6.3   9.1
G62A  GGN  91 274   290    60   4.9   5.2   6.4
G62A H61A 235  55   135    60  12.7  11.9  13.3
G62A H62A 215  34    87    60  20.1  16.9  21.6
G62A H63A 147 328    73    60  13.2  18.1  17.0
G62A H64A 121 302   122    59  10.8  15.3  20.4
G62A H65A 107 289   189    60   5.3   8.4  12.0
G62A  HAL  94 279   552    60   2.9  11.3   6.7
G62A HANN  75 257   303    60   7.9   9.7  13.0
G62A HOLY  64 247   348    60   7.7   4.5   9.2
G62A I57A 253  69   431    60  10.5   7.0  11.0
G62A I60A 236  54   267    57  16.9   5.1   7.6
G62A I62A 203  23   162    60  10.8  14.2  13.1
G62A I63A 182   2   130    60  17.8  13.6  17.9
G62A I64A 153 334   161    60  15.0  16.4  16.6
G62A  ICQ  26 208   538    60   5.7  11.0  10.5
G62A J59A 240  57   372    60   6.5   7.6  12.0
G62A J62A 205  24   244    60   0.1   1.5   5.1
G62A J63A 192  11   220    60   9.1   9.0  12.9
G62A JOSY 105 288   373    30  16.7  12.2  27.7
G62A K60A 224  42   395    60   4.0   1.5   3.0
G62A L63A 194  13   383    60   6.3   6.1   6.4
G62A L65A 174 354   356    60  16.2   2.3  10.1
G62A LATQ 325 143   297    60  10.9  13.4  13.5
G62A LSQQ 313 129   649    28   6.9   7.0  10.0
G62A M66A 176 356   441    60   8.1   7.1   7.7
G62A MALY  81 266   564    60   1.2   6.5   9.8
G62A N62A 208  26   533    60   6.1   6.7   8.5
G62A NATG  43 229   807    56   1.9   0.7   0.6
G62A PLVO 270  85   515    60  12.1   2.8  12.4
G62A QM16  89 271   203    60   9.3   6.4   8.9
G62A QM38 355 175   274    60  13.2  11.7  12.0
G62A QM50 347 166   365    30  17.4   5.8  14.7
G62A QMM5  11 192   639    60   6.4   9.5   8.4
G62A VLDQ 303 118   643    60  15.6   5.6  14.2
G62A  WES 192  11   321    60  12.8  11.2  11.6
G62A WODY  90 274   462    60   0.8   9.6   8.5
G63A  GBN  84 270   637    60   4.4  10.3  10.8
G63A  GGN  89 271   218    60  10.7   7.6  10.8
G63A H61A 251  69   194    60  29.7  13.4  20.7
G63A H62A 244  63   136    60  12.9   5.6  14.3
G63A H63A 213  33    60    60  14.9  18.2  19.2
G63A H64A 149 329    61    59  17.1  17.5  17.6
G63A H65A 113 294   118    60   4.0  10.8  15.0
G63A  HAL  94 278   479    60   6.5   4.1   6.2
G63A HOLY  56 239   291    60   1.4   6.7   8.3
G63A I57A 257  73   498    60   8.3   3.7   8.3
G63A I60A 246  63   325    57   9.1   1.8   6.6
G63A I62A 225  44   194    60  14.4   7.6  18.5
G63A I63A 213  33   141    60   4.0   5.4   4.5
G63A I64A 181   1   133    60  13.3  18.5  15.9
G63A  ICQ  19 201   521    60   7.1   1.1   3.8
G63A J59A 247  63   431    60   8.2   8.3  11.7
G63A J62A 221  39   274    60  10.3   3.9   9.9
G63A J63A 210  29   235    60   6.6   8.6  13.3
G63A JOSY 107 290   301    30   9.5  19.2  16.0
G63A K60A 233  50   441    60  11.5   3.4   8.9
G63A K62A 219  37   344    60  13.6  13.0  20.9
G63A L63A 205  23   395    60   4.8   2.1   4.6
G63A L65A 186   6   345    60  11.6   6.2  10.7
G63A LATQ 317 135   351    60  19.7   8.4  17.6
G63A  LMN  76 259   385    56   2.0   3.1   2.9
G63A LSQQ 311 125   710    28   3.4   6.6   4.8
G63A M66A 186   5   430    60   8.7   5.1   8.9
G63A MALY  79 263   496    60   4.8   5.1   5.2
G63A N62A 215  33   561    60   7.1   1.2   2.2
G63A NATG  39 224   769    56   5.0   3.3   5.1
G63A QM16  85 266   132    60   5.2  17.8  11.0
G63A QM38 342 161   300    60  23.0  13.0  18.7
G63A QM50 338 156   398    30   2.8  13.4  12.3
G63A QMM5   5 186   640    60   4.4  11.2  14.6
G63A SHEY  87 273   600    60   1.2   6.9   4.5
G63A SUSY  77 260   334    60   0.7   5.3   8.6
G63A VLDQ 302 116   710    60   8.2  11.2  11.3
G63A  WES 205  24   333    60   8.6   9.3   7.1
 GBN  GGN 267  84   419    60  18.8   3.9  12.4
 GBN H61A 267  80   827    60   4.9   2.3   4.7
 GBN H62A 266  80   766    60   4.8   5.5   8.9
 GBN H63A 266  80   676    60   6.7   6.1   3.9
 GBN H64A 265  79   613    59  12.5   6.6   7.8
 GBN H65A 264  79   536    60   6.4   3.3   5.0
 GBN  HAL 243  62   185    60  11.2   7.5  10.5
 GBN HANN 279  95   413    60  12.7   1.9   7.5
 GBN I62A 261  74   797    60  11.5   1.7   7.8
 GBN I63A 261  75   734    60   7.5   2.4   5.6
 GBN I64A 258  73   665    60   8.3   1.8   2.4
 GBN  ICQ 319 134   630    60  10.5   2.4   8.6
 GBN J59A 263  74  1055    60   6.0   0.2   3.4
 GBN J62A 257  70   856    60   4.8   2.0   4.6
 GBN J63A 256  69   798    60   0.6   5.1   1.9
 GBN JOSY 252  69   378    30   6.8   6.9  12.9
 GBN K60A 257  68  1038    60   1.3   0.9   2.8
 GBN K62A 254  67   911    60   2.5   1.3   0.7
 GBN L63A 248  61   904    60   4.2   5.6   4.4
 GBN LATQ 288 100   893    60   2.6   2.7   0.5
 GBN  LMN 282 100   262    56  11.4   1.0  13.1
 GBN LSQQ 295 103  1237    28   6.6   6.0   6.3
 GBN MALY 287 106   150    60  24.4  12.5  20.3
 GBN N62A 247  59  1090    60   1.4   0.1   2.7
 GBN NATG 350 169   551    56  10.2   0.6   6.3
 GBN PLVO 274  83  1221    60   5.7   3.3   4.8
 GBN QM16 270  85   505    60   5.9   4.5   8.2
 GBN QM38 293 106   759    60  11.0   6.2   9.6
 GBN QMM5 321 135   811    60   4.5   5.7   4.3
 GBN SHEY 231  50    48    60  14.9  23.9  17.9
 GBN SUSY 278  95   308    60  15.0   1.2   8.8
 GBN VLDQ 290  98  1275    60   4.8   2.5   6.1
 GBN  WES 250  64   856    60   0.5   2.8   0.2
 GBN WODY 263  81   250    60  13.3   8.0  17.2
 GGN H61A 262  79   408    60   6.7   1.4   8.6
 GGN H64A 255  73   195    59   9.0   8.2  11.1
 GGN  HAL 101 283   262    60   4.6  18.0  15.3
 GGN HANN   4 184    85    60  19.6  14.8  19.4
 GGN HOLY  10 191   159    60  12.7  13.3  21.9
 GGN I57A 263  76   713    60   9.3   4.6   8.5
 GGN I60A 257  72   532    57   4.5   9.5  11.2
 GGN I63A 250  67   320    60   9.9   2.7   7.4
 GGN  ICQ 356 176   491    60   6.2  11.9   8.9
 GGN J59A 256  71   638    60   7.2   2.0   3.4
 GGN J62A 244  60   450    60   6.2   4.5   9.3
 GGN JOSY 145 326   116    30  19.8  21.1  20.5
 GGN K60A 246  61   631    60   7.0   6.7   5.5
 GGN K62A 240  56   512    60   6.1   4.4   8.5
 GGN L63A 228  45   529    60   7.0   7.0   9.5
 GGN L65A 218  36   430    60  11.9   8.5  12.5
 GGN LATQ 301 117   522    60   6.7   9.3  11.1
 GGN  LMN  62 244   179    56  13.5  25.0  18.3
 GGN LSQQ 303 116   885    28   4.1   5.1   3.7
 GGN M66A 213  31   505    60  13.0   7.1  16.0
 GGN MALY  73 256   283    60   9.4   5.6   6.7
 GGN N62A 232  47   712    60   5.4   5.7   5.6
 GGN NATG  26 209   649    56  11.4   5.3  11.9
 GGN PLVO 273  86   805    60  10.1   3.3   8.2
 GGN QM16 277  96    88    60  12.6  11.8  12.1
 GGN QM38 314 131   419    60  13.4  13.7  14.1
 GGN QM50 317 133   519    30   8.6   5.9   7.9
 GGN QMM5 348 166   653    60   6.7   9.7  10.1
 GGN VLDQ 296 108   902    60   2.9   7.8   7.7
 GGN  WES 231  48   471    60   7.7   2.9   7.1
 GGN WODY  90 272   172    60  14.1   6.6  12.5
H61A H62A  85 265    62    60   3.1   8.4   9.8
H61A H63A  84 265   151    60   4.4  11.1   9.5
H61A H64A  86 267   215    59   8.3   1.4   6.1
H61A H65A  85 268   293    60   3.6   3.4   6.4
H61A  HAL  86 272   662    60   6.3   5.7   6.1
H61A I57A 259  76   305    60  12.9   8.3  14.1
H61A I60A 236  55   133    57  11.7   7.1  18.7
H61A I62A 147 327    86    60  25.5  16.0  22.9
H61A I63A 116 297   120    60   6.7  15.0  21.6
H61A I64A 109 291   195    60  14.2  19.4  17.4
H61A  ICQ  31 214   659    60   2.0   8.7   6.7
H61A J59A 241  59   238    60   3.6   7.3   2.9
H61A J62A 176 356   144    60  19.6   9.9  18.1
H61A J63A 153 334   154    60  11.6  13.3  13.0
H61A JOSY  91 276   472    30  11.0   9.3  12.7
H61A K62A 187   7   208    60  12.0  13.5  14.8
H61A L63A 175 355   297    60  10.5  15.1  15.2
H61A L65A 151 332   316    60   7.1   9.2   9.7
H61A LATQ 349 168   325    60  16.1  20.2  17.9
H61A LSQQ 324 141   634    28  12.7   8.1  14.5
H61A M66A 157 339   391    60  13.2  12.6  14.3
H61A PLVO 280  96   411    60   5.0   6.2  10.0
H61A QM16  75 258   323    60   4.8   3.2   4.7
H61A QM38  13 194   360    60   7.4  10.2  12.4
H61A QM50   3 183   432    30  17.8   7.8  18.1
H61A QMM5  17 200   741    60   3.8   6.1   7.8
H61A SHEY  82 269   789    60   5.6   5.0   6.1
H61A SUSY  73 258   528    60   6.1   6.7  11.4
H61A VLDQ 314 130   606    60   8.6   8.5   8.4
H61A  WES 168 349   243    60  13.6  13.8  14.9
H61A WODY  81 266   578    60   1.0   6.4   5.2
H62A H63A  83 264    89    60  14.9  19.7  23.2
H62A H64A  87 268   154    59   9.8   9.2   9.8
H62A H65A  86 268   231    60   5.7   6.6   5.9
H62A  HAL  87 272   600    60   0.5   7.6   4.9
H62A HANN  66 249   374    60   5.4  13.6   8.3
H62A HOLY  58 241   426    60  10.3   4.3   8.3
H62A I57A 260  77   367    60  14.1  12.0  14.4
H62A I60A 245  64   189    57  14.8   9.3  14.0
H62A I62A 191  10    79    60  20.5   9.1  15.4
H62A I63A 142 322    74    60  13.0  17.2  15.2
H62A I64A 120 301   142    60  10.3  10.3  10.4
H62A J59A 246  64   295    60  15.6   8.3  17.1
H62A J62A 200  19   159    60   8.4  11.4  14.4
H62A J63A 177 358   144    60  17.1  10.2  23.8
H62A K60A 226  44   310    60   6.0   3.8   5.2
H62A K62A 203  22   229    60  15.4  12.3  14.3
H62A L63A 187   7   303    60  13.7  12.3  14.1
H62A L65A 162 343   297    60  12.1  12.3  13.9
H62A LATQ 339 157   337    60   8.2  11.6  12.8
H62A LSQQ 320 136   667    28  14.1   3.8  12.7
H62A M66A 167 348   378    60   5.3  14.9  11.2
H62A MALY  75 260   628    60   0.1   2.1   2.4
H62A N62A 206  24   447    60   2.4   5.4   1.8
H62A PLVO 278  94   471    60   7.7   4.8   7.7
H62A QM16  73 256   263    60   8.9   5.4   4.5
H62A QM38   4 184   345    60  21.0  15.8  21.8
H62A QM50 355 175   428    30  13.0  12.3  13.2
H62A SUSY  72 256   468    60   4.7   3.8   9.0
H62A  WES 183   3   244    60  17.2  12.8  20.0
H63A H64A  92 272    65    59   2.3  15.8  10.6
H63A H65A  88 269   142    60  12.3  12.9  13.6
H63A HOLY  52 235   347    60   7.3  13.5  18.6
H63A I57A 262  78   456    60   2.3   5.3   6.5
H63A I60A 252  70   275    57   9.3   7.8   8.9
H63A I62A 230  49   136    60  11.0   9.9  14.1
H63A I63A 213  32    81    60  10.0   7.4  14.6
H63A I64A 159 339    88    60  22.8  22.1  26.1
H63A J59A 251  68   382    60  20.3   3.2  11.8
H63A J62A 222  41   214    60  11.7   5.4   9.8
H63A J63A 209  28   175    60  11.8  10.7  14.1
H63A JOSY  96 279   323    30  11.3  11.6  12.2
H63A K60A 235  53   385    60   7.0   7.9   8.1
H63A K62A 219  38   284    60  13.6   2.6  15.5
H63A L65A 180   0   292    60  10.8  10.8  17.0
H63A LATQ 326 144   370    60   7.9  10.3  18.2
H63A LSQQ 315 130   720    28   4.8   6.6   7.3
H63A M66A 181   1   378    60   2.6  11.2  12.0
H63A MALY  74 259   539    60   2.0   3.5  10.1
H63A PLVO 277  92   558    60   8.8   7.1   7.7
H63A QM38 350 169   341    60  14.4  12.3  14.6
H63A QM50 344 163   435    30  17.7  11.7  17.8
H63A QMM5   7 188   694    60   8.3   7.8   9.7
H63A SHEY  82 268   638    60   9.0  12.3  13.9
H63A SUSY  70 254   380    60   4.5   8.9   7.9
H63A VLDQ 306 121   711    60   7.3   5.0   7.3
H63A  WES 203  22   273    60  10.7  16.6  14.1
H63A WODY  82 265   427    60   6.3   9.8   9.2
H64A H65A  85 266    77    59  21.8  17.3  21.9
H64A  HAL  88 272   447    59   4.9   7.4   3.8
H64A HANN  54 235   237    59   1.5  12.8   7.1
H64A HOLY  45 227   300    59   8.0   9.7  12.0
H64A I57A 264  79   520    59   5.3   2.5   2.7
H64A I60A 256  73   337    56   4.5   9.0   5.5
H64A I62A 244  63   189    59   8.8   5.9  10.8
H64A I63A 239  58   127    59  13.8  14.3  14.2
H64A I64A 203  22    87    59  14.0  10.2  16.3
H64A  ICQ  15 196   562    59   5.4   6.9   8.2
H64A J59A 255  71   443    59  11.9   4.9  11.3
H64A J62A 234  52   261    59   7.5   8.3  16.8
H64A J63A 225  44   212    59  21.0   3.5  11.9
H64A JOSY  98 280   259    29  10.2  22.2  15.8
H64A K60A 241  58   439    59  14.5   9.7  15.2
H64A K62A 229  47   328    59   4.0   6.9  10.1
H64A L63A 213  31   365    59   9.1   8.0   9.9
H64A L65A 193  13   298    59  12.0   7.4  11.8
H64A LATQ 319 137   411    59  15.7  11.5  15.4
H64A  LMN  67 250   372    55   7.3  11.8  12.5
H64A LSQQ 312 127   768    28   5.9   1.5   2.8
H64A M66A 192  11   383    59   9.6   9.2  10.5
H64A N62A 222  39   539    59   8.0   5.2   5.9
H64A NATG  35 220   792    55   1.7   5.3   3.2
H64A PLVO 277  91   622    59  12.3   1.8   6.3
H64A QM16  57 238   118    59  16.6  13.7  16.2
H64A QM38 340 159   360    59   9.4  18.0  14.1
H64A QM50 337 155   459    30  10.5   6.2  13.3
H64A QM60 330 147   593    30   6.2   1.7   1.8
H64A QMM5   2 183   690    59   7.0   8.8  11.5
H64A SUSY  67 249   321    59   1.0   6.2   4.0
H64A VLDQ 304 118   765    59   7.9   6.6   7.3
H64A WODY  80 264   364    59   8.3   8.0   7.9
H65A HOLY  34 215   246    60  11.6   6.7  10.1
H65A I57A 264  79   597    60   8.7   6.0   8.2
H65A I60A 259  75   414    57   3.4   4.3   5.5
H65A I63A 250  68   199    60   9.2   0.9  13.0
H65A I64A 233  52   140    60   9.5  13.0  11.7
H65A  ICQ   8 188   542    60  10.3   9.0  12.9
H65A J63A 236  54   276    60   7.3   6.5   6.9
H65A JOSY 104 286   184    30  10.6  25.0  26.2
H65A K62A 236  54   393    60   7.2   5.3   8.3
H65A L65A 207  26   330    60   0.4   9.3   9.2
H65A LATQ 312 129   461    60  15.3  12.5  17.1
H65A LSQQ 309 123   823    28   4.2   9.7   7.0
H65A M66A 203  21   412    60   4.9   5.5   7.7
H65A MALY  71 254   403    60   2.5  13.2   6.3
H65A N62A 227  44   597    60   7.8   0.1   2.5
H65A NATG  31 215   744    56   5.5   4.1   3.7
H65A PLVO 276  90   698    60   5.8   2.9   5.0
H65A QM16  22 202    62    60   9.3   9.6  20.3
H65A QM38 330 148   387    60   9.8   7.0  10.3
H65A QM50 329 146   489    30   5.8   5.5   7.1
H65A QMM5 357 176   685    60   8.7   6.0   8.8
H65A SHEY  82 267   497    60   6.1   7.7   7.3
H65A SUSY  62 244   249    60  12.1   5.9  15.6
H65A VLDQ 301 114   827    60  10.5   9.0  13.2
H65A  WES 225  43   357    60   4.4   4.1   6.2
H65A WODY  80 262   287    60   1.0  21.2  13.0
 HAL HANN 300 118   285    60  15.7   5.0  18.8
 HAL HOLY 314 132   307    60  16.0  14.8  17.1
 HAL I57A 270  81   966    60   2.4   6.8   5.0
 HAL I60A 267  80   779    57   8.3   3.8   7.7
 HAL I62A 265  80   624    60   8.0   3.6   6.8
 HAL I64A 263  79   489    60   8.3   6.6   9.6
 HAL  ICQ 334 151   611    60   8.4   2.1  17.0
 HAL J63A 259  73   619    60   3.8   1.8   2.1
 HAL JOSY 259  77   197    30  21.4  18.8  23.2
 HAL K60A 258  71   860    60   5.0   2.6   6.3
 HAL K62A 256  70   731    60   5.1   7.3   7.3
 HAL L63A 247  62   720    60   0.4   6.6   2.8
 HAL L65A 243  59   599    60  14.2   9.8  11.1
 HAL LATQ 296 110   774    60   5.6   2.3   6.4
 HAL  LMN 325 144   165    56  21.6  12.4  20.3
 HAL M66A 237  53   652    60   4.8   3.9   8.4
 HAL MALY   8 188   130    60  17.4  17.2  23.9
 HAL NATG   5 186   631    56   6.3   2.3   3.9
 HAL QM38 304 118   654    60  12.1   8.9  12.4
 HAL QM50 307 121   747    30   6.8  11.6  13.6
 HAL QM60 308 121   896    30   9.1   0.1   1.0
 HAL QMM5 332 149   792    60   8.4   4.9  12.6
 HAL SUSY 310 129   188    60  19.9  12.4  18.1
 HAL VLDQ 295 105  1156    60   0.6   6.8   1.3
 HAL WODY 302 121    99    60  14.8  10.0  13.5
HANN HOLY  18 198    75    60   8.7  19.4  14.0
HANN I57A 256  70   734    60   3.7   4.0   4.6
HANN I60A 249  64   563    57   6.0   4.3   5.6
HANN I62A 240  57   424    60   3.6   2.8   5.1
HANN I63A 237  55   363    60  15.2   3.9   8.8
HANN I64A 227  45   314    60   9.1   6.8  15.0
HANN  ICQ 355 174   407    60   3.7  13.1  10.9
HANN J62A 235  52   498    60   2.0   3.1   4.8
HANN J63A 231  48   448    60   8.4   2.1  12.3
HANN JOSY 161 342   189    30  29.3  13.0  25.9
HANN K60A 240  55   674    60   5.7   2.9   4.6
HANN K62A 233  49   564    60   7.2   2.3   4.4
HANN L63A 223  39   592    60   8.2   8.4  11.3
HANN L65A 213  31   503    60   2.2   1.9   0.8
HANN LATQ 292 108   490    60   5.9  13.7  12.9
HANN M66A 209  27   581    60  12.1   1.1   8.9
HANN MALY  91 273   265    60   0.6  14.5   9.5
HANN N62A 227  42   772    60   8.7   3.9   5.8
HANN NATG  30 213   572    56   9.9   7.1  12.3
HANN QM16 231  51   119    60  14.7   6.2  13.0
HANN QM38 304 121   370    60  14.8   6.3  15.3
HANN QM50 309 125   465    30   1.3   4.0   4.9
HANN QMM5 345 164   572    60   8.8   9.9  11.4
HANN SHEY 101 284   383    60   6.2  11.6  20.1
HANN SUSY 100 280   105    60   9.1  15.0  14.1
HANN VLDQ 291 103   873    60   4.3   3.6   2.3
HANN  WES 225  42   533    60   7.0  10.4   8.6
HANN WODY 117 299   186    60  14.1  15.9  17.0
HOLY I57A 252  65   777    60   5.6   7.8   8.2
HOLY I60A 243  59   614    57   4.8   4.7   5.5
HOLY I64A 222  40   382    60   8.0   8.2   9.2
HOLY  ICQ 350 169   339    60  11.9  13.4  13.1
HOLY J59A 245  59   719    60   3.2   1.9   0.5
HOLY J63A 227  44   513    60   7.7   3.4   5.6
HOLY JOSY 172 352   254    30  16.0  13.3  23.6
HOLY K60A 236  51   732    60   4.9   7.3   7.5
HOLY L65A 211  29   576    60   3.6   6.5   5.8
HOLY  LMN 120 301   148    56   9.6  19.8  15.6
HOLY LSQQ 293 106   836    28   3.4   1.9   2.5
HOLY M66A 208  25   655    60   7.0   2.7   8.6
HOLY MALY 108 290   254    60  14.1  17.3  20.1
HOLY NATG  32 214   498    56  12.0   1.8   5.8
HOLY QM16 219  38   186    60   7.7   2.3  11.9
HOLY QM38 293 109   357    60  21.6   7.6  12.6
HOLY QM50 300 116   444    30  14.7  18.2  19.5
HOLY QM60 302 117   592    30   6.8   8.2   6.9
HOLY QMM5 341 159   510    60   7.6  12.8  12.4
HOLY SHEY 112 296   381    60   8.0  13.0  11.9
HOLY SUSY 138 319   120    60  15.4  17.2  17.3
HOLY VLDQ 286  98   872    60   4.8   7.8   7.9
HOLY WODY 138 319   212    60  16.0  11.2  13.4
I57A I60A  92 274   191    57   6.7  23.2  20.3
I57A I63A  86 270   408    60   3.0  11.6   9.5
I57A I64A  88 272   484    60   3.7  14.5  17.1
I57A  ICQ  43 229   891    60   1.1   7.5   6.8
I57A J59A 119 300   107    60  12.5  21.8  18.4
I57A J62A 103 286   321    60  13.2  14.3  20.0
I57A J63A 100 283   377    60   5.6  13.4  13.4
I57A JOSY  84 271   773    30   2.4   7.8   6.6
I57A K60A 135 316   205    60  14.0  17.9  17.4
I57A K62A 116 298   312    60   9.2  20.4  16.5
I57A L63A 123 306   403    60  10.4  14.3  10.1
I57A L65A 113 297   504    60   7.1  11.9  13.5
I57A LATQ  29 211   444    60   8.3   2.6  13.3
I57A  LMN  72 260   883    56   2.2   3.3   5.4
I57A M66A 121 305   542    60   4.0  12.2  11.1
I57A MALY  74 262   993    60   4.2   4.2   3.6
I57A N62A 151 332   380    60  12.7  16.9  15.9
I57A NATG  50 239  1201    56   6.1   5.3   9.1
I57A PLVO 318 137   166    60  22.1  14.2  19.8
I57A QM16  74 260   628    60   5.1   0.6   3.0
I57A QM38  40 224   559    60   8.1   4.6   1.8
I57A QM60  16 198   608    30   2.0   9.2   1.6
I57A QMM5  32 217   925    60   1.2   7.5   6.1
I57A SHEY  78 268  1094    60   1.8   1.8   4.9
I57A SUSY  73 260   832    60   1.9   7.6   5.6
I57A VLDQ 342 160   500    60  12.3   5.5  10.3
I57A  WES 115 298   393    60   6.4  14.9  14.6
I57A WODY  78 265   883    60   7.9   2.7   6.0
I60A I62A  88 269   157    57   9.2  13.6  13.3
I60A I63A  83 265   219    57   8.4  16.1  12.1
I60A I64A  87 270   294    57   1.5  19.2  11.1
I60A  ICQ  34 218   781    57   3.9   2.4   6.1
I60A J59A 247  66   107    57  16.1   9.4  18.3
I60A J62A 119 300   138    57  13.3  18.9  18.3
I60A J63A 109 290   190    57  26.0  15.9  20.6
I60A K60A 200  19   145    57  12.0  11.4  18.1
I60A K62A 146 327   157    57   6.5  18.9  13.0
I60A L63A 147 329   259    57  15.2  17.3  16.2
I60A L65A 126 308   332    57   7.5  14.2  22.1
I60A LATQ   6 186   395    57   3.3  10.3   6.9
I60A M66A 137 319   387    57   3.6  10.9  10.1
I60A MALY  71 258   815    57   0.8   8.5   7.3
I60A N62A 183   3   324    57  15.7   3.7  11.2
I60A PLVO 295 112   329    57  10.3   5.4  12.5
I60A QM16  68 252   451    57   2.3   3.6   3.3
I60A QM38  23 205   466    57   9.2   0.6   4.8
I60A QM50  13 195   523    30  11.2   6.6  10.0
I60A QM60 360 180   592    30   4.4   1.3   3.8
I60A QMM5  22 205   849    57   3.3   5.7   6.0
I60A SHEY  77 265   910    57   1.6   8.7   7.2
I60A SUSY  69 254   656    57   3.5   4.4   5.2
I60A VLDQ 326 143   594    57   8.8   8.7   9.0
I60A  WES 135 316   228    57  18.9  13.6  15.8
I60A WODY  76 262   700    57   5.8   6.5   7.2
I62A I64A  87 268   137    60  17.4  17.3  19.4
I62A  ICQ  25 208   700    60   4.1   8.6  10.3
I62A J59A 261  79   260    60  18.6   6.1  12.9
I62A J62A 208  28    82    60  18.7  18.4  18.9
I62A J63A 162 343    69    60  12.3  16.3  15.4
I62A JOSY  82 266   429    30   1.8  17.7  13.3
I62A K60A 237  55   250    60   1.1   1.2   1.9
I62A K62A 209  28   153    60  15.4   6.8  12.3
I62A L63A 186   6   225    60  11.4  17.6  19.4
I62A L65A 152 333   230    60  22.1  13.9  18.1
I62A LATQ 344 163   406    60   6.9   8.6  13.5
I62A  LMN  65 249   561    56   5.6   9.1   8.6
I62A LSQQ 325 141   721    28  10.2   7.5  11.4
I62A M66A 161 342   307    60  12.4   7.9  11.1
I62A MALY  69 254   666    60   3.7   6.0   3.3
I62A PLVO 288 104   475    60  14.2  12.7  15.7
I62A QM16  60 242   307    60   5.1   7.1  10.0
I62A QM38   5 185   424    60  12.1   8.8  13.5
I62A QM50 357 177   505    30  10.7  16.7  13.7
I62A SHEY  76 263   756    60   4.4  13.4   8.6
I62A VLDQ 316 132   690    60   9.6   3.5   8.7
I62A  WES 180 360   165    60  12.7  20.8  21.2
I62A WODY  73 258   548    60  10.3   9.2  13.7
I63A I64A 101 281    77    60   6.3  11.4  23.0
I63A  ICQ  21 204   659    60   3.7   6.6   6.9
I63A J59A 260  77   323    60  11.7  13.3  13.8
I63A J62A 228  47   135    60   9.9   2.6   3.6
I63A J63A 205  25    95    60  13.8  14.8  26.7
I63A JOSY  85 268   366    30   3.7  11.5  12.3
I63A K60A 240  58   312    60   3.1   2.2   3.5
I63A K62A 222  40   204    60  11.4   2.6   6.4
I63A L63A 199  19   257    60   8.9   1.5  18.3
I63A L65A 169 349   229    60  10.9  25.1  15.5
I63A LATQ 336 154   408    60   5.8  14.4  10.9
I63A  LMN  64 248   498    56   8.4  12.4  13.2
I63A M66A 173 353   312    60  16.6  12.6  17.0
I63A N62A 215  33   420    60   3.7   1.0   1.3
I63A NATG  38 223   909    56   3.8   5.4   5.1
I63A PLVO 284 100   528    60   4.6   7.2  13.3
I63A QM38 357 177   403    60   6.7   8.8  10.1
I63A QM50 351 170   491    30  16.1   6.2  15.7
I63A QMM5   9 191   767    60   3.8   5.1   5.1
I63A SHEY  77 263   693    60   3.4   4.6   4.9
I63A VLDQ 312 127   720    60  13.1   7.7  13.4
I63A  WES 198  18   195    60   9.4  13.4  12.3
I63A WODY  74 258   484    60   2.5   7.5   8.6
I64A  ICQ  15 197   648    60   7.0   4.5  10.2
I64A J59A 264  81   396    60  17.0   3.2  11.9
I64A J62A 247  66   192    60   9.0   3.6   5.2
I64A J63A 239  58   137    60  18.4   3.8  16.3
I64A K60A 249  66   374    60   8.6   2.3  13.4
I64A L63A 216  35   280    60   8.0   2.9   3.2
I64A L65A 189   9   213    60  14.4   9.2  18.0
I64A LATQ 329 146   456    60   7.3   5.6  11.0
I64A M66A 188   8   298    60   8.4  10.7  14.9
I64A MALY  65 249   538    60   3.5   5.2   3.8
I64A N62A 225  42   458    60  15.1   5.9  12.1
I64A NATG  34 219   876    56   6.6   4.3   4.9
I64A PLVO 284  99   605    60   5.8  10.0  13.9
I64A QM38 348 167   428    60  10.0   9.0  12.2
I64A QM50 343 162   523    30  21.8   1.3  16.1
I64A QM60 335 153   649    30   1.7   7.4   5.5
I64A QMM5   4 185   772    60   5.6   9.6  11.5
I64A SHEY  75 260   623    60   5.9   5.6   9.6
I64A SUSY  58 240   388    60   9.9  13.0  18.8
I64A VLDQ 310 124   787    60  12.6   3.4   7.7
I64A WODY  70 253   416    60   6.6   6.7   9.4
 ICQ J59A 222  37   872    60   9.8   4.2  10.9
 ICQ J62A 208  25   782    60   6.9   2.9   7.5
 ICQ J63A 204  22   753    60   4.9   5.6   8.3
 ICQ JOSY 170 351   592    30  14.1  13.6  18.0
 ICQ K60A 216  31   922    60   0.9   0.2   1.2
 ICQ L63A 203  20   915    60   7.4   5.6   9.1
 ICQ L65A 196  14   860    60   6.1   7.5   5.7
 ICQ  LMN 155 336   448    56   4.1   7.6   4.1
 ICQ MALY 143 326   508    60   6.0   5.7   6.0
 ICQ NATG  73 257   332    56   8.4   9.9   8.4
 ICQ PLVO 240  53   892    60   6.7   1.4   6.8
 ICQ QM38 233  51   335    60   6.1  10.6   6.7
 ICQ QM60 267  83   442    30   7.8   0.7   0.4
 ICQ QMM5 324 143   183    60  17.5  23.6  21.3
 ICQ SHEY 139 323   630    60   3.6  12.1   4.7
 ICQ SUSY 161 343   445    60  14.6  11.0  13.2
 ICQ VLDQ 263  75   783    60   6.4   1.1   7.0
 ICQ  WES 203  20   853    60   3.0   4.9   7.2
 ICQ WODY 157 339   530    60   7.4  12.4  14.6
J59A J62A  96 278   220    60  11.8  12.9  12.5
J59A J63A  93 275   278    60  12.9  14.3  17.1
J59A JOSY  80 266   688    30   9.3  12.4  13.0
J59A K60A 152 332   107    60  14.9  21.2  19.4
J59A K62A 115 296   205    60  15.3  12.2  15.9
J59A L63A 126 308   297    60   9.9  14.4  12.3
J59A L65A 112 295   398    60   8.6  11.9  17.0
J59A LATQ  17 198   456    60  13.6   3.0  10.7
J59A  LMN  68 254   813    56   9.4   6.0   9.4
J59A LSQQ 344 162   650    28  12.7   7.6  13.2
J59A M66A 123 306   435    60   8.2  13.5  11.3
J59A MALY  70 258   921    60   3.2  11.7  12.1
J59A N62A 163 343   294    60  19.2   7.1  13.7
J59A NATG  45 234  1168    56   2.0   8.7   5.4
J59A PLVO 311 130   270    60  15.7  18.8  16.9
J59A QM16  67 252   557    60   2.7   4.1   7.5
J59A QM38  30 213   548    60  11.2   9.9  11.2
J59A QM50  21 203   592    30  15.4   7.2  10.0
J59A QMM5  26 210   927    60   3.9   5.5   6.1
J59A SUSY  68 254   762    60   2.6   6.8   3.6
J59A VLDQ 335 153   583    60   5.9  13.3  10.5
J59A  WES 114 296   286    60   6.6  16.3  16.0
J59A WODY  74 260   806    60   2.7   7.0   5.6
J62A J63A  84 265    60    60   5.5  13.5  11.8
J62A K60A 249  68   183    60  12.1   9.4   8.2
J62A K62A 209  29    71    60  19.9   6.9  16.2
J62A L63A 174 354   152    60  15.4  13.7  14.4
J62A L65A 132 313   196    60  12.1  17.0  15.4
J62A LATQ 351 170   468    60  10.6  10.2  15.0
J62A  LMN  60 245   628    56   8.4   1.6   8.1
J62A M66A 147 328   259    60   1.6  17.4   9.7
J62A MALY  64 250   730    60   2.4   4.9   4.0
J62A N62A 209  28   289    60   7.6   1.4   6.5
J62A PLVO 297 114   467    60  16.8   5.6  19.7
J62A QM16  53 236   379    60   8.4   6.0   6.9
J62A QM38   8 189   500    60  11.6   9.1  12.5
J62A QM50   1 181   576    30  17.0   5.4  17.1
J62A QMM5  14 196   877    60   1.7   0.3   2.1
J62A SUSY  59 244   578    60   3.1   5.1   5.8
J62A VLDQ 322 138   720    60   6.1   6.1   6.4
J62A  WES 157 337   102    60  20.9  19.7  20.7
J62A WODY  68 253   608    60   3.6   5.0   5.3
J63A JOSY  73 257   422    30  15.3   4.1  10.2
J63A K60A 253  71   241    60  10.6   8.7  13.7
J63A K62A 235  54   116    60  10.3   6.7   8.8
J63A L63A 196  15   163    60  12.6  12.4  15.5
J63A L65A 148 329   162    60  13.2  19.7  19.0
J63A LATQ 344 163   475    60   3.0   5.8   9.1
J63A LSQQ 327 142   787    28  10.5   0.6   8.1
J63A M66A 161 341   237    60  17.7  12.3  15.6
J63A MALY  63 248   674    60   7.9   2.1   6.7
J63A N62A 218  36   327    60   4.4  10.9   6.2
J63A NATG  36 222  1001    56   0.3   3.8   4.3
J63A PLVO 294 110   518    60  15.1   9.0  19.3
J63A QM16  48 230   329    60   2.2   7.4   8.5
J63A QM38   2 182   489    60  10.8   6.1   7.9
J63A QM50 356 175   572    30  19.7   1.1  18.2
J63A QMM5  11 192   859    60  10.3   3.4  10.5
J63A SHEY  71 257   755    60   3.2   8.7   4.0
J63A SUSY  57 241   524    60   5.7   6.6   8.8
J63A VLDQ 319 134   753    60   4.0   8.1   7.4
J63A  WES 191  11   101    60  22.8  17.1  21.0
J63A WODY  66 251   551    60  11.2   4.6   5.7
JOSY K62A 253  68   534    30   9.1   6.5   6.6
JOSY L63A 242  58   528    30  14.4   9.1  14.7
JOSY LATQ 306 121   630    30  18.2  12.3  21.9
JOSY MALY  50 232   270    30   5.4   4.7   2.8
JOSY NATG  19 201   712    26   2.1  14.9  13.1
JOSY QM38 317 134   533    30   4.0  18.0  14.8
JOSY QMM5 345 163   761    30   1.0  19.2   9.5
JOSY SHEY  72 255   333    30  12.6  17.0  14.6
JOSY SUSY  16 196   168    30  19.9  18.5  20.5
JOSY VLDQ 300 111  1004    30   8.6  13.6  15.1
JOSY  WES 246  62   478    30   5.7   7.4   9.2
JOSY WODY  49 230   142    30   2.5   6.4   8.6
K60A K62A  87 268   136    60  11.6   9.3  17.7
K60A L63A 113 295   206    60  17.9  16.0  21.9
K60A L65A 100 283   323    60   8.6  14.6  13.9
K60A LSQQ 343 160   755    28   6.7   6.6  13.8
K60A M66A 115 297   346    60   5.2  12.8  17.9
K60A MALY  64 251   912    60   5.3   3.8   3.7
K60A N62A 169 350   190    60  17.0   9.5  20.0
K60A PLVO 317 135   372    60  12.3   5.4  12.1
K60A QM38  22 204   611    60   3.9   9.5  12.3
K60A QM50  14 196   667    30   9.5   5.7   8.3
K60A QM60   3 184   729    30   7.8   6.4   0.3
K60A SHEY  70 258   996    60   3.5   6.7   4.6
K60A SUSY  60 246   759    60   3.6   0.1   6.4
K60A VLDQ 335 153   689    60   3.0   4.2   9.6
K60A  WES  96 278   213    60  18.1  21.0  19.8
K60A WODY  66 253   791    60   3.9   4.0   2.4
K62A L63A 150 330   103    60  17.6  25.3  21.6
K62A L65A 111 292   193    60  12.0  15.6  14.3
K62A LATQ 355 175   526    60   7.5  11.4  15.8
K62A  LMN  57 242   691    56   6.5   0.4   7.0
K62A LSQQ 334 151   800    28  12.9   4.8  11.0
K62A M66A 131 313   234    60   7.2  16.7  12.7
K62A MALY  61 247   789    60   5.8   2.8   5.5
K62A N62A 208  28   218    60   3.6  10.6   7.8
K62A NATG  37 224  1113    56   5.7   3.0   5.0
K62A PLVO 306 122   470    60  13.8   4.1   9.1
K62A QM16  49 232   445    60   2.9   1.2   0.6
K62A QM38  11 192   567    60   6.6   6.6   9.5
K62A QM50   4 184   640    30  10.3   3.4   6.5
K62A QM60 354 173   728    30   9.1   1.1   5.5
K62A QMM5  15 197   946    60   8.7   9.5  12.7
K62A SHEY  68 255   867    60   0.0   2.3   1.7
K62A SUSY  56 240   641    60   3.1  10.1   5.3
K62A VLDQ 327 143   750    60   6.1   4.8   6.2
K62A  WES 112 293    81    60  14.3  18.4  23.7
L63A L65A  81 262   130    60   8.1  13.3  11.7
L63A LATQ 352 171   620    60  10.2   9.2  10.5
L63A LSQQ 334 150   903    28   5.4   2.2   8.1
L63A M66A 118 299   140    60   7.8  12.1  11.0
L63A MALY  54 240   794    60   4.0   7.1   3.3
L63A N62A 237  56   187    60  13.6  12.5  13.6
L63A NATG  33 219  1156    56   0.1   3.5   1.6
L63A PLVO 310 127   566    60  15.0   2.7  10.2
L63A QM38   5 186   649    60   9.2   7.2   8.8
L63A QM50 360 180   727    30  15.3   6.4  12.9
L63A QM60 351 170   823    30   3.1   2.4   2.7
L63A QMM5  11 193  1021    60   4.7   0.4   1.0
L63A SHEY  62 248   858    60   5.0   6.0  10.9
L63A VLDQ 328 143   853    60   5.4   6.0  10.1
L63A  WES  22 202    63    60  18.3  15.5  25.5
L63A WODY  55 240   667    60   1.9   7.3   2.5
L65A LATQ 341 159   633    60  10.3   7.8   9.9
L65A  LMN  43 227   598    56   0.1   1.9   1.9
L65A M66A 185   5    86    60  19.2   9.0  16.1
L65A MALY  50 234   681    60   2.4   1.4   1.8
L65A NATG  29 214  1074    56   2.3   4.1   3.8
L65A PLVO 303 118   658    60  11.9   1.8   9.8
L65A QM38 355 174   631    60  14.6   7.4   9.8
L65A QMM5   5 186   984    60   6.4   3.2   3.5
L65A SUSY  41 224   553    60   3.6   7.8  12.5
L65A WODY  50 234   553    60   7.2   0.7   3.4
LATQ  LMN 103 288   634    56   3.8  11.5   9.1
LATQ M66A 162 344   712    60   4.4   6.6  10.3
LATQ MALY 100 287   743    60   0.9   6.5   2.0
LATQ N62A 185   4   719    60   4.5   3.2   5.7
LATQ NATG  63 250   799    56   5.5   4.7   7.1
LATQ PLVO 233  50   421    60   0.3   6.0   6.6
LATQ QM16 121 305   444    60   0.2   3.2   1.6
LATQ QM38  77 258   149    60   7.0   4.4   4.1
LATQ QM50  36 217   141    30  12.7   4.8  13.2
LATQ QM60 348 168   203    30  19.7   5.1  19.0
LATQ QMM5  36 219   482    60   0.4   3.9   6.3
LATQ SHEY 103 291   868    60   4.5   2.3   6.0
LATQ SUSY 106 291   593    60   7.6  12.6  10.8
LATQ VLDQ 285 102   383    60   8.2  14.4  13.8
LATQ  WES 168 349   567    60   8.5   9.6  15.6
LATQ WODY 109 295   675    60   3.2   7.8   6.5
 LMN LSQQ 296 107   983    28   5.3  10.0  10.2
 LMN MALY  93 274   113    56   9.7  15.5  19.6
 LMN NATG  16 198   515    52   7.4   1.2   1.1
 LMN PLVO 269  80   963    56   4.3   4.6   4.5
 LMN QM38 296 111   504    56   9.4   9.5  12.0
 LMN QM50 301 116   592    30   6.5   7.6   8.3
 LMN QM60 303 117   740    30   6.1   1.8  12.0
 LMN QMM5 333 150   629    56   6.5  12.7   8.8
 LMN SHEY 109 291   235    56  12.3  16.9  16.7
 LMN SUSY 253  72    51    56  15.9  13.8  13.5
 LMN VLDQ 289 100  1017    56   6.8   8.4   4.6
 LMN WODY 172 352    85    56  24.2  16.3  21.8
LSQQ M66A 146 331  1019    28   3.2   5.7  10.1
LSQQ N62A 162 344   944    28   3.4   0.7   3.5
LSQQ QM16 119 305   807    28   3.1   4.2   5.7
LSQQ QM38 106 291   479    28   9.2  10.0  11.9
LSQQ QM50  98 282   398    28   4.8   9.7  12.0
LSQQ QM60  86 269   266    28   1.3   5.7   6.9
LSQQ QMM5  68 254   619    28   7.6   9.7   8.3
LSQQ SHEY 105 296  1217    28   3.1   3.7   2.8
LSQQ SUSY 109 297   946    28   1.5  15.2   7.0
LSQQ VLDQ 211  30   112    28  19.2  26.6  24.4
LSQQ  WES 147 331   862    28   0.4  13.9   5.6
LSQQ WODY 111 300  1032    28   6.1  10.1   9.8
M66A N62A 264  82   282    60   7.7   0.1   6.4
M66A NATG  27 212  1153    56   1.8   0.5   6.4
M66A PLVO 309 124   703    60   9.6   0.9  10.2
M66A QM16  21 203   473    60   9.8   2.1   6.8
M66A QM38 356 175   715    60  12.6   7.4  10.9
M66A QMM5   5 186  1070    60   6.2   6.5  10.3
M66A VLDQ 325 139   978    60   3.9   8.2   3.8
M66A  WES 322 141   159    60  12.1  12.0  14.1
MALY PLVO 270  81  1076    60   6.1   1.3   2.8
MALY QM38 293 107   610    60  13.9   0.7   9.1
MALY QM50 298 112   694    30   6.5   2.7   3.8
MALY QMM5 326 142   691    60   7.5   5.4   7.9
MALY SHEY 124 305   130    60  10.7  20.4  20.8
MALY SUSY 268  86   162    60   8.3   7.6   6.8
MALY VLDQ 289  98  1126    60   1.8   1.2   2.0
MALY  WES 242  57   741    60   4.5   5.6   7.2
MALY WODY 233  52   128    60   5.6  13.6  10.3
N62A NATG  35 223  1329    56   2.6   2.1   3.2
N62A PLVO 328 146   543    60  11.8  12.5  13.5
N62A QM16  42 225   654    60   1.6   4.0   1.0
N62A QM38  15 196   778    60   1.1   1.6   3.0
N62A QM50   9 190   843    30   7.6   2.5   5.7
N62A QM60   1 181   915    30   3.0   2.4   1.0
N62A QMM5  17 200  1159    60   3.8   2.8   3.4
N62A SHEY  60 247  1044    60   0.4   3.2   2.3
N62A SUSY  48 234   840    60   6.1   7.4   5.5
N62A VLDQ 339 156   875    60   7.0   7.3  10.3
N62A  WES  47 229   241    60  11.9   6.9  13.4
NATG PLVO 247  56  1217    56   0.7   3.3   1.6
NATG QM50 255  69   676    30  14.8  13.6  12.9
NATG QM60 265  77   768    30   4.1   1.0   2.0
NATG QMM5 281  96   429    56  12.1   9.4  12.7
NATG SHEY 174 354   576    56   6.4   9.3   8.7
NATG SUSY 202  20   544    56   5.8   5.7   2.6
NATG VLDQ 264  72  1111    56   1.8   2.7   2.1
PLVO QM38  56 241   561    60  10.6   4.2   6.9
PLVO QM50  46 230   558    30  11.7   7.2  15.7
PLVO QMM5  41 227   893    60   6.4   8.5  10.0
PLVO VLDQ 352 171   354    60   9.5   9.3  10.7
PLVO WODY  85 274   977    60   4.6   8.3   9.3
QM16 QM50 323 140   454    30  10.2   1.6   9.1
QM16 QMM5 355 174   630    60   3.3   6.3   5.0
QM16 SHEY  89 273   469    60   3.1   5.9  10.2
QM16 VLDQ 297 110   819    60   7.6   4.1   5.6
QM16  WES 222  40   415    60   9.2   6.7  10.3
QM38 QM50 324 143   101    30  15.3  15.4  14.3
QM38 QM60 313 131   248    30  12.4   6.1  20.6
QM38 QMM5  22 204   383    60   7.3   2.1   7.6
QM38 SHEY 109 296   738    60   6.1   9.0   8.0
QM38 SUSY 116 300   468    60   7.8  13.1  12.7
QM38 VLDQ 279  94   519    60  10.4  11.9  16.2
QM38  WES 184   3   589    60   8.8   6.6  12.0
QM38 WODY 119 303   555    60   6.5  12.9  11.8
QM50 QM60 305 124   149    30  12.4  12.7  10.6
QM50 QMM5  36 218   341    30  17.1  16.7  17.0
QM50 SHEY 113 300   823    30   3.7  12.7  10.9
QM50 SUSY 120 305   560    30   9.6  11.9  14.3
QM50 VLDQ 269  85   453    30  19.1   3.7  13.2
QM50  WES 178 358   670    30   7.2  13.9  16.5
QM50 WODY 122 307   649    30   1.4  12.9  14.0
QM60 QMM5  58 242   375    30   0.3  16.3  12.4
QM60 SHEY 113 302   969    30   4.0   4.4   1.7
QM60 VLDQ 253  70   343    30  13.2   3.0   7.2
QMM5 SHEY 139 324   813    60   8.6   8.1   9.5
QMM5 SUSY 155 338   622    60   8.5   5.8  11.2
QMM5  WES 193  11   960    60   0.9   3.9   3.1
QMM5 WODY 153 336   709    60   7.7  13.0  12.0
SHEY SUSY 285 102   277    60  10.7   7.3   9.9
SHEY VLDQ 291 100  1251    60   2.9   6.3   5.1
SHEY  WES 251  65   811    60   2.5   6.0   3.5
SHEY WODY 270  88   211    60   7.5   8.2   8.6
SUSY VLDQ 291 102   976    60   3.0   1.0   1.7
SUSY WODY 139 319    91    60  15.2  12.2  15.5
VLDQ  WES 140 324   819    60   4.2   4.4   4.8
VLDQ WODY 104 294  1058    60   6.1   0.8   0.5
 WES WODY  58 243   615    60   3.3   1.3   1.5
