 A11  A64  19 200    69    60   3.7   4.4   4.3
 A11 ALLY 132 316   557    30  11.0   1.6   8.9
 A11 BATG  88 271   313    60  15.4   5.3  14.6
 A11 D56A 268  85   346    60   2.2  15.6  12.7
 A11 D59A 259  77   127    60   2.6  11.0   9.6
 A11 D60A 237  56    66    60   5.0   7.0   5.9
 A11 D62A 101 282    89    60  10.3   2.4   8.8
 A11 D63A  97 279   160    60  12.9   3.0  13.3
 A11 E64A 116 298   203    60  12.1   5.3  12.0
 A11 EMMW 142 324   353    60  18.9   1.4  15.6
 A11 F57A 247  64   380    60   3.8   9.5   9.3
 A11 F60A 224  43   195    60   4.6  10.7   9.5
 A11 F61A 204  23   154    60   5.2   4.7   4.9
 A11 F62A 173 353   151    60  15.7   2.9  12.9
 A11 F64A 137 318   209    60  16.2   4.2  13.7
 A11 G57A 239  56   440    60   3.6  12.2  10.3
 A11 G61A 206  25   241    60  12.8   5.6  11.0
 A11 G62A 187   6   227    60   9.8   5.5   8.8
 A11 G63A 169 350   241    60  17.8   5.9  17.5
 A11 H61A 205  23   331    60   8.2   6.1   8.4
 A11 H62A 194  14   306    60   9.4   3.3   7.0
 A11 H63A 177 358   287    60  17.8   4.9  16.5
 A11 H64A 165 346   299    59  19.5   6.6  18.0
 A11 H65A 151 333   321    60  19.9   3.8  18.6
 A11  HAL 117 302   588    60  11.0   0.7   8.9
 A11 HANN 119 301   303    60  14.3   3.5  12.6
 A11 HOLY 104 287   295    60  13.1   7.5  12.0
 A11 I57A 231  47   563    60   2.6   8.2   5.1
 A11 I60A 214  32   448    57   1.0   6.6   4.6
 A11 I62A 194  13   385    60   7.9   6.8   9.4
 A11 I63A 185   5   356    60  11.1   4.7   8.8
 A11 I64A 173 353   372    60  20.4   1.5  16.6
 A11  ICQ  39 222   333    60  11.0   6.1   9.4
 A11 J59A 220  37   539    60   1.2   9.2   6.9
 A11 J62A 196  15   464    60   5.5   3.7   5.9
 A11 J63A 189   9   446    60   8.8   6.2   8.2
 A11 JOSY 134 317   464    30   9.7   2.1   7.7
 A11 K60A 211  28   591    60   2.6   7.4   5.7
 A11 K62A 198  17   534    60   7.1   6.2   6.8
 A11 L63A 191  10   608    60   6.6   5.9   8.0
 A11 L65A 179 359   579    60  13.7   0.5   8.9
 A11 MALY 105 290   549    60   9.5   3.8   7.9
 A11 N62A 202  19   748    60   0.8   4.4   1.3
 A11 NATG  55 241   639    56   5.4   2.2   3.5
 A11 PLVO 248  63   585    60   0.7  14.0  10.3
 A11 QM16 142 323   285    60  12.1   0.5   9.9
 A11 QM38 314 134    69    60   3.9  11.1   9.1
 A11 QM50 320 139   170    30   3.4  14.7  14.7
 A11 QM60 314 131   317    30   1.9   9.4   9.8
 A11 QMM5  14 195   413    60   5.3  11.3   9.5
 A11 SHEY 107 293   676    60  14.4   4.2  11.4
 A11 SUSY 113 297   403    60  16.0   1.3  14.4
 A11 VLDQ 283  98   577    60   0.9   9.6   7.9
 A11  WES 190   9   547    60   7.0   1.9   5.7
 A11 WODY 117 301   489    60  17.2   2.5  13.7
 A64 ALLY 139 322   587    30  13.0   1.5   9.5
 A64 BATG 101 283   295    60  12.8   2.0  10.5
 A64 CHEG  96 283   706    21  10.7   1.0   8.1
 A64 D56A 259  75   377    60   6.3  14.5  13.7
 A64 D59A 239  57   173    60   6.2  13.4  11.9
 A64 D60A 218  37   128    60   4.8   9.9  11.3
 A64 D62A 142 323   104    60  11.0   3.1   9.8
 A64 D63A 122 304   161    60  11.0   3.7  10.4
 A64 DRLN  76 265   927    60  16.7   1.6  12.8
 A64 E55A 254  70   492    60   2.1  13.3  11.1
 A64 E58A 239  57   304    60   4.8  12.6  11.3
 A64 E62A 168 348   137    30  15.3   4.7  13.9
 A64 E64A 134 316   221    60  12.9   3.1  12.3
 A64 F57A 240  57   429    60   1.1  14.1  10.8
 A64 F60A 218  36   259    60   2.4   9.3   9.2
 A64 F61A 203  22   222    60   7.9   6.0   5.5
 A64 F62A 182   1   215    60   8.7   6.5   8.0
 A64 F64A 151 332   248    60  15.6   2.8  14.5
 A64 G57A 234  50   495    60   2.9  15.6  13.7
 A64 G61A 205  23   309    60   7.7   8.5   8.9
 A64 G62A 190   9   294    60   7.4   2.2   7.0
 A64 G63A 176 356   302    60  11.7   4.8   9.5
 A64  GGN 141 323   381    60  11.7   0.5   9.2
 A64 H61A 204  22   399    60   8.9   6.3   9.2
 A64 H62A 196  15   375    60  10.1   4.4   9.3
 A64 H63A 182   2   352    60  10.6   4.1  10.3
 A64 H64A 171 352   358    59  14.4   1.9  11.5
 A64 H65A 159 341   370    60  18.0   2.8  16.1
 A64  HAL 124 308   601    60  11.5   2.9   9.4
 A64 HANN 131 313   322    60  12.7   2.3  12.8
 A64 HOLY 118 300   297    60  15.1   1.7  13.0
 A64 I57A 228  44   622    60   0.9   9.1   7.3
 A64 I60A 212  30   515    57   5.2   5.2   2.7
 A64 I62A 195  14   453    60   9.8   4.7   9.1
 A64 I63A 188   7   423    60  10.9   4.9   8.7
 A64 I64A 177 357   435    60  12.9   5.0  11.9
 A64  ICQ  45 227   270    60  13.6   6.2  12.4
 A64 J59A 218  35   603    60   0.4  14.2  11.2
 A64 J62A 197  16   533    60  10.0   7.6   9.3
 A64 J63A 191  10   514    60   7.2   3.9   5.1
 A64 K60A 210  27   658    60   0.9   4.9   3.9
 A64 K62A 199  17   602    60   7.0   5.9   5.6
 A64 L63A 192  11   677    60   7.6   7.6   6.2
 A64 L65A 181   1   644    60   9.7   4.2   9.2
 A64 LATQ 258  76   223    60   5.9  11.9  10.1
 A64 MALY 112 297   547    60   9.5   0.3   5.6
 A64 N62A 202  19   817    60   4.3   3.5   4.1
 A64 NATG  60 245   585    56  11.7   3.4  10.1
 A64 QM16 152 334   327    60  12.0   2.3   8.7
 A64 QM38 257  76    74    60   4.7  10.2   9.0
 A64 QM50 297 115   147    30   1.5  11.4  11.3
 A64 QM60 302 119   295    30   0.9   8.7   5.5
 A64 QMM5  13 194   345    60   2.4  12.9   8.1
 A64 SHEY 113 299   677    60  12.1   0.4   9.5
 A64 SUSY 123 306   413    60  11.8   1.7  11.2
 A64  WES 191  10   615    60   4.7   1.3   4.9
 A64 WODY 125 309   503    60  14.7   3.9  12.4
ALLY BATG 349 169   400    30   3.2  11.9  10.2
ALLY CHEG  44 227   486    21   3.3   6.5   5.4
ALLY D59A 307 122   640    30   1.5   7.3   6.4
ALLY D62A 322 139   483    30   0.8  12.5   9.8
ALLY D63A 328 146   435    30   0.4   9.3   7.1
ALLY DRLN  41 226   845    30   0.3   1.6   2.6
ALLY E55A 293 105   913    30   0.1  12.4   6.2
ALLY E58A 297 111   707    30   1.0  10.1   7.9
ALLY E62A 314 131   472    30   1.7  14.0   9.7
ALLY E64A 325 143   367    30   5.5   8.2   8.2
ALLY EDEY  48 230   290    30   8.2  10.3  10.2
ALLY EMMW 300 119   217    30   3.2  11.2   9.3
ALLY F60A 297 112   595    30   0.7  11.2  10.3
ALLY F61A 300 116   528    30   3.0   8.9   8.0
ALLY G61A 291 106   539    30   1.7  10.2   8.5
ALLY G63A 295 111   391    30   1.1  11.1  10.1
ALLY  GBN  56 238   339    30  16.2  10.1  15.4
ALLY  GGN 318 137   207    30   1.5  13.7  12.2
ALLY H61A 281  97   553    30   2.2  14.8  13.7
ALLY H63A 286 103   408    30   2.3  10.0   6.9
ALLY H64A 288 105   344    29   0.7  11.4   9.4
ALLY  HAL  50 231   156    30   9.2  11.5  11.6
ALLY HANN 332 150   272    30   1.0  13.3  11.5
ALLY HOLY 341 160   327    30   1.2   7.5   5.8
ALLY I57A 275  88   849    30   1.0  16.1  12.5
ALLY I60A 274  88   659    27   0.4  12.1   9.8
ALLY I63A 276  93   442    30   2.6  10.8   9.5
ALLY J59A 271  84   760    30   0.1  14.3  11.2
ALLY J62A 266  82   546    30   0.8   9.0   5.5
ALLY JOSY 309 128    94    30   0.7   9.7   7.6
ALLY L65A 247  63   447    30   4.8   4.8   5.1
ALLY  LMN   5 186   236    26   2.3   6.7   5.1
ALLY MALY  31 212   266    30   5.6  15.5  12.0
ALLY PLVO 283  94   964    30   1.1  18.7  14.1
ALLY QMM5 342 159   837    30   1.3   6.9   5.0
ALLY SHEY  57 239   292    30  15.3   8.4  16.0
ALLY SUSY 353 173   221    30   4.4  11.1   9.2
ALLY  WES 256  71   529    30   0.7   5.2   4.7
ALLY WODY  13 193   155    30   6.2  11.3  10.0
BATG D56A 271  85   660    60   2.0  15.0  11.3
BATG D59A 268  84   439    60   1.1  16.8  13.7
BATG D60A 266  82   371    60   0.2  10.4   9.1
BATG D62A 266  83   228    60   3.5  14.7  13.0
BATG D63A 261  80   157    60   7.2  13.4  11.6
BATG DRLN  68 254   672    60   9.6   2.7   7.4
BATG E58A 262  77   560    60   1.5  12.0   8.6
BATG E62A 256  73   274    30   4.1   9.2   7.6
BATG E64A 235  54   165    60   7.0  10.9  10.9
BATG EDEY 124 307   353    60   2.9   0.6   1.2
BATG EMMW 201  20   305    60  13.3   8.5  11.7
BATG F60A 254  70   474    60   1.7  13.2   9.4
BATG F61A 251  67   404    60   3.4  14.8  11.4
BATG F62A 244  61   336    60   6.9  13.4  11.4
BATG F64A 229  47   236    60   9.1  15.3  10.4
BATG G57A 254  68   730    60   0.5   8.9   7.0
BATG G59A 249  64   601    49   0.2   3.1   1.1
BATG G61A 244  60   476    60   1.8  12.9   9.7
BATG G62A 238  55   414    60   4.5   7.9   6.7
BATG G63A 230  48   365    60   7.4  12.0  10.3
BATG  GBN 119 302   407    60  13.6   1.3  12.4
BATG  GGN 194  14   247    60  17.1   7.8  15.1
BATG H61A 238  54   548    60   5.0  11.0   8.4
BATG H62A 235  51   496    60   3.1  10.3   7.8
BATG H63A 228  45   423    60   8.0  14.2  13.4
BATG H64A 221  39   382    59  10.0  12.3  14.2
BATG H65A 211  30   333    60   9.9  10.4  10.6
BATG  HAL 146 328   350    60  15.6   2.5  14.5
BATG HANN 200  19   164    60  11.2   8.4  10.0
BATG HOLY 200  20    89    60  10.8   8.3  10.2
BATG I57A 247  60   835    60   1.3  15.7  11.7
BATG I60A 239  53   681    57   3.8  10.3   8.4
BATG I62A 229  46   559    60   6.1  15.1  13.6
BATG I63A 226  43   503    60   5.2   9.7   9.7
BATG I64A 218  36   466    60   9.0  10.7  11.9
BATG  ICQ 341 160   265    60   1.2  14.7  13.2
BATG J59A 240  54   785    60   1.1  10.4   8.2
BATG J62A 227  43   637    60   3.2  13.8  11.7
BATG J63A 223  40   593    60   2.4   9.8   6.7
BATG JOSY 179 359   335    30  13.0   2.9   9.9
BATG K60A 233  47   805    60   1.1  11.4   7.5
BATG K62A 226  41   707    60   2.2  13.3  11.4
BATG L63A 218  34   745    60   3.2   7.7   6.0
BATG L65A 210  27   663    60   9.6   7.2  10.2
BATG LATQ 274  89   508    60   1.2  14.4  12.2
BATG  LMN 148 329   185    56  15.0   0.3  12.2
BATG M66A 207  25   743    60   4.5   4.9   5.5
BATG MALY 127 309   265    60  10.0   2.4  10.0
BATG N62A 223  38   920    60   2.4   5.6   3.9
BATG NATG  34 217   411    56   8.4   8.8   8.0
BATG QM16 213  32   272    60  10.6   7.3  10.2
BATG QM50 289 105   438    30   1.4  11.5   9.2
BATG QM60 294 109   580    30   0.9   9.1   5.5
BATG SUSY 164 345   180    60  15.3   5.0  12.1
BATG VLDQ 281  92   882    60   5.4  10.0   9.2
BATG WODY 155 336   265    60   9.9   1.6   8.3
CHEG D63A 275  90   566    21   1.7  14.3  11.4
CHEG DRLN  40 222   361    21   5.4   2.2   4.2
CHEG E55A 274  83  1177    21   1.0  12.6  12.1
CHEG E62A 271  85   677    21   2.4  11.2   9.0
CHEG E64A 268  83   550    21   1.6  14.0  11.0
CHEG EDEY 220  39   198    21  11.4   6.3   9.4
CHEG EMMW 249  64   577    21   2.8   8.6   6.6
CHEG F60A 268  80   872    21   0.7   7.5   5.5
CHEG G61A 263  75   856    21   1.6   8.3   5.7
CHEG G62A 261  73   783    21   0.3   3.6   2.2
CHEG G63A 258  72   718    21   2.9   6.0   5.0
CHEG  GBN 203  22   169    21   7.6   4.9   5.7
CHEG  GGN 251  66   513    21   1.7   3.4   4.5
CHEG H62A 257  69   853    21   0.9   3.9   4.4
CHEG H63A 255  69   766    21   3.1  10.0   7.6
CHEG H64A 253  67   707    20   2.1   3.4   1.4
CHEG H65A 251  66   634    21   2.0   8.3   4.1
CHEG  HAL 224  42   331    21  10.5   4.8   7.7
CHEG HANN 260  75   480    21   4.4   8.9  10.5
CHEG HOLY 268  84   444    21   4.3  10.3   9.2
CHEG I57A 260  70  1214    21   0.3   3.9   3.1
CHEG I60A 256  67  1041    21   0.6   6.5   6.2
CHEG I63A 252  65   833    21   1.3   3.0   2.7
CHEG I64A 249  62   771    21   2.6   6.7   4.8
CHEG  ICQ 304 119   576    21   1.9   5.2   3.8
CHEG J59A 256  66  1148    21   1.5   5.0   3.8
CHEG J62A 250  62   963    21   0.3   9.6   5.3
CHEG JOSY 238  54   504    21   1.8   4.5   4.5
CHEG K60A 251  61  1144    21   0.0   5.0   3.1
CHEG K62A 247  59  1023    21   1.3   3.4   3.1
CHEG L65A 238  51   915    21   2.1   4.7   5.0
CHEG LATQ 278  90   920    21   1.5  10.5   8.8
CHEG  LMN 253  70   335    19   0.3   4.7   3.7
CHEG MALY 242  60   235    21   2.3   5.2   3.0
CHEG N62A 242  53  1216    21   0.2   7.0   5.6
CHEG PLVO 267  75  1285    21   1.6   9.5   5.1
CHEG QM38 281  93   776    21   0.5  11.0   6.0
CHEG QMM5 310 124   746    21   3.3   0.8   1.5
CHEG SHEY 209  28   212    21   4.6   3.8   4.3
CHEG SUSY 253  70   386    21   1.9   5.6   3.9
CHEG  WES 244  56   977    21   2.8   3.5   2.1
CHEG WODY 240  57   363    21   2.6   4.8   3.7
D56A D60A  92 274   292    60  15.4   2.9  12.5
D56A D63A  88 273   505    60  14.4   2.5  11.2
D56A DRLN  73 266  1304    60  10.4   0.9   6.7
D56A E55A 237  56   119    60   3.8  10.2   9.2
D56A E58A 123 304   136    60  14.3   3.9  13.5
D56A E64A  95 280   534    60  13.5   4.0  11.4
D56A EDEY  96 285   975    60   0.5   0.0   1.4
D56A F57A 178 358   138    60   7.8   1.7   6.7
D56A F60A 118 300   246    60  15.2   2.0  13.5
D56A F61A 111 294   313    60  15.1   2.2  13.9
D56A F64A 103 287   509    60  15.6   1.9  14.3
D56A G57A 185   5   217    60   6.6   4.3   5.8
D56A G59A 150 331   250    49  14.5   0.1  11.7
D56A  GGN 106 292   648    60  15.7   2.2  12.7
D56A H61A 141 323   357    60  16.9   0.1  14.5
D56A H62A 133 316   392    60  24.5   3.9  23.1
D56A H63A 124 308   452    60  20.7   0.9  16.8
D56A H64A 120 304   506    59  18.5   2.0  17.1
D56A I57A 192  11   353    60   6.3   6.3   7.8
D56A I60A 162 343   374    57   7.6   0.5   4.3
D56A I62A 142 324   443    60  20.6   0.7  19.7
D56A I63A 134 317   466    60  24.5   3.2  22.0
D56A J59A 177 357   399    60   5.5   0.1   6.4
D56A J62A 150 332   484    60  16.1   0.1  15.2
D56A J63A 144 327   509    60  21.1   0.9  17.1
D56A L63A 155 338   628    60  13.0   1.5   8.9
D56A L65A 144 328   671    60  17.2   2.9  14.3
D56A LATQ  75 257   154    60  10.3   1.3   8.6
D56A  LMN  96 283   775    56   6.7   3.4   6.9
D56A LSQQ 324 143   278    28   0.0  19.2  17.5
D56A M66A 148 332   742    60   9.3   4.4   8.0
D56A MALY  95 283   887    60  14.3   1.6  10.5
D56A N62A 171 352   687    60  10.3   2.9   6.5
D56A NATG  63 252   949    56   7.2   0.3   4.5
D56A PLVO 220  38   286    60   2.9  10.4   8.9
D56A QM16 109 294   564    60   7.7   1.4   6.4
D56A QM38  75 258   303    60  14.2   2.3  12.2
D56A QM50  56 238   277    30  10.7   0.7   8.5
D56A QM60  24 205   258    30   3.1   2.4   2.5
D56A QMM5  44 228   607    60  12.2   3.9   9.6
D56A SHEY  98 287  1009    60  10.9   1.4   7.3
D56A VLDQ 300 118   259    60   2.8  15.3  14.6
D56A  WES 151 333   585    60  14.1   0.8  12.3
D59A D60A  98 279    70    60  10.0   3.0   8.3
D59A D63A  88 271   284    60  17.0   1.8  14.4
D59A DRLN  72 262  1094    60  11.3   1.5   9.1
D59A E55A 261  78   328    60   1.2  14.8  11.7
D59A E58A 238  57   131    60   4.5  12.0  10.4
D59A E64A 101 284   313    60  10.4   2.6  10.6
D59A F57A 240  58   257    60   1.6  12.2  11.2
D59A F60A 184   4   116    60  11.3   5.6  10.8
D59A F61A 150 331   132    60  13.8   3.7  13.1
D59A F62A 130 311   189    60  15.5   0.5  12.1
D59A F64A 114 297   297    60  14.2   1.1  11.4
D59A G57A 230  48   323    60   1.7  13.4   9.9
D59A G59A 206  25   238    49   3.8   2.9   4.6
D59A G61A 173 353   193    60  11.8   2.7  10.7
D59A G63A 140 322   271    60  16.4   0.2  14.6
D59A  GBN  99 286   816    60  12.6   0.3   8.7
D59A  GGN 117 300   440    60  19.4   0.0  15.8
D59A H61A 182   1   276    60   9.9   2.0   8.2
D59A H62A 169 349   276    60  12.5   2.0  10.4
D59A H63A 151 332   296    60  21.0   4.0  19.9
D59A H64A 141 323   332    59  17.5   0.4  15.4
D59A H65A 131 314   379    60  20.1   1.8  17.6
D59A  HAL 109 295   692    60  11.1   1.2   9.6
D59A HANN 106 290   409    60  10.7   0.8  10.3
D59A I57A 223  40   454    60   4.0  12.7  10.2
D59A I60A 198  17   370    57   6.1   6.8   8.1
D59A I62A 173 354   350    60  11.3   6.7   9.2
D59A I63A 163 344   343    60  13.0   3.1  11.8
D59A I64A 153 334   384    60  20.3   0.9  17.3
D59A  ICQ  49 232   439    60  16.2   4.7  14.7
D59A J59A 209  27   446    60   4.6   8.2   6.6
D59A J62A 180 360   420    60  10.3   2.5   8.2
D59A J63A 172 352   419    60  11.7   2.9  10.4
D59A K60A 199  18   514    60   3.7   5.4   4.5
D59A K62A 184   4   484    60   5.8   3.1   5.3
D59A L63A 178 358   572    60  13.1   5.0   9.6
D59A L65A 165 346   571    60   7.1   1.6   5.6
D59A LATQ 301 120    83    60   3.8   9.4   8.4
D59A  LMN 101 286   555    56  10.0   1.6   7.1
D59A LSQQ 303 119   446    28   1.1  18.5  15.0
D59A N62A 192  10   688    60   4.2   4.2   7.7
D59A NATG  58 245   758    56   6.7   1.3   5.8
D59A PLVO 244  60   461    60   2.8  12.8   9.7
D59A QM16 122 305   361    60  10.4   0.2   7.7
D59A QM38  45 225   105    60  10.1   4.7   8.6
D59A QM50   5 185   156    30   0.5   6.5   3.7
D59A QM60 336 154   265    30   2.6  15.1  14.0
D59A QMM5  26 209   481    60   8.4   8.7   5.4
D59A SHEY 102 289   789    60  11.5   1.9  10.4
D59A SUSY 104 289   513    60   7.3   0.2   6.1
D59A VLDQ 289 104   464    60   0.6  12.9  10.0
D59A  WES 175 356   515    60  12.9   1.8  10.7
D59A WODY 108 293   594    60  12.2   1.8  10.5
D60A D62A  82 263   144    60  10.6   1.7   9.4
D60A D63A  85 267   215    60  11.1   4.2   9.4
D60A E55A 264  81   396    60   4.5  14.8  12.5
D60A E58A 252  71   190    60   0.4  10.3   8.3
D60A E62A 106 287   112    30  10.2   3.2   9.1
D60A E64A 102 284   243    60  10.3   0.8   8.3
D60A EMMW 131 314   364    60  13.1   2.9  11.3
D60A F57A 248  66   315    60   4.3  11.5  11.4
D60A F60A 217  37   131    60   5.4   8.7   8.2
D60A F61A 183   3   105    60  11.2   5.5   8.5
D60A F62A 147 327   135    60  13.8   4.0  12.7
D60A F64A 120 301   230    60  15.3   3.9  14.4
D60A G57A 239  56   373    60   2.9  10.5   9.9
D60A G59A 221  40   268    49   0.9   2.2   1.2
D60A G61A 195  14   187    60   9.5   7.8   8.8
D60A G62A 171 351   191    60  13.1   4.2  13.1
D60A G63A 153 334   224    60  16.3   2.7  13.9
D60A  GBN 100 286   745    60   7.2   0.1   6.5
D60A  GGN 121 304   374    60  15.6   2.4  13.7
D60A H61A 197  16   277    60   6.7   5.1   7.2
D60A H62A 184   4   261    60  11.7   7.0  10.8
D60A H63A 164 345   260    60  16.1   4.5  14.4
D60A H64A 152 333   285    59  18.7   1.7  15.6
D60A H65A 139 321   323    60  15.7   1.7  13.4
D60A  HAL 111 297   624    60   7.1   0.5   7.6
D60A HANN 108 291   340    60  12.6   2.4  10.2
D60A HOLY  96 279   344    60  14.1   3.3  12.2
D60A I57A 230  47   497    60   2.5  17.0  14.0
D60A I60A 209  28   388    57   4.6  10.3   8.1
D60A I62A 186   5   339    60   8.7   5.2   8.2
D60A I63A 175 355   319    60  16.6   3.3  14.2
D60A I64A 163 344   348    60  18.2   4.2  16.2
D60A  ICQ  42 224   397    60  11.5   5.3   9.0
D60A J59A 218  35   475    60   1.4  12.7   9.2
D60A J62A 190   9   416    60   9.4   7.9   7.9
D60A J63A 182   2   404    60  10.2   3.8   9.0
D60A JOSY 126 309   483    30  12.1   1.9  11.1
D60A K60A 207  25   532    60   3.7   4.1   5.5
D60A K62A 193  12   483    60   7.6   5.8   6.2
D60A L63A 186   5   564    60   8.7   5.3   8.9
D60A L65A 172 353   547    60   7.8   2.9   5.5
D60A LATQ 291 110   150    60   2.6  11.8  11.0
D60A  LMN 102 286   485    56  10.1   2.3   8.7
D60A M66A 174 355   631    60  12.4   0.5   9.5
D60A MALY  99 285   595    60   9.1   2.3   7.3
D60A N62A 198  16   695    60   4.9   6.8   6.2
D60A NATG  55 241   706    56   7.3   0.4   7.3
D60A QM16 128 311   298    60  13.1   1.7  11.5
D60A QM38   4 184    85    60   4.8   6.2   6.5
D60A QM50 342 161   175    30   6.0  14.7  14.4
D60A QM60 325 143   308    30   0.7  14.2  12.3
D60A QMM5  19 200   464    60   7.1   7.2   7.3
D60A SHEY 103 289   719    60   7.7   2.4   6.6
D60A SUSY 105 289   443    60   7.5   0.9   4.1
D60A  WES 184   3   504    60   3.6   5.4   3.2
D60A WODY 110 295   525    60  12.3   1.7  11.0
D62A D63A  94 274    72    60   8.7   5.0   8.7
D62A DRLN  70 259   891    60   7.3   1.3   8.2
D62A E55A 265  80   540    60   2.0  12.0  10.1
D62A E58A 258  75   333    60   2.2  12.6   9.3
D62A E62A 215  35    63    30   4.0   5.8   3.6
D62A E64A 128 309   119    60  12.8   4.9  11.8
D62A EMMW 154 335   291    60  10.2   2.3   7.3
D62A F60A 242  60   255    60   0.7  10.9   6.6
D62A F61A 231  50   193    60   2.5   6.3   4.0
D62A F62A 208  28   149    60   5.4   5.7   6.2
D62A F64A 158 339   146    60  13.2   2.4   9.9
D62A G57A 247  62   509    60   2.2   8.7   6.7
D62A G59A 237  54   389    49   2.4   1.7   2.5
D62A G61A 225  43   277    60   3.2   9.9   8.8
D62A G62A 209  28   237    60   7.3   4.4   5.8
D62A G63A 192  11   223    60  11.2   4.2   9.6
D62A  GBN 105 290   610    60   6.6   1.6   3.5
D62A  GGN 141 323   277    60  12.8   1.6  11.5
D62A H61A 219  37   362    60   2.7   9.3   6.6
D62A H62A 211  30   323    60   3.4   7.4   6.1
D62A H63A 196  16   280    60   6.9   9.4   8.7
D62A H64A 183   3   272    59  18.7   4.8  15.7
D62A H65A 166 347   272    60  12.3   0.2  10.4
D62A HANN 126 308   220    60  13.9   2.5  12.6
D62A HOLY 106 288   207    60   9.8   2.4   8.0
D62A I57A 238  54   623    60   0.2   7.6   4.2
D62A I60A 224  41   489    57   3.5   3.6   5.1
D62A I62A 207  26   399    60   3.6   7.1   6.9
D62A I63A 200  19   357    60   8.1   7.5   8.7
D62A I64A 188   7   354    60  16.5   1.5  14.4
D62A  ICQ  25 207   302    60   7.3  11.5  10.5
D62A J59A 229  45   587    60   0.6  10.5   6.6
D62A J62A 208  26   480    60   3.2   5.4   5.6
D62A J63A 201  20   452    60   6.6   5.6   8.6
D62A JOSY 142 324   393    30  12.4   3.3  11.1
D62A K60A 219  36   626    60   2.8   3.2   1.2
D62A K62A 208  26   551    60   5.1   6.8   6.9
D62A L63A 200  18   615    60   4.6   7.5   7.3
D62A L65A 188   8   567    60   7.0   3.5   4.9
D62A LATQ 278  95   285    60   2.6  12.3   9.7
D62A LSQQ 293 107   630    28   0.5   2.6   2.9
D62A M66A 188   7   653    60   3.5   2.0   3.2
D62A N62A 209  26   769    60   4.3   0.4   1.2
D62A NATG  50 235   581    56   6.6   1.5   3.3
D62A QM38 297 115   151    60   1.1   9.0   6.9
D62A QM50 308 126   245    30   1.0  12.2   8.7
D62A QM60 308 124   394    30   0.1   1.7   1.0
D62A QMM5   2 183   419    60   0.9  14.5  10.3
D62A SHEY 109 294   587    60  12.8   0.2  10.4
D62A  WES 200  18   552    60   0.7   6.8   3.2
D63A DRLN  69 257   826    60   6.2   0.4   3.7
D63A E55A 267  81   611    60   1.1  10.5   8.6
D63A E58A 261  78   402    60   1.7  12.5  10.2
D63A E62A 247  66   118    30   3.0   9.9   8.2
D63A E64A 163 343    72    60  12.0   6.1  11.0
D63A EMMW 169 349   264    60  17.6   2.3  13.2
D63A F60A 249  67   318    60   2.4  11.8   9.8
D63A F61A 243  61   251    60   3.3  13.6  11.5
D63A F62A 229  48   191    60   5.5  14.3  13.2
D63A F64A 188   8   132    60  11.7   6.2  10.3
D63A G57A 251  66   574    60   2.6  10.0   6.8
D63A G61A 235  52   328    60   5.7  13.1  12.8
D63A G62A 224  42   276    60   7.3  10.8  10.5
D63A G63A 209  28   244    60   7.7   7.7   7.5
D63A  GBN 107 292   540    60  11.8   2.5   8.0
D63A  GGN 155 336   235    60  10.6   4.4   9.3
D63A H61A 228  45   408    60   5.2  12.9  11.8
D63A H62A 222  40   362    60   8.6   9.9  10.2
D63A H63A 210  29   304    60  10.5  11.9  11.3
D63A H64A 198  18   280    59  12.8   5.4  11.6
D63A H65A 182   2   260    60  16.4   5.4  13.9
D63A  HAL 126 309   441    60  12.0   1.2  10.9
D63A HANN 141 322   165    60  13.0   1.6  10.5
D63A HOLY 114 295   138    60  12.5   4.0  11.0
D63A I60A 231  47   539    57   3.3  10.0   7.7
D63A I62A 217  35   433    60   9.2   6.4   9.8
D63A I63A 211  29   384    60   5.5   9.5  10.1
D63A I64A 200  18   366    60  12.7   5.1  10.2
D63A  ICQ  12 193   283    60   2.6  14.6  13.5
D63A J59A 234  49   640    60   2.5  10.0   7.7
D63A J62A 216  33   514    60   3.4  10.1   9.0
D63A J63A 210  28   478    60   6.5   7.8   6.6
D63A JOSY 151 333   349    30  12.3   3.5  11.4
D63A K60A 225  41   671    60   3.4   9.4   9.5
D63A K62A 215  32   585    60   7.9  10.8   9.6
D63A L63A 207  25   639    60   5.6   6.2   8.0
D63A L65A 196  15   577    60   5.3   6.6   8.8
D63A LATQ 278  94   356    60   3.0  15.8  13.3
D63A  LMN 116 299   286    56  13.2   1.9  10.3
D63A LSQQ 292 105   698    28   2.2  12.7   9.7
D63A M66A 195  13   662    60   4.7   7.4   5.4
D63A MALY 109 292   391    60  16.2   1.6  13.0
D63A N62A 214  31   803    60   4.7   8.7   6.0
D63A NATG  45 229   532    56   9.5   2.8   6.9
D63A QM16 177 357   204    60  14.5   2.9  12.4
D63A QM38 290 108   219    60   2.8  12.8  10.4
D63A QM50 301 118   307    30   1.5  12.4  10.8
D63A QMM5 353 173   426    60   1.7  24.6  22.1
D63A SHEY 112 296   518    60  17.6   2.1  15.6
D63A SUSY 125 306   253    60  13.6   4.1  10.7
D63A  WES 207  25   576    60   5.9   5.4   6.1
DRLN E55A 264  71  1419    60   0.0  10.7   5.7
DRLN E62A 256  68   943    30   0.6   8.6   5.1
DRLN E64A 252  64   834    60   0.7   9.7   7.8
DRLN EMMW 240  53   909    60   3.7   8.7   6.3
DRLN F64A 249  61   898    60   3.8   6.6   7.0
DRLN G57A 257  65  1399    60   0.0  10.6   5.9
DRLN G62A 250  61  1082    60   1.9   7.1   4.8
DRLN  GGN 240  54   843    60   4.4   4.4   3.8
DRLN H61A 250  59  1216    60   2.6   9.0   6.8
DRLN H63A 247  57  1080    60   2.1   8.0   6.6
DRLN H65A 242  54   961    60   4.1   7.7   7.7
DRLN  HAL 224  40   691    60   1.4   0.8   2.8
DRLN HANN 245  58   791    60   2.6  14.4  12.0
DRLN HOLY 249  62   735    60   1.9   7.6   5.6
DRLN I57A 254  61  1507    60   1.7   7.0   4.9
DRLN I60A 249  58  1349    57   2.2   9.9   8.6
DRLN I63A 245  55  1154    60   0.7   8.3   6.1
DRLN I64A 242  53  1101    60   1.8  12.0   9.4
DRLN  ICQ 276  89   709    60   0.4  19.4  16.8
DRLN J59A 250  58  1454    60   1.7   6.3   4.5
DRLN J62A 244  54  1288    60   0.0   7.9   6.1
DRLN J63A 243  53  1237    60   0.9   7.7   5.3
DRLN JOSY 233  46   854    30   1.7   0.7   2.1
DRLN K60A 246  54  1465    60   3.7   5.8   4.1
DRLN K62A 243  52  1353    60   1.4   8.1   7.2
DRLN L65A 235  46  1263    60   1.4   3.0   2.1
DRLN LATQ 265  74  1150    60   1.0  13.6   9.1
DRLN  LMN 238  53   667    56   2.0   3.5   5.4
DRLN M66A 233  44  1328    60   1.1   4.5   2.7
DRLN MALY 231  47   585    60   4.9   3.3   4.4
DRLN N62A 240  48  1555    60   0.8   6.0   6.4
DRLN PLVO 260  65  1552    60   0.2   7.3   5.0
DRLN QM16 244  57   909    60   1.3   6.3   5.3
DRLN QM50 270  80  1042    30   2.2   7.4   4.9
DRLN QM60 276  84  1152    30   0.8   5.8   5.8
DRLN QMM5 287  98   827    60   2.3  23.5  19.1
DRLN SUSY 240  54   715    60   6.5  14.5  11.1
DRLN VLDQ 273  78  1490    60   1.3  12.8   9.4
DRLN WODY 232  47   712    60   3.5   3.9   4.7
E55A E58A  91 273   214    60  11.4   0.4  10.7
E55A E62A  86 270   501    30  14.3   0.9  11.3
E55A E64A  87 273   632    60  10.3   0.1   7.5
E55A EDEY  91 281  1070    60   3.8   0.2   3.0
E55A EMMW 103 289   698    60   8.7   0.9   7.0
E55A F57A 124 305   127    60  17.0   2.6  17.3
E55A F60A  98 281   321    60  12.5   1.8  10.7
E55A F62A  95 280   474    60  12.0   1.4  10.3
E55A F64A  94 279   599    60  13.3   1.9  10.4
E55A G57A 151 331   172    60  10.6   0.8   7.5
E55A G59A 123 305   271    49  15.1   3.1  13.6
E55A G61A 109 292   375    60  20.0   2.2  17.5
E55A G62A 106 290   451    60  17.1   1.0  14.4
E55A G63A 104 289   522    60  11.1   2.8   8.3
E55A  GBN  91 281  1132    60   5.1   2.0   3.5
E55A H61A 122 305   388    60  20.0   3.0  18.5
E55A H62A 117 300   436    60  15.8   2.2  12.3
E55A H63A 111 295   510    60  15.1   0.1  13.1
E55A H65A 105 291   640    60  17.4   2.8  13.5
E55A HANN  92 278   720    60  12.3   0.1   9.2
E55A I57A 173 354   281    60   8.7   5.7   7.1
E55A I62A 126 309   469    60  25.0   2.6  20.4
E55A I63A 120 304   506    60  21.0   0.7  16.4
E55A I64A 117 301   578    60  14.1   1.4  10.5
E55A  ICQ  59 246   739    60  20.2   1.9  17.4
E55A J59A 159 340   354    60  14.5   2.9  13.1
E55A J62A 135 318   491    60  22.0   0.3  18.5
E55A J63A 130 314   528    60  22.8   4.4  21.5
E55A K60A 157 339   460    60  15.3   4.1  13.1
E55A K62A 143 326   519    60  16.6   0.2  14.2
E55A L63A 144 327   622    60  16.2   0.2  14.2
E55A LATQ  66 249   270    60  15.3   2.3  14.5
E55A LSQQ 347 166   298    28   4.4   7.1   6.8
E55A N62A 160 342   648    60   9.5   2.4   8.3
E55A NATG  62 252  1068    56   5.3   0.3   2.4
E55A PLVO 207  26   176    60   6.5  10.2   8.2
E55A QM16  99 285   645    60   7.8   1.4   5.1
E55A QM38  69 253   418    60  11.1   0.8   7.5
E55A QM60  33 215   364    30   3.2   0.9   0.6
E55A SUSY  92 279   825    60  15.0   1.1  11.4
E55A VLDQ 327 146   232    60   4.0  14.8  14.5
E55A WODY  96 284   898    60   9.7   0.1   7.5
E58A E62A  83 266   290    30  12.3   0.2   9.1
E58A E64A  87 271   419    60   7.5   3.6   5.3
E58A F57A 241  60   126    60   4.5   9.7   8.7
E58A F61A 103 285   182    60  11.8   3.5  11.5
E58A F62A 100 283   261    60  13.1   1.5  11.9
E58A F64A  97 280   385    60  10.3   0.8  10.0
E58A G57A 224  43   194    60   3.7  12.3   9.9
E58A G59A 177 357   144    49   8.0   0.5   5.5
E58A G61A 131 312   182    60  16.8   1.1  15.9
E58A G62A 120 302   249    60  18.4   4.3  17.8
E58A  GGN 103 288   520    60  17.1   3.9  14.1
E58A H61A 152 333   231    60  18.3   2.8  15.6
E58A H62A 140 321   260    60  22.2   0.6  18.8
E58A  HAL 101 288   781    60  12.2   0.0   8.9
E58A HANN  94 279   506    60  10.9   1.1   7.4
E58A I57A 216  34   329    60   1.2   9.4   6.6
E58A I60A 180   0   281    57   8.0   3.0   7.2
E58A I62A 150 332   317    60  15.8   0.1  12.5
E58A I63A 140 322   334    60  20.6   2.1  20.0
E58A I64A 132 315   395    60  19.5   2.0  17.1
E58A  ICQ  50 234   569    60  13.7   2.7  11.3
E58A J59A 197  16   337    60   4.7   7.1   5.7
E58A J62A 161 342   368    60  15.5   0.8  14.4
E58A J63A 152 334   385    60  18.2   0.6  15.6
E58A JOSY 110 295   616    30   8.7   4.9   7.4
E58A K60A 187   6   420    60   6.1   7.3   5.8
E58A K62A 168 349   420    60  14.1   2.8  12.7
E58A L63A 164 346   518    60  14.6   4.6  15.4
E58A L65A 151 333   547    60  17.4   4.8  16.5
E58A LATQ  18 199   119    60   7.0   7.1   6.7
E58A  LMN  92 278   657    56  10.7   3.4   8.8
E58A LSQQ 318 136   408    28   1.0  19.5  15.2
E58A MALY  91 278   770    60   8.0   3.3   5.3
E58A N62A 182   1   605    60   5.8   4.2   5.7
E58A QM38  51 233   234    60  11.4   6.3  10.5
E58A QM50  28 209   257    30   4.8   4.5   3.8
E58A QM60 359 179   311    30   1.7  10.0   8.7
E58A QMM5  32 215   597    60   3.8   6.5   4.2
E58A SHEY  95 283   888    60  11.1   2.6   9.6
E58A SUSY  94 280   611    60  13.3   3.9  11.7
E58A VLDQ 302 119   395    60   0.4  18.3  16.4
E58A  WES 160 341   470    60  18.2   0.4  15.4
E58A WODY  99 285   685    60  11.5   1.0   8.8
E62A E64A  99 280   132    30   9.8   3.5   7.5
E62A EDEY 101 286   573    30   8.5   1.6   5.5
E62A EMMW 142 324   267    30  12.9   1.1  11.1
E62A F60A 250  68   201    30   4.7  10.7   9.0
E62A F61A 238  57   134    30   6.9  10.0  11.3
E62A F62A 203  23    87    30   6.5   5.1   6.2
E62A F64A 132 313   124    30  12.9   2.0  10.3
E62A G57A 250  66   456    30   1.5   9.9   6.8
E62A G59A 240  58   332    19   1.2   2.0   2.0
E62A G61A 227  46   215    30   1.9   6.0   3.8
E62A G62A 207  26   174    30   4.6   5.5   5.0
E62A G63A 183   3   167    30  12.5   4.2  12.3
E62A  GGN 128 310   267    30  13.3   0.4  11.1
E62A H62A 210  29   261    30   5.4   5.1   5.5
E62A H63A 191  10   221    30   6.4   6.7   7.3
E62A H64A 174 354   221    29  15.7   3.1  12.4
E62A H65A 155 336   236    30  18.3   4.7  16.0
E62A HOLY  91 274   235    30  13.9   1.3  12.1
E62A I57A 240  56   566    30   1.7  11.4   7.9
E62A I60A 225  42   427    27   1.0   3.2   2.5
E62A I62A 206  24   337    30   5.2   5.7   4.1
E62A I63A 197  16   297    30   7.2   5.3   6.2
E62A I64A 182   2   300    30   9.4   2.4   8.6
E62A  ICQ  27 208   364    30   5.7   6.0   3.8
E62A J59A 230  46   526    30   1.1   5.6   3.0
E62A J62A 206  25   418    30   4.1   4.9   5.5
E62A J63A 199  18   391    30   4.7   3.4   4.8
E62A K60A 219  36   564    30   1.4   6.4   5.2
E62A K62A 207  25   489    30   3.9   7.0   5.7
E62A L63A 198  17   554    30   4.0   4.3   6.0
E62A L65A 185   5   512    30   9.9   4.2   8.4
E62A M66A 185   5   598    30   3.1   1.9   3.3
E62A N62A 208  25   707    30   3.6   3.1   6.0
E62A PLVO 256  71   612    30   0.5   5.2   4.2
E62A QM38 320 139   155    30   0.6  12.6  11.4
E62A QMM5   6 187   473    30   0.4   8.5   4.3
E62A SUSY 106 289   331    30   9.0   3.4   7.9
E62A VLDQ 289 103   645    30   0.1   7.6   4.5
E62A  WES 198  16   492    30   1.5   5.1   5.8
E62A WODY 112 296   413    30   8.4   3.4   7.2
E64A EMMW 171 351   192    60  10.2   6.7  10.0
E64A F57A 265  80   535    60   0.5  14.3  10.7
E64A F60A 263  80   322    60   1.4  11.8   9.3
E64A F61A 260  77   249    60   3.2  16.8  13.0
E64A F62A 251  70   175    60   3.6  15.6  13.2
E64A F64A 213  33    74    60   8.3   6.1   7.7
E64A G59A 252  68   442    49   1.5   4.4   3.1
E64A G61A 248  65   314    60   2.6  11.6   9.4
E64A G62A 239  57   249    60   6.6  14.4  12.4
E64A G63A 225  43   201    60   5.5  10.3   8.6
E64A  GBN 101 285   503    60  13.7   2.7  12.2
E64A  GGN 152 332   164    60  14.8   6.9  14.2
E64A H61A 238  55   383    60   4.6  16.0  14.1
E64A H62A 233  51   331    60   3.3  13.0  12.2
E64A H63A 222  41   260    60   6.7  10.4   9.1
E64A H64A 209  28   225    59   9.4   9.8  12.1
E64A H65A 190  10   194    60  13.8   6.0  11.9
E64A  HAL 119 302   386    60  13.9   0.3  13.8
E64A HANN 126 306   101    60   9.5   1.4   7.1
E64A HOLY  83 264   105    60  11.4   5.9   9.4
E64A I57A 249  63   674    60   0.1  19.7  15.5
E64A I60A 238  54   516    57   3.2  17.0  13.8
E64A I62A 226  43   395    60   3.7  15.4  12.0
E64A I63A 220  38   340    60   7.8  10.6  10.5
E64A I64A 208  26   312    60   5.7   6.3   6.0
E64A  ICQ   7 187   348    60   2.5  11.9  10.9
E64A J59A 240  56   620    60   1.5  15.7  13.2
E64A J62A 223  40   474    60   4.4  17.9  16.2
E64A J63A 218  35   433    60   4.4  11.2   9.7
E64A JOSY 149 330   279    30  17.8   2.5  15.4
E64A K60A 231  47   640    60   1.2  13.1  10.0
E64A K62A 222  38   544    60   6.3  13.1  12.8
E64A L63A 212  30   590    60   6.9   9.0   9.0
E64A L65A 201  19   519    60  12.6   7.6  10.8
E64A LATQ 288 104   392    60   2.4  10.4   7.2
E64A  LMN 104 286   242    56  10.1   3.1   7.8
E64A LSQQ 296 110   746    28   0.5   7.2   3.7
E64A M66A 199  17   602    60   7.2   6.0   5.5
E64A MALY 100 283   353    60  14.8   3.3  13.7
E64A N62A 219  35   760    60   0.9  12.9  10.8
E64A NATG  39 223   568    56  10.4   1.0   8.4
E64A PLVO 261  75   735    60   0.7   8.8   5.4
E64A QM16 184   4   135    60  12.9   1.6  11.1
E64A QM38 302 120   269    60   0.6  14.7  12.4
E64A QM50 309 126   364    30   1.0  11.2   9.9
E64A QM60 309 124   513    30   1.9   9.0   6.1
E64A QMM5 352 171   497    60   2.1  21.6  21.0
E64A SHEY 105 290   476    60  14.9   2.1  14.7
E64A SUSY 112 294   201    60  13.8   3.1  11.2
E64A VLDQ 288 101   776    60   1.1   6.4   4.5
E64A  WES 213  31   527    60   6.2   5.7   7.1
E64A WODY 120 302   287    60  14.2   3.1  13.4
EDEY EMMW 260  77   413    60   0.8   7.3   4.7
EDEY F57A 277  88   965    60   0.6   0.9   0.3
EDEY F62A 278  92   598    60   1.4   4.3   2.9
EDEY G62A 271  85   644    60   1.6   4.8   3.4
EDEY  GBN  93 274    63    60   3.1   1.4   1.1
EDEY  GGN 266  83   357    60   1.6   5.5   4.9
EDEY H61A 266  79   764    60   0.8   3.2   2.7
EDEY H64A 263  78   551    59   1.4   3.4   3.0
EDEY H65A 262  78   474    60   0.2   7.0   5.1
EDEY  HAL 229  48   134    60   4.8   6.3   4.9
EDEY HANN 280  96   350    60   0.1   4.5   1.7
EDEY I62A 260  73   736    60   1.3   5.4   6.0
EDEY I63A 260  74   672    60   0.9   3.4   2.7
EDEY  ICQ 322 139   587    60   2.0   3.4   2.5
EDEY J59A 262  73   993    60   0.8   2.5   2.2
EDEY J63A 254  68   738    60   2.3   3.3   4.0
EDEY JOSY 247  65   320    30   6.1   9.6   8.4
EDEY K60A 255  67   978    60   2.3   2.8   3.4
EDEY L65A 241  56   729    60   2.8   2.8   1.8
EDEY  LMN 284 102   199    56   0.3   3.2   4.6
EDEY MALY 296 116    90    60   2.5   3.8   3.1
EDEY QM16 269  85   442    60   1.3  10.1   6.4
EDEY QM50 298 111   784    30   0.7   4.1   1.5
EDEY QMM5 324 139   770    60   0.8   2.2   3.4
EDEY SHEY 143 323    43    60   4.3   2.3   3.9
EDEY  WES 248  62   798    60   0.6   2.2   2.3
EDEY WODY 259  77   188    60   1.4   6.3   4.8
EMMW F60A 293 110   379    60   1.5  16.0  14.2
EMMW F61A 298 116   311    60   0.9  14.7  11.8
EMMW F62A 305 123   237    60   6.2  14.9  13.5
EMMW F64A 332 151   146    60   5.3  13.3  12.1
EMMW G59A 277  93   454    49   0.5   2.7   1.4
EMMW G61A 283 100   327    60   1.6  13.7  10.0
EMMW G62A 284 102   249    60   2.5  14.7  13.8
EMMW G63A 286 104   177    60   3.4  10.6   8.8
EMMW  GBN  78 263   475    60  12.7   7.2   9.2
EMMW  GGN  47 227    67    60   7.7   5.9   8.0
EMMW H62A 268  86   294    60   1.1   8.1   6.4
EMMW H64A 268  86   140    59   3.9  10.0   6.9
EMMW H65A 269  89    63    60   1.9   9.2   7.0
EMMW  HAL  90 273   307    60  12.8   5.1  13.0
EMMW HANN  22 203   141    60  12.3  14.5  15.2
EMMW HOLY  21 201   216    60  10.3  13.4  14.0
EMMW I57A 265  80   660    60   1.3  11.8  10.3
EMMW I60A 260  76   475    57   4.3  14.7  12.8
EMMW I62A 255  72   323    60   3.1  12.7  11.1
EMMW I64A 244  63   195    60   2.4  11.7   8.3
EMMW  ICQ   1 182   535    60   0.8  16.9  12.6
EMMW J59A 259  74   581    60   0.4  17.1  13.2
EMMW J62A 246  63   386    60   0.7  13.5  11.2
EMMW J63A 243  60   331    60   1.5  11.6   6.6
EMMW JOSY 113 294   125    30  12.0   4.9   9.2
EMMW K60A 248  64   568    60   1.6  13.5  11.2
EMMW K62A 241  58   447    60   1.7  12.1  10.0
EMMW L63A 228  45   462    60   6.2  10.8  11.0
EMMW L65A 216  34   364    60  10.5  12.9  12.2
EMMW LATQ 308 124   508    60   1.9  13.6  10.8
EMMW  LMN  58 239   244    56   7.6   2.3   5.2
EMMW LSQQ 307 120   871    28   2.6   9.7   7.7
EMMW M66A 211  29   441    60   5.0   7.2   6.4
EMMW MALY  68 251   344    60   8.3   4.6   6.4
EMMW N62A 232  48   646    60   2.1   9.4   7.5
EMMW NATG  28 211   712    56   4.6   5.2   4.7
EMMW QM16 325 145    68    60   3.5   9.6   9.7
EMMW QM38 323 140   421    60   0.3  19.7  18.0
EMMW QM50 323 140   522    30   1.6  16.7  14.3
EMMW QMM5 352 171   690    60   3.9  19.5  17.7
EMMW SHEY  82 266   434    60  12.9   2.5   8.9
EMMW SUSY  54 236   195    60  12.3   6.1   9.9
EMMW VLDQ 300 112   880    60   0.1  11.0   7.1
EMMW  WES 232  49   405    60   3.0  10.2   8.6
EMMW WODY  78 260   225    60  14.4   7.4  12.5
F57A F60A  84 266   213    60  14.1   2.6  11.5
F57A F61A  85 268   288    60  11.6   0.1   8.4
F57A F62A  87 270   367    60   6.7   0.8   5.2
F57A F64A  87 272   493    60  11.4   1.1   7.9
F57A G57A 196  16    82    60   5.9   3.0   4.3
F57A G59A 124 305   144    49  12.7   3.7  12.7
F57A G61A 102 285   254    60  15.5   3.8  13.6
F57A G63A  99 283   404    60  17.3   1.7  15.6
F57A  GBN  88 277  1028    60   7.4   0.8   4.2
F57A H61A 122 304   260    60  17.3   1.9  15.5
F57A H62A 115 298   310    60  18.3   3.8  16.7
F57A H63A 108 291   387    60  14.4   0.3  11.5
F57A H64A 105 289   449    59  16.2   2.6  13.2
F57A H65A 101 286   521    60  16.6   2.6  13.8
F57A  HAL  95 282   881    60  11.8   1.9  10.5
F57A HANN  86 272   615    60   8.9   2.1   5.6
F57A I57A 200  20   222    60   5.8   6.0   7.2
F57A I60A 153 334   245    57  10.3   2.8   8.4
F57A I62A 128 310   342    60  23.7   3.5  21.3
F57A I63A 120 303   379    60  21.1   3.1  18.6
F57A I64A 116 300   452    60  20.4   1.8  16.4
F57A  ICQ  51 236   693    60  13.6   1.7  10.9
F57A J59A 177 357   261    60   7.1   6.6   5.6
F57A J63A 133 316   402    60  25.1   2.4  22.1
F57A JOSY 101 287   705    30  12.2   1.3   9.0
F57A K60A 169 350   361    60   9.3   2.6   6.7
F57A K62A 150 332   401    60  14.1   1.8   9.9
F57A L63A 149 332   504    60  12.2   0.8   8.9
F57A L65A 137 320   562    60  22.0   0.1  18.0
F57A LATQ  39 221   228    60   9.4   4.5   6.9
F57A  LMN  86 273   768    56   4.2   2.7   3.8
F57A LSQQ 335 154   400    28   2.4   7.8   7.1
F57A M66A 142 325   626    60   9.8   3.9   9.2
F57A MALY  86 274   881    60   9.4   0.1   9.9
F57A N62A 169 350   551    60   9.2   4.0   7.6
F57A NATG  56 245  1014    56   6.2   2.2   5.6
F57A PLVO 246  64   205    60   6.2  12.5  10.9
F57A QM16  95 280   531    60   5.4   0.3   3.6
F57A QM38  53 236   359    60  11.8   1.5   8.9
F57A QM50  37 220   369    30   6.5   5.4   5.6
F57A QM60  15 196   387    30   0.4   3.8   0.5
F57A QMM5  36 220   710    60   8.0   3.4   5.7
F57A SUSY  88 274   720    60   8.7   0.9   7.3
F57A VLDQ 320 137   352    60   2.2  22.8  19.0
F57A  WES 143 326   467    60  11.6   0.5  10.1
F60A F61A  89 270    74    60   9.3   8.0   9.8
F60A F62A  92 274   154    60   8.4   4.5   7.8
F60A F64A  91 274   280    60  11.4   3.8  10.1
F60A G57A 249  67   256    60   0.7  10.3   6.8
F60A G59A 225  44   138    49   1.3   3.4   1.1
F60A G61A 156 337    83    60  12.8   3.2  12.0
F60A G62A 126 307   139    60  13.4   3.7  12.6
F60A G63A 117 298   205    60  15.8   4.7  14.4
F60A  GBN  91 278   815    60  11.3   0.6   8.0
F60A H61A 179 359   161    60   6.6   6.6   6.0
F60A H62A 158 338   167    60  16.4   3.6  14.3
F60A H63A 133 315   209    60  16.1   3.2  14.5
F60A H64A 124 306   260    59  16.8   3.9  14.7
F60A H65A 115 297   323    60  20.1   5.5  17.4
F60A  HAL 100 286   672    60  11.4   0.5   9.3
F60A HANN  90 273   402    60   9.8   1.2   7.0
F60A HOLY  80 264   428    60  11.7   2.5   9.4
F60A I57A 234  51   370    60   1.3  13.5   9.8
F60A I60A 205  24   259    57   5.5   7.2   6.3
F60A I62A 168 348   238    60  13.3   7.5  12.6
F60A I64A 140 322   292    60  17.1   4.3  17.1
F60A  ICQ  40 223   528    60  11.1   4.3   9.2
F60A J59A 217  35   344    60   0.5   9.3   6.7
F60A J62A 178 358   305    60  12.4   6.7  10.1
F60A J63A 167 347   307    60  15.3   4.1  12.3
F60A JOSY 110 294   504    30  13.3   1.6  10.8
F60A K60A 203  22   403    60   3.6   9.4   7.5
F60A K62A 184   3   368    60   7.0   4.7   4.9
F60A L63A 176 357   457    60   9.9   4.1   8.4
F60A L65A 160 341   463    60  17.7   1.3  16.3
F60A LATQ 338 158   170    60   5.7  16.5  15.7
F60A  LMN  89 274   554    56  12.5   2.1   9.6
F60A MALY  89 275   667    60  11.4   1.1   8.7
F60A N62A 193  12   573    60   3.9   3.0   5.2
F60A PLVO 257  74   413    60   0.2  15.5  10.7
F60A QM16 104 287   323    60   8.1   2.2   6.4
F60A QM38  23 204   207    60   5.1   7.7   4.7
F60A QM50   5 185   272    30   2.3  11.6   7.1
F60A QMM5  22 204   590    60   3.1   4.6   2.7
F60A SUSY  91 275   507    60  14.2   1.9  12.6
F60A VLDQ 301 117   505    60   2.3  21.7  17.0
F60A  WES 173 353   401    60  11.6   4.7  11.8
F61A F62A  96 277    80    60  10.6   4.7   9.8
F61A F64A  92 274   205    60   7.9   5.0   7.4
F61A G57A 254  71   327    60   0.7  12.6   8.1
F61A G59A 241  59   198    49   1.5   2.5   2.4
F61A G61A 209  28    87    60   6.1   7.3   7.0
F61A G62A 157 337    91    60  13.9   5.1  12.7
F61A G63A 131 312   144    60  14.5   2.5  12.4
F61A  GBN  91 278   741    60   7.1   1.5   4.4
F61A  GGN 105 288   338    60  15.0   2.2  13.8
F61A H61A 205  24   177    60   6.5   9.9  11.3
F61A H62A 185   5   156    60  10.4   5.4   9.6
F61A H63A 152 333   164    60  18.7   2.4  14.3
F61A H64A 136 317   203    59  13.4   4.5  13.6
F61A H65A 122 304   258    60  14.1   2.8  14.3
F61A  HAL 102 287   599    60  11.4   1.6   8.6
F61A HANN  90 273   328    60   9.8   2.0   7.7
F61A HOLY  78 262   354    60  12.4   3.8  10.2
F61A I57A 240  57   432    60   0.7  13.2  10.7
F61A I60A 218  37   298    57   7.5   6.2   5.6
F61A I62A 187   7   235    60  11.5   8.2  10.3
F61A I63A 171 352   216    60  19.5   4.0  15.4
F61A I64A 154 335   252    60  19.6   3.1  18.3
F61A  ICQ  34 217   483    60   8.2   4.8   8.8
F61A J59A 226  44   394    60   3.6  10.9   8.9
F61A J62A 192  12   312    60  10.1   7.1  11.2
F61A K60A 213  31   439    60   2.6   7.9   6.4
F61A K62A 196  15   381    60   9.5   9.5   9.4
F61A L63A 186   6   459    60   8.7   4.3   8.0
F61A L65A 170 351   445    60  14.2   2.9  12.7
F61A LATQ 319 138   208    60   1.8  20.7  17.7
F61A  LMN  89 274   480    56  12.8   1.4   8.7
F61A LSQQ 309 125   566    28   1.4  16.1  12.2
F61A M66A 172 353   528    60  14.6   4.7  11.0
F61A MALY  89 275   593    60  11.2   2.3   8.8
F61A N62A 201  19   595    60   5.0   5.2   5.6
F61A NATG  49 235   774    56   9.1   1.1   7.8
F61A PLVO 260  76   486    60   2.2  13.9  12.4
F61A QM16 109 291   252    60  10.6   1.1   8.1
F61A QM38   3 183   189    60   6.2  11.4  10.6
F61A QM50 350 169   275    30   3.2  18.7  16.3
F61A QMM5  16 198   565    60   3.1  13.7  11.3
F61A SHEY  94 281   709    60  12.0   1.6   6.3
F61A SUSY  92 276   433    60  13.5   1.9   9.2
F61A VLDQ 298 113   569    60   3.0  17.5  14.0
F61A  WES 184   4   400    60   6.3   3.9   8.0
F61A WODY  99 283   504    60  11.6   3.1  10.7
F62A F64A  91 272   126    60   7.7   2.6   6.0
F62A G57A 259  76   402    60   0.2  12.8  12.0
F62A G61A 241  60   140    60   5.6   8.3   7.9
F62A G62A 211  30    87    60   4.4  11.4   8.9
F62A G63A 163 343    91    60  13.3   4.9  13.3
F62A  GBN  92 278   661    60   6.7   0.8   2.9
F62A  GGN 108 291   259    60  16.3   1.2  13.9
F62A H61A 226  45   217    60   4.3  13.3   9.4
F62A H62A 213  32   174    60   8.5  12.6  10.8
F62A H63A 182   2   137    60  10.4   3.2   9.3
F62A H64A 157 338   151    59  15.7   2.5  13.4
F62A H65A 134 315   190    60  13.6   1.4  11.5
F62A  HAL 103 288   519    60   8.2   2.0   6.9
F62A HANN  89 272   248    60  12.9   4.4  10.5
F62A HOLY  74 257   279    60  14.6   3.4  12.0
F62A I57A 246  62   499    60   0.8  18.8  15.8
F62A I60A 230  48   348    57   5.0   6.7   6.5
F62A I62A 206  25   249    60  11.3  10.2  11.3
F62A I63A 194  13   211    60  10.4   4.7   9.6
F62A I64A 173 353   221    60  17.1   6.4  14.9
F62A  ICQ  26 208   451    60   6.1   7.2   7.3
F62A J59A 235  52   450    60   2.7   8.5   7.9
F62A J62A 207  26   331    60   4.0   7.3   6.9
F62A J63A 197  16   304    60   9.3   8.2  10.1
F62A JOSY 119 302   360    30  13.5   2.6   9.3
F62A K60A 222  39   480    60   4.4  13.0  10.3
F62A K62A 208  26   402    60  10.6  11.3  12.9
F62A L63A 197  16   467    60   7.8   8.2   8.0
F62A L65A 181   1   430    60  14.5   6.2  11.9
F62A LATQ 308 126   272    60   1.5  16.0  13.0
F62A  LMN  89 273   401    56  11.1   0.7   8.3
F62A M66A 182   1   515    60   5.5   0.6   3.6
F62A MALY  89 274   514    60  13.0   4.7  11.3
F62A N62A 208  26   620    60   3.3   6.5   7.4
F62A NATG  45 230   722    56   3.7   3.8   2.9
F62A PLVO 263  78   564    60   0.7  12.4   7.6
F62A QM16 115 297   175    60   9.4   1.3   8.3
F62A QM38 341 161   209    60   5.0  19.6  17.5
F62A QM50 336 155   307    30   2.4  16.5  15.3
F62A QMM5   9 189   557    60   2.7  12.9   9.1
F62A SHEY  95 281   629    60  11.0   2.0   9.9
F62A SUSY  92 275   353    60  13.2   0.7  10.1
F62A  WES 196  15   405    60   7.3   4.5   6.4
F62A WODY 100 284   424    60   7.6   4.0   5.9
F64A G57A 263  78   525    60   0.3  15.2  13.1
F64A G61A 257  74   256    60   2.2  15.3  14.1
F64A G62A 248  66   185    60   2.2  14.2  11.8
F64A G63A 230  50   129    60   3.7  12.5   9.7
F64A  GBN  93 278   535    60   7.5   0.5   4.2
F64A  GGN 125 306   144    60  12.1   1.8   9.9
F64A H61A 243  61   318    60   1.4  13.9  13.0
F64A H62A 238  56   263    60   3.9  14.8  12.1
F64A H63A 225  44   188    60   7.3  11.1   9.2
F64A H64A 207  26   152    59   9.8   7.8   8.1
F64A H65A 176 356   130    60  14.1   5.6  13.4
F64A HANN  88 270   123    60  10.2   3.4   8.7
F64A HOLY  62 244   163    60  12.9   4.1  10.3
F64A I60A 242  58   450    57   0.6  11.8  11.1
F64A I62A 228  46   323    60   6.9  15.7  15.3
F64A I63A 222  40   268    60   6.6   8.6   9.8
F64A I64A 206  25   239    60   6.0   8.2   7.2
F64A  ICQ  11 192   415    60   6.8  15.8  14.8
F64A J59A 244  59   556    60   0.7  14.0   9.7
F64A J62A 224  42   402    60   5.8  14.3  12.0
F64A J63A 218  36   360    60   4.2  14.8  11.6
F64A JOSY 133 315   256    30  11.7   1.6   9.9
F64A K60A 233  49   571    60   2.8  14.7  10.8
F64A K62A 222  40   472    60   5.3  15.3  13.3
F64A L63A 212  29   516    60   3.4   9.1   8.0
F64A L65A 198  17   447    60   9.8   7.4   8.0
F64A LATQ 298 115   379    60   1.9  17.3  13.5
F64A  LMN  89 271   275    56  10.9   2.6   8.4
F64A LSQQ 302 115   741    28   2.1  12.6   9.5
F64A M66A 196  15   531    60   4.2   3.7   2.5
F64A MALY  89 273   388    60  14.2   7.2  13.4
F64A N62A 219  35   687    60   0.3  11.5   7.6
F64A NATG  38 222   642    56  10.3   4.1   8.6
F64A PLVO 265  79   688    60   0.1  14.8  12.3
F64A QM16 157 337    79    60   8.8   1.5   7.8
F64A QM38 317 136   278    60   1.6  15.5  12.5
F64A QMM5 357 176   555    60   0.3  14.3  10.5
F64A SHEY  97 282   504    60  13.1   0.3   9.2
F64A SUSY  93 275   227    60  13.3   4.6  11.9
F64A VLDQ 293 106   760    60   1.2  10.8   9.7
F64A  WES 213  31   454    60   6.8  12.0  10.8
F64A WODY 105 288   300    60   9.2   4.0   8.5
G57A G62A  86 269   350    60  10.9   0.9   9.7
G57A  GGN  87 273   641    60  12.5   1.5   8.7
G57A H61A 104 286   250    60  18.1   0.9  16.9
G57A H62A 100 282   308    60  17.2   0.2  15.5
G57A H63A  95 279   394    60  18.3   1.8  14.9
G57A H64A  94 278   458    59  17.9   2.8  15.3
G57A  HAL  89 277   901    60   9.8   1.8   6.9
G57A HANN  79 265   648    60   9.8   0.5   7.0
G57A HOLY  74 260   681    60   9.7   1.3   7.7
G57A I57A 203  22   140    60   3.9   6.7   4.6
G57A I60A 135 317   194    57  18.1   2.8  16.8
G57A I62A 114 296   321    60  19.0   0.7  18.6
G57A  ICQ  47 233   762    60  11.5   1.5   9.3
G57A J59A 168 348   186    60  12.4   5.6  12.1
G57A J62A 128 311   328    60  21.1   0.9  18.1
G57A J63A 122 304   372    60  18.9   3.5  18.1
G57A JOSY  94 281   717    30   8.1   1.3   5.2
G57A K60A 162 343   290    60  13.2   4.3  11.2
G57A K62A 140 322   350    60  16.3   0.5  16.5
G57A L63A 142 324   452    60  19.8   0.5  17.1
G57A L65A 129 312   525    60  19.8   0.6  16.9
G57A LATQ  33 215   305    60  11.0   5.2   8.5
G57A  LMN  80 268   800    56  14.5   1.7  11.3
G57A LSQQ 342 160   465    28   1.1   7.2   5.0
G57A N62A 165 346   480    60  10.4   1.4   8.1
G57A NATG  53 242  1078    56   5.6   1.4   2.6
G57A PLVO 268  87   165    60   4.3  14.3  14.7
G57A QM38  47 230   427    60  11.2   5.2  10.3
G57A QM50  33 216   446    30   4.5   3.9   4.6
G57A QMM5  34 218   787    60   6.0   7.0   7.4
G57A SHEY  85 274  1022    60   8.4   1.7   4.4
G57A VLDQ 329 147   403    60   1.2  12.8  10.6
G57A  WES 134 317   422    60  15.1   1.9  13.6
G57A WODY  86 274   812    60  10.7   2.4   7.2
G59A G61A  80 261   132    49   5.6   1.5   5.6
G59A G62A  85 267   209    49   6.4   0.1   7.8
G59A G63A  88 270   280    49   5.9   0.2   5.6
G59A  GBN  84 272   916    49   1.5   0.1   1.9
G59A H62A 109 290   170    49  10.1   2.9   8.8
G59A H63A 100 282   253    49  11.7   1.4   8.7
G59A HANN  78 262   509    49   5.4   1.4   2.3
G59A HOLY  71 255   546    49   1.7   2.7   1.5
G59A I60A 184   4   138    46   8.1   1.7   7.5
G59A I62A 132 313   199    49  13.9   0.8  10.9
G59A I64A 113 296   310    49  10.1   0.0   8.5
G59A  ICQ  40 224   666    49   3.7   0.8   2.5
G59A J59A 211  30   208    49   1.8   6.3   5.5
G59A J62A 152 332   233    49  10.2   0.5   6.8
G59A J63A 139 321   261    49  14.5   2.5  14.6
G59A JOSY  97 282   575    19   8.0   1.4   5.6
G59A K60A 192  11   280    49   2.7   0.1   1.5
G59A K62A 164 345   279    49   5.1   0.2   2.0
G59A L63A 160 341   379    49   7.3   1.2   6.7
G59A LATQ   7 187   258    49   2.2   2.1   4.4
G59A M66A 149 331   491    49   2.8   1.2   2.2
G59A MALY  81 268   772    49   2.2   1.1   3.1
G59A NATG  50 237   969    45   0.3   1.1   1.2
G59A PLVO 271  88   307    49   0.2   8.1   6.7
G59A QM38  31 213   339    49   4.2   2.3   3.7
G59A QM50  17 198   388    30   1.0   1.1   1.2
G59A SUSY  81 266   611    49   1.9   1.3   3.1
G59A VLDQ 316 133   492    49   2.1  11.0   8.5
G59A  WES 153 334   335    49   6.2   2.3   4.8
G61A G62A  95 276    78    60  10.7   1.8   9.8
G61A G63A  96 278   151    60  12.8   5.3  12.6
G61A  GBN  85 273   784    60  13.6   0.4   9.9
G61A H61A 201  20    90    60   7.3   8.3   8.1
G61A H62A 159 340    84    60  13.4   4.0  12.8
G61A H63A 120 301   136    60  13.4   2.3  12.0
G61A H64A 111 292   195    59  16.9   3.3  14.5
G61A H65A 103 285   267    60  16.2   2.8  14.6
G61A  HAL  94 279   630    60  15.3   1.1  12.9
G61A HANN  78 262   377    60   8.6   2.8   7.2
G61A HOLY  69 252   416    60  12.5   6.1  11.8
G61A I57A 247  64   360    60   0.6  17.1  14.1
G61A I60A 222  41   213    57   6.9  11.9  11.1
G61A I62A 174 355   157    60  11.8   5.9  10.8
G61A I63A 151 332   156    60  15.8   1.5  14.3
G61A I64A 135 316   213    60  19.5   2.7  17.2
G61A  ICQ  33 216   570    60   8.1   6.5   9.2
G61A J59A 231  49   312    60   5.5  12.1  10.8
G61A J62A 186   6   230    60   7.3   8.2   6.4
G61A J63A 171 351   225    60   9.2   4.7   8.7
G61A JOSY 103 286   451    30  11.1   2.7   9.3
G61A K60A 213  32   352    60   5.0   8.3   8.5
G61A K62A 191  11   296    60  11.2  11.2  12.0
G61A L63A 181   1   380    60   7.9   2.5   5.8
G61A L65A 161 342   380    60  17.3   1.7  14.8
G61A LATQ 338 157   253    60   2.0  18.5  16.1
G61A  LMN  81 265   528    56  17.5   1.8  12.1
G61A LSQQ 317 133   589    28   1.9  12.5  10.2
G61A M66A 165 346   461    60  12.0   0.4   8.8
G61A N62A 199  17   509    60   3.8   4.3   5.5
G61A NATG  46 233   857    56   3.9   1.0   3.0
G61A QM16  90 273   281    60   8.5   0.9   7.1
G61A QM38  11 191   271    60   7.7  10.3   9.9
G61A QM50 358 178   348    30   3.6   8.8   6.6
G61A QMM5  17 199   651    60   2.5   4.7   4.0
G61A SHEY  88 275   749    60   9.4   3.6   7.1
G61A SUSY  82 266   479    60  13.6   2.0  12.3
G61A  WES 177 357   322    60   9.6   6.0   9.3
G61A WODY  90 275   540    60   8.4   1.7   6.8
G62A G63A  99 279    73    60   9.8   4.4   9.0
G62A  GBN  85 271   707    60  11.8   1.7   9.4
G62A H61A 235  55   135    60   5.9  11.8  10.5
G62A H62A 215  34    87    60   6.5   7.4   7.9
G62A H63A 147 328    73    60  13.5   3.0  11.5
G62A H64A 121 302   122    59  10.6   2.5   9.9
G62A H65A 107 289   189    60  15.4   0.3  14.0
G62A  HAL  94 279   552    60  18.2   0.2  14.6
G62A HANN  75 257   303    60  12.1   3.7   9.5
G62A HOLY  64 247   348    60  11.8   4.0   9.9
G62A I60A 236  54   267    57   5.8  10.4   9.1
G62A I62A 203  23   162    60  10.8   6.7   9.0
G62A I63A 182   2   130    60  10.3   5.2   8.3
G62A I64A 153 334   161    60  15.1   5.8  13.7
G62A  ICQ  26 208   538    60   8.2   4.5   3.6
G62A J59A 240  57   372    60   0.3  12.2  11.2
G62A J62A 205  24   244    60   7.7   9.2   8.9
G62A J63A 192  11   220    60   8.6   6.2   8.1
G62A JOSY 105 288   373    30  11.8   1.4  10.4
G62A K60A 224  42   395    60   1.7  14.0  11.2
G62A K62A 206  25   315    60  11.9  12.9  13.7
G62A L63A 194  13   383    60   7.4   6.9   7.4
G62A L65A 174 354   356    60  10.8   5.7   8.6
G62A LATQ 325 143   297    60   4.3  17.4  16.6
G62A  LMN  79 263   453    56  12.2   0.2   9.0
G62A M66A 176 356   441    60  10.5   2.3   5.8
G62A MALY  81 266   564    60   9.1   1.0   7.6
G62A N62A 208  26   533    60   4.5  12.4   9.9
G62A PLVO 270  85   515    60   0.6  13.3  10.4
G62A QM16  89 271   203    60  10.2   0.1   9.2
G62A QM38 355 175   274    60   3.1  11.9  11.8
G62A QM50 347 166   365    30   0.0  18.0  15.0
G62A QM60 335 153   488    30   1.0  13.5   9.0
G62A QMM5  11 192   639    60   1.0   9.8   6.2
G62A SHEY  88 274   672    60   8.5   1.4   7.0
G62A SUSY  80 264   403    60  11.6   2.0   9.5
G62A  WES 192  11   321    60   6.2   6.5   7.4
G62A WODY  90 274   462    60   6.8   0.7   5.3
G63A  GBN  84 270   637    60  11.6   1.5   9.5
G63A  GGN  89 271   218    60  12.8   1.4  12.1
G63A H61A 251  69   194    60   3.4  13.8  12.2
G63A H62A 244  63   136    60   5.2  10.6  10.7
G63A H63A 213  33    60    60   4.7   7.7   5.7
G63A H64A 149 329    61    59  11.2   4.3  11.3
G63A H65A 113 294   118    60  14.8   5.8  12.8
G63A  HAL  94 278   479    60  19.1   0.4  17.7
G63A HANN  68 250   239    60  10.0   4.5   7.2
G63A HOLY  56 239   291    60  13.6   6.4  13.0
G63A I57A 257  73   498    60   1.3  12.1  11.6
G63A I60A 246  63   325    57   3.4  15.6  12.9
G63A I62A 225  44   194    60   4.3  12.1  11.4
G63A I63A 213  33   141    60   5.6   4.9   5.6
G63A I64A 181   1   133    60  11.2   5.9  11.4
G63A  ICQ  19 201   521    60   8.7  11.8  10.4
G63A J59A 247  63   431    60   2.8  13.8  11.1
G63A J62A 221  39   274    60   5.1  14.2  11.2
G63A J63A 210  29   235    60   6.1   9.2   8.6
G63A JOSY 107 290   301    30  16.1   2.0  13.2
G63A K60A 233  50   441    60   1.1  15.4  13.4
G63A K62A 219  37   344    60   6.5  11.6  10.7
G63A L63A 205  23   395    60   7.7   5.3   7.9
G63A L65A 186   6   345    60  10.1   7.4  10.4
G63A  LMN  76 259   385    56  14.0   4.2  13.8
G63A M66A 186   5   430    60   5.3   4.1   4.8
G63A N62A 215  33   561    60   4.5  13.8  12.4
G63A NATG  39 224   769    56   5.2   3.1   6.0
G63A QM16  85 266   132    60   7.9   1.6   7.4
G63A QM38 342 161   300    60   3.3  23.3  19.9
G63A QM60 329 147   531    30   2.3  13.1  10.7
G63A QMM5   5 186   640    60   2.6  11.5  10.5
G63A SHEY  87 273   600    60   7.2   1.6   6.3
G63A SUSY  77 260   334    60  14.0   3.1   9.5
G63A VLDQ 302 116   710    60   0.8  20.2  19.0
G63A  WES 205  24   333    60   5.4   5.3   6.7
G63A WODY  89 272   390    60   9.8   4.3   7.8
 GBN  GGN 267  84   419    60   4.9  13.7   8.7
 GBN H61A 267  80   827    60   1.7  17.2  15.2
 GBN H62A 266  80   766    60   1.4  17.6  13.7
 GBN H63A 266  80   676    60   1.7  11.4   9.2
 GBN H64A 265  79   613    59   2.2   7.4   4.5
 GBN H65A 264  79   536    60   3.1   8.9   7.9
 GBN  HAL 243  62   185    60   8.2  18.0  16.6
 GBN HANN 279  95   413    60   6.3  12.5  11.2
 GBN HOLY 290 106   403    60   0.6  10.4   7.7
 GBN I60A 264  75   950    57   1.4  11.2   9.2
 GBN I62A 261  74   797    60   1.1   8.6   5.8
 GBN I63A 261  75   734    60   2.4   8.0   4.4
 GBN I64A 258  73   665    60   4.4  12.7   9.8
 GBN J63A 256  69   798    60   2.2   7.2   7.3
 GBN JOSY 252  69   378    30   1.7  11.8   8.7
 GBN K60A 257  68  1038    60   0.6  15.0  12.6
 GBN K62A 254  67   911    60   2.1  16.1  14.3
 GBN L63A 248  61   904    60   2.4   9.3   7.4
 GBN L65A 244  58   783    60   3.0  12.9  10.9
 GBN LATQ 288 100   893    60   0.1   8.3   5.6
 GBN  LMN 282 100   262    56   5.1   9.7   8.4
 GBN M66A 240  54   837    60   1.7   5.7   3.8
 GBN MALY 287 106   150    60   6.2  15.1  12.7
 GBN N62A 247  59  1090    60   1.8  12.6   8.4
 GBN PLVO 274  83  1221    60   0.3   5.8   3.8
 GBN QM16 270  85   505    60   2.3  11.5   7.5
 GBN QM50 297 110   841    30   0.4   3.7   1.7
 GBN SHEY 231  50    48    60   7.6   9.1   9.0
 GBN SUSY 278  95   308    60   5.3   7.0   6.9
 GBN VLDQ 290  98  1275    60   1.6   5.1   4.4
 GBN  WES 250  64   856    60   0.4   6.7   2.9
 GBN WODY 263  81   250    60  12.0  17.2  17.4
 GGN H61A 262  79   408    60   2.1  12.6   9.0
 GGN H62A 261  78   346    60   3.9  14.9  13.7
 GGN H63A 260  78   257    60   1.0  12.7  10.7
 GGN H64A 255  73   195    59   3.8  12.0  10.0
 GGN H65A 248  67   120    60   5.8  11.3   9.5
 GGN  HAL 101 283   262    60  13.3   5.5  12.6
 GGN HANN   4 184    85    60   7.7  12.2  10.8
 GGN HOLY  10 191   159    60  12.0  16.8  18.1
 GGN I57A 263  76   713    60   0.9  17.1  10.8
 GGN I60A 257  72   532    57   0.8  16.6  12.0
 GGN I62A 250  67   383    60   0.9  14.7  12.5
 GGN I63A 250  67   320    60   5.6  13.9  12.2
 GGN I64A 240  58   259    60   5.6  14.3  12.3
 GGN  ICQ 356 176   491    60   1.5  12.2   8.5
 GGN J59A 256  71   638    60   2.1  18.4  15.4
 GGN J62A 244  60   450    60   1.6  13.1  10.5
 GGN J63A 240  57   395    60   0.4  15.1  11.4
 GGN JOSY 145 326   116    30  12.2   0.8   9.5
 GGN K60A 246  61   631    60   2.6  15.5  13.1
 GGN K62A 240  56   512    60   3.2  11.1   7.6
 GGN L63A 228  45   529    60   3.0   8.1   7.3
 GGN L65A 218  36   430    60   7.5  12.3  12.7
 GGN LATQ 301 117   522    60   1.5  19.0  15.9
 GGN  LMN  62 244   179    56  11.7   4.7   9.7
 GGN M66A 213  31   505    60   2.2   3.7   3.2
 GGN MALY  73 256   283    60  10.1   5.0   7.8
 GGN N62A 232  47   712    60   0.9   9.8   8.0
 GGN NATG  26 209   649    56   5.5   9.0   9.7
 GGN PLVO 273  86   805    60   1.1  12.1   7.2
 GGN QM16 277  96    88    60   1.7   8.9   7.2
 GGN QM38 314 131   419    60   1.7  15.9  13.3
 GGN QM50 317 133   519    30   0.4  14.6  10.1
 GGN SHEY  88 271   382    60   7.5   4.6   3.2
 GGN SUSY  58 239   129    60   9.6   4.5   7.9
 GGN VLDQ 296 108   902    60   0.4  21.7  18.1
 GGN  WES 231  48   471    60   2.4   9.9   8.5
 GGN WODY  90 272   172    60   8.3   7.3   6.5
H61A H62A  85 265    62    60   8.7   3.2   7.2
H61A H63A  84 265   151    60  10.6   2.1   8.4
H61A H64A  86 267   215    59  10.8   6.2  10.8
H61A H65A  85 268   293    60  12.1   2.9  10.1
H61A HANN  68 251   432    60  14.9   0.5  11.4
H61A HOLY  61 244   481    60  15.7   6.2  13.6
H61A I60A 236  55   133    57   4.5  11.0  10.0
H61A I62A 147 327    86    60  13.0   6.4  12.4
H61A I63A 116 297   120    60  13.0   2.3  12.2
H61A I64A 109 291   195    60  14.0   3.7  12.6
H61A  ICQ  31 214   659    60   9.3   3.8   6.7
H61A J62A 176 356   144    60   8.5   8.9   9.9
H61A J63A 153 334   154    60  13.9   3.3  12.2
H61A JOSY  91 276   472    30   8.6   4.3   7.7
H61A K60A 217  36   265    60   3.1  11.1   9.1
H61A K62A 187   7   208    60   9.1   5.8   7.9
H61A L63A 175 355   297    60  10.5   4.6   9.4
H61A L65A 151 332   316    60  19.7   1.6  14.8
H61A LATQ 349 168   325    60   3.9  19.7  16.5
H61A  LMN  73 258   579    56  20.4   1.2  15.8
H61A M66A 157 339   391    60  13.6   3.8  10.8
H61A MALY  75 261   688    60  11.7   2.3   8.2
H61A N62A 198  17   419    60   2.6   5.3   4.7
H61A NATG  44 230   939    56   5.5   0.4   2.4
H61A PLVO 280  96   411    60   0.2  19.6  17.5
H61A QM16  75 258   323    60  10.7   1.6  11.2
H61A QM38  13 194   360    60   4.5   6.8   5.8
H61A QM50   3 183   432    30   2.8   9.8   9.4
H61A QMM5  17 200   741    60   2.9   7.7   4.9
H61A SUSY  73 258   528    60  16.5   2.2  13.3
H61A VLDQ 314 130   606    60   1.0  21.7  19.0
H61A  WES 168 349   243    60   9.5   3.7   9.1
H62A H63A  83 264    89    60   8.6   1.6   6.3
H62A H64A  87 268   154    59  12.9   1.6  10.1
H62A H65A  86 268   231    60  11.6   1.4  10.1
H62A  HAL  87 272   600    60   5.8   2.4   5.3
H62A HANN  66 249   374    60  14.7   1.5  12.4
H62A HOLY  58 241   426    60  11.6   4.7  10.1
H62A I57A 260  77   367    60   2.1  13.6  11.2
H62A I60A 245  64   189    57   4.7  15.0  12.9
H62A I62A 191  10    79    60   4.4   5.3   4.7
H62A I63A 142 322    74    60  13.1   2.7  10.5
H62A I64A 120 301   142    60  12.5   2.8  11.5
H62A  ICQ  27 210   624    60   2.4   7.8   6.2
H62A J59A 246  64   295    60   0.2  14.8  12.3
H62A J62A 200  19   159    60   7.6   8.4   8.4
H62A J63A 177 358   144    60  12.0   6.2  11.6
H62A K60A 226  44   310    60   2.0  16.9  13.9
H62A K62A 203  22   229    60   9.2  13.9  13.2
H62A L63A 187   7   303    60   9.5   7.6  10.6
H62A L65A 162 343   297    60  16.8   2.4  15.0
H62A LATQ 339 157   337    60   2.0  20.7  19.3
H62A  LMN  72 256   519    56  11.8   0.4   6.8
H62A M66A 167 348   378    60  11.6   2.5   8.6
H62A MALY  75 260   628    60  12.3   2.7   8.5
H62A N62A 206  24   447    60   4.6   7.3   7.4
H62A NATG  42 228   893    56   7.5   2.8   7.3
H62A PLVO 278  94   471    60   3.0  19.0  17.7
H62A QM16  73 256   263    60  10.5   0.6   9.3
H62A QM38   4 184   345    60   2.0   4.5   3.5
H62A QM60 343 161   537    30   1.8  12.0   9.4
H62A SHEY  82 268   727    60  10.0   0.4   7.8
H62A SUSY  72 256   468    60   7.9   4.8   5.3
H62A VLDQ 311 126   647    60   1.6  17.4  16.4
H62A  WES 183   3   244    60   9.3   3.9   8.0
H62A WODY  81 266   517    60  12.1   1.8   9.3
H63A H64A  92 272    65    59   8.7   1.8   7.2
H63A H65A  88 269   142    60  10.8   1.3   9.5
H63A  HAL  88 273   511    60   8.4   2.1   5.1
H63A HANN  61 243   290    60  12.6   2.4  10.7
H63A HOLY  52 235   347    60   8.9   7.0   8.7
H63A I57A 262  78   456    60   3.3   8.7   7.7
H63A I60A 252  70   275    57   3.0  15.2  13.5
H63A I62A 230  49   136    60   6.4  12.7  11.9
H63A I63A 213  32    81    60   6.1   5.3   5.3
H63A I64A 159 339    88    60  12.3   0.3  10.2
H63A  ICQ  20 202   580    60   7.7   9.4  11.3
H63A J59A 251  68   382    60   1.4  14.4  11.7
H63A J62A 222  41   214    60   3.7  10.9   9.5
H63A J63A 209  28   175    60   6.4   8.0   7.5
H63A K60A 235  53   385    60   3.7  14.9  12.1
H63A K62A 219  38   284    60   6.9  10.1   9.3
H63A L63A 203  22   336    60   5.7  10.4   8.3
H63A L65A 180   0   292    60  11.3   4.5   9.9
H63A LSQQ 315 130   720    28   1.4  14.2  11.3
H63A M66A 181   1   378    60   4.0   1.1   3.3
H63A N62A 215  33   500    60   7.3  16.3  14.1
H63A NATG  38 224   829    56   4.2   0.7   3.1
H63A QM16  69 250   175    60   9.5   5.4   9.9
H63A QM38 350 169   341    60   4.2  16.5  14.0
H63A QM50 344 163   435    30   1.4  16.2  13.4
H63A QM60 335 152   560    30   0.1  14.1  11.8
H63A QMM5   7 188   694    60   3.5   7.5   5.5
H63A SHEY  82 268   638    60  11.9   0.6   7.8
H63A SUSY  70 254   380    60  12.8   2.9  11.9
H63A VLDQ 306 121   711    60   0.4  11.3   7.2
H63A  WES 203  22   273    60   6.0   7.7   7.6
H63A WODY  82 265   427    60  10.5   4.2   7.6
H64A H65A  85 266    77    59   9.2   5.4   8.5
H64A  HAL  88 272   447    59  13.2   0.5   9.7
H64A HANN  54 235   237    59  14.0   4.5  11.4
H64A HOLY  45 227   300    59  18.1   5.5  12.9
H64A I57A 264  79   520    59   0.3   8.4   9.5
H64A I60A 256  73   337    56   1.3  13.8  11.7
H64A I62A 244  63   189    59   4.6  13.3  11.8
H64A I63A 239  58   127    59   2.2   9.7   7.3
H64A I64A 203  22    87    59   8.2   7.4   8.9
H64A  ICQ  15 196   562    59   6.1  18.0  14.5
H64A J59A 255  71   443    59   0.5  12.7  10.1
H64A J62A 234  52   261    59   4.3  14.9  12.6
H64A J63A 225  44   212    59   4.9  14.5  12.6
H64A K60A 241  58   439    59   0.1  12.7  11.4
H64A K62A 229  47   328    59   8.0  16.8  15.1
H64A L63A 213  31   365    59   2.9   4.9   4.3
H64A L65A 193  13   298    59  12.7   6.8  10.9
H64A LSQQ 312 127   768    28   4.2   9.1   6.8
H64A M66A 192  11   383    59   6.7   5.5   6.3
H64A MALY  72 257   478    59  12.7   3.8  11.2
H64A N62A 222  39   539    59   0.8  11.6   8.1
H64A NATG  35 220   792    55   2.5   2.3   3.9
H64A QM16  57 238   118    59   8.3   4.7   8.5
H64A QM50 337 155   459    30   0.9  20.3  16.2
H64A SHEY  82 267   574    59  13.2   3.3  12.3
H64A SUSY  67 249   321    59  10.5   4.8   9.1
H64A  WES 215  33   303    59   3.8   7.5   6.3
H64A WODY  80 264   364    59  12.8   4.2  11.0
H65A  HAL  89 273   369    60  13.2   3.0  11.9
H65A HANN  41 222   176    60  11.7   7.6  13.0
H65A HOLY  34 215   246    60   9.4   7.1   8.6
H65A I57A 264  79   597    60   4.7  10.4  10.5
H65A I60A 259  75   414    57   2.0  14.4  11.3
H65A I62A 251  69   263    60   0.4  11.6   9.1
H65A I64A 233  52   140    60   5.6   8.8   9.0
H65A  ICQ   8 188   542    60   4.2  17.9  15.6
H65A J59A 257  73   519    60   1.8  16.8  13.8
H65A J62A 242  59   329    60   0.8  13.6   9.3
H65A J63A 236  54   276    60   3.6  10.6  10.7
H65A JOSY 104 286   184    30  10.6   0.3   9.2
H65A K62A 236  54   393    60   1.6  10.1   8.9
H65A L63A 222  40   417    60   6.9  16.0  14.7
H65A L65A 207  26   330    60  10.7  11.6  13.2
H65A M66A 203  21   412    60   5.4   1.9   3.7
H65A MALY  71 254   403    60  12.4   3.6  11.1
H65A N62A 227  44   597    60   0.8  10.8   7.8
H65A NATG  31 215   744    56   8.4   5.1   8.3
H65A PLVO 276  90   698    60   0.8  13.8  10.6
H65A QM16  22 202    62    60   4.4   9.3   8.4
H65A QM38 330 148   387    60   1.5  17.1  15.0
H65A QM50 329 146   489    30   1.0  13.5  11.8
H65A QM60 324 140   630    30   0.9   6.4   1.6
H65A QMM5 357 176   685    60   1.8  16.8  12.4
H65A SHEY  82 267   497    60  15.6   1.7  12.6
H65A SUSY  62 244   249    60  11.6   8.9  12.9
H65A  WES 225  43   357    60   6.8  12.9  12.0
H65A WODY  80 262   287    60  13.7   3.3  11.5
 HAL HANN 300 118   285    60   1.7  15.4  13.5
 HAL HOLY 314 132   307    60   0.8  15.8  13.4
 HAL I62A 265  80   624    60   0.1  13.6  10.6
 HAL I63A 266  81   561    60   0.9   9.3   5.4
 HAL I64A 263  79   489    60   0.9  14.1  10.7
 HAL  ICQ 334 151   611    60   2.1  15.1  12.3
 HAL J62A 260  74   678    60   1.4   8.0   7.0
 HAL J63A 259  73   619    60   2.7   8.9   6.6
 HAL JOSY 259  77   197    30   9.8  10.6  11.6
 HAL K60A 258  71   860    60   0.9  21.5  15.9
 HAL K62A 256  70   731    60   0.8  16.1  13.9
 HAL L65A 243  59   599    60   4.3  11.4  11.3
 HAL  LMN 325 144   165    56   2.8  13.9  12.6
 HAL MALY   8 188   130    60   7.1   9.1   9.4
 HAL N62A 246  60   906    60   2.7  10.5   6.8
 HAL NATG   5 186   631    56   2.8   5.9   4.9
 HAL PLVO 277  88  1066    60   2.9  10.1   8.9
 HAL QM16 282  99   350    60   0.2   5.9   2.5
 HAL QM50 307 121   747    30   0.0   6.8   5.7
 HAL QM60 308 121   896    30   1.3   5.3   3.5
 HAL SHEY  66 247   138    60  15.9   9.3  14.2
 HAL SUSY 310 129   188    60   1.8  14.9  14.4
 HAL WODY 302 121    99    60   4.1  11.7   9.9
HANN HOLY  18 198    75    60   9.9  11.8  11.6
HANN I57A 256  70   734    60   0.7  11.1   7.4
HANN I60A 249  64   563    57   1.3  10.7   9.3
HANN I62A 240  57   424    60   3.5  16.8  15.4
HANN I63A 237  55   363    60   6.1  16.3  12.9
HANN I64A 227  45   314    60   8.0  10.6   8.7
HANN  ICQ 355 174   407    60   1.2  11.1   6.6
HANN J59A 249  64   669    60   0.3  16.3  12.3
HANN J62A 235  52   498    60   3.9  14.2  12.6
HANN J63A 231  48   448    60   1.2  15.6  13.3
HANN JOSY 161 342   189    30  14.7   2.1  13.7
HANN K60A 240  55   674    60   0.6  11.0   9.1
HANN K62A 233  49   564    60   3.9  17.0  14.3
HANN L63A 223  39   592    60   0.8  17.7  11.4
HANN L65A 213  31   503    60   7.3  16.0  12.6
HANN LATQ 292 108   490    60   3.8  11.9  10.6
HANN  LMN  90 272   152    56   9.8   3.3   8.3
HANN LSQQ 298 111   846    28   1.6   5.8   4.3
HANN M66A 209  27   581    60   0.5   7.0   5.2
HANN MALY  91 273   265    60  10.9   5.7   8.1
HANN N62A 227  42   772    60   2.2  10.2   7.3
HANN NATG  30 213   572    56   7.6   6.3   7.6
HANN PLVO 267  80   811    60   1.3   9.8   6.1
HANN QM16 231  51   119    60   5.2   9.2   7.5
HANN QM50 309 125   465    30   0.2   9.9   5.9
HANN QM60 309 124   615    30   2.1   3.4   2.8
HANN SHEY 101 284   383    60   9.2   3.6   7.4
HANN SUSY 100 280   105    60   8.4   6.1   7.5
HANN VLDQ 291 103   873    60   0.3   7.7   5.1
HANN  WES 225  42   533    60   1.5   6.1   3.6
HANN WODY 117 299   186    60  15.5   1.1  10.4
HOLY I57A 252  65   777    60   2.0   9.3   7.5
HOLY I60A 243  59   614    57   1.7   9.1   8.0
HOLY I62A 234  51   483    60   6.0  11.9   9.9
HOLY I63A 231  48   424    60   7.2  11.8  12.5
HOLY I64A 222  40   382    60  10.3  13.3  13.0
HOLY  ICQ 350 169   339    60   0.8  16.6  13.6
HOLY J62A 231  47   559    60   3.6  11.1   8.8
HOLY JOSY 172 352   254    30  14.2   0.9  11.2
HOLY K62A 229  45   627    60   0.9  12.1  10.8
HOLY L63A 220  37   661    60   3.0   8.8   8.2
HOLY L65A 211  29   576    60   5.4  10.0   9.3
HOLY LATQ 284  99   490    60   1.5  13.9  12.0
HOLY  LMN 120 301   148    56   9.2   4.1   7.4
HOLY LSQQ 293 106   836    28   0.8   8.9   5.7
HOLY M66A 208  25   655    60   3.6   5.1   3.4
HOLY MALY 108 290   254    60  15.2   5.4  13.6
HOLY N62A 225  40   839    60   3.0   8.4   8.5
HOLY NATG  32 214   498    56   6.0  11.7  11.0
HOLY PLVO 263  75   841    60   2.1   6.8   6.2
HOLY QM16 219  38   186    60   6.1   9.6   9.4
HOLY QM38 293 109   357    60   1.1  14.8  12.5
HOLY QM50 300 116   444    30   1.4  11.1   8.9
HOLY QM60 302 117   592    30   1.2   4.8   3.7
HOLY QMM5 341 159   510    60   1.3  15.8  11.7
HOLY SHEY 112 296   381    60  14.0   2.2  11.5
HOLY SUSY 138 319   120    60  11.3   3.0   8.9
HOLY  WES 222  38   601    60   1.3   8.4   9.0
HOLY WODY 138 319   212    60  14.2   0.1  11.6
I57A I60A  92 274   191    57  18.0   0.9  15.5
I57A I62A  90 273   347    60  20.5   2.4  17.4
I57A I63A  86 270   408    60  20.2   2.1  17.5
I57A  ICQ  43 229   891    60   8.3   1.5   7.3
I57A J59A 119 300   107    60  14.2   3.1  12.0
I57A J62A 103 286   321    60  18.5   1.4  15.9
I57A J63A 100 283   377    60  18.2   4.3  16.7
I57A JOSY  84 271   773    30  11.3   0.8   8.3
I57A K60A 135 316   205    60  14.2   2.0  12.6
I57A K62A 116 298   312    60  20.2   5.0  18.7
I57A LATQ  29 211   444    60   7.3   2.9   6.3
I57A LSQQ 350 169   578    28   0.8   3.1   3.5
I57A M66A 121 305   542    60  12.5   1.5  10.7
I57A MALY  74 262   993    60   7.1   1.1   4.3
I57A N62A 151 332   380    60  13.5   2.3  11.1
I57A PLVO 318 137   166    60   0.3  11.1  10.7
I57A QM38  40 224   559    60   9.4   1.0   7.1
I57A QM50  30 213   585    30   6.9   1.4   5.0
I57A QMM5  32 217   925    60   4.5   2.4   5.1
I57A SHEY  78 268  1094    60   6.5   1.8   2.1
I57A SUSY  73 260   832    60  11.6   1.0   9.5
I57A VLDQ 342 160   500    60   0.3  12.8   9.2
I57A  WES 115 298   393    60  20.2   1.6  16.7
I57A WODY  78 265   883    60   7.8   0.4   6.1
I60A I62A  88 269   157    57  15.1   1.3  12.2
I60A I64A  87 270   294    57  16.3   3.8  14.1
I60A  ICQ  34 218   781    57   4.1   0.5   3.7
I60A J59A 247  66   107    57   0.7  11.2   9.3
I60A J62A 119 300   138    57  14.7   2.0  13.7
I60A J63A 109 290   190    57  17.3   4.0  17.5
I60A K60A 200  19   145    57   7.1   8.1   8.4
I60A K62A 146 327   157    57  15.0   6.4  15.8
I60A L63A 147 329   259    57  14.3   2.7  13.7
I60A LATQ   6 186   395    57   4.3   9.4   8.5
I60A LSQQ 335 153   645    28   0.7  11.8   7.2
I60A M66A 137 319   387    57  10.6   1.2   7.8
I60A N62A 183   3   324    57   8.8   5.7   8.8
I60A NATG  44 232  1069    53   2.9   0.8   0.6
I60A QM16  68 252   451    57  10.1   0.9   6.5
I60A QM38  23 205   466    57   3.1   4.5   4.0
I60A QM50  13 195   523    30   2.3   7.0   5.6
I60A QM60 360 180   592    30   2.3   3.6   2.0
I60A QMM5  22 205   849    57   1.3   1.9   5.0
I60A SHEY  77 265   910    57  13.4   1.0  10.0
I60A SUSY  69 254   656    57  13.2   2.8   9.9
I60A  WES 135 316   228    57  16.1   5.0  14.5
I60A WODY  76 262   700    57  12.7   2.2   8.8
I62A I63A  72 252    64    60   8.1   3.6   7.2
I62A I64A  87 268   137    60  12.1   1.5  10.2
I62A  ICQ  25 208   700    60   7.0   1.7   3.5
I62A J59A 261  79   260    60   2.8  14.7  14.0
I62A J62A 208  28    82    60   5.9   7.0   7.9
I62A J63A 162 343    69    60  11.4   5.7   9.8
I62A JOSY  82 266   429    30  16.7   1.7  11.4
I62A K60A 237  55   250    60   5.9  13.5  12.5
I62A K62A 209  28   153    60   8.0  11.0  11.1
I62A L63A 186   6   225    60   8.7   7.4   8.7
I62A L65A 152 333   230    60  13.9   2.4  11.4
I62A LATQ 344 163   406    60   2.1  17.1  15.3
I62A LSQQ 325 141   721    28   0.7  18.9  16.5
I62A M66A 161 342   307    60  11.0   3.9   9.9
I62A N62A 209  28   371    60   2.6  12.2   9.9
I62A NATG  39 225   962    56   7.0   4.1   5.6
I62A PLVO 288 104   475    60   0.0  18.0  15.2
I62A QM16  60 242   307    60   6.2   1.9   4.5
I62A QM38   5 185   424    60   2.5   8.6   4.9
I62A QM50 357 177   505    30   1.5   9.5   8.4
I62A QM60 346 165   608    30   0.6  11.2   8.4
I62A QMM5  13 195   798    60   4.3   4.8   4.1
I62A SHEY  76 263   756    60   9.0   1.5   7.1
I62A SUSY  64 248   510    60  12.8   4.1  10.6
I62A VLDQ 316 132   690    60   1.9  18.1  15.5
I62A  WES 180 360   165    60   7.5   3.9   7.6
I62A WODY  73 258   548    60  10.5   2.5   7.6
I63A I64A 101 281    77    60   8.4   2.7   7.3
I63A  ICQ  21 204   659    60   2.5   6.9   4.8
I63A J62A 228  47   135    60   6.3  11.0  10.1
I63A J63A 205  25    95    60   5.4   3.2   4.4
I63A JOSY  85 268   366    30  15.0   0.9  12.1
I63A K60A 240  58   312    60   5.1  10.5  10.1
I63A K62A 222  40   204    60   5.9  11.9  10.2
I63A L63A 199  19   257    60   6.1  10.4  10.0
I63A L65A 169 349   229    60  10.5   5.8   9.3
I63A LATQ 336 154   408    60   0.9  25.2  20.9
I63A  LMN  64 248   498    56   9.0   1.3   7.7
I63A M66A 173 353   312    60   9.1   3.3   8.6
I63A MALY  69 254   602    60  13.3   2.0  10.8
I63A N62A 215  33   420    60   4.8  11.6  11.7
I63A NATG  38 223   909    56   5.3   3.2   5.8
I63A PLVO 284 100   528    60   2.5  18.0  15.6
I63A QM16  57 239   245    60  10.7   4.3   9.6
I63A QM38 357 177   403    60   3.7  15.2  11.7
I63A QM50 351 170   491    30   2.6  17.3  15.1
I63A QMM5   9 191   767    60   1.2   4.1   5.0
I63A SHEY  77 263   693    60   8.6   0.3   6.7
I63A SUSY  64 247   447    60  14.0   3.6  11.1
I63A VLDQ 312 127   720    60   2.1  18.4  16.0
I63A  WES 198  18   195    60   7.0   8.3   8.6
I63A WODY  74 258   484    60  12.9   1.9  10.0
I64A  ICQ  15 197   648    60   6.0  10.8  10.0
I64A J59A 264  81   396    60   2.3  18.3  15.0
I64A J62A 247  66   192    60   1.7  11.2   9.8
I64A J63A 239  58   137    60   1.4   8.8   7.0
I64A K60A 249  66   374    60   3.2  14.5  12.5
I64A L63A 216  35   280    60   8.2   8.0   9.6
I64A L65A 189   9   213    60  10.4   6.7  10.3
I64A LATQ 329 146   456    60   1.5  16.9  14.9
I64A  LMN  59 242   438    56   8.3   6.1   8.4
I64A LSQQ 318 133   802    28   1.7  20.5  15.9
I64A M66A 188   8   298    60   9.5   3.8   7.6
I64A MALY  65 249   538    60   8.2   4.8   6.2
I64A N62A 225  42   458    60   0.8   9.8   9.4
I64A NATG  34 219   876    56   4.9   1.9   4.5
I64A PLVO 284  99   605    60   1.9  19.4  14.3
I64A QM16  42 224   196    60   8.3   6.1   8.0
I64A QM38 348 167   428    60   3.5  21.0  19.4
I64A QM60 335 153   649    30   1.1  13.2   8.8
I64A QMM5   4 185   772    60   1.2  13.9  10.1
I64A SHEY  75 260   623    60  15.0   2.0  10.5
I64A SUSY  58 240   388    60   9.5   8.0  10.7
I64A VLDQ 310 124   787    60   1.8  21.0  16.2
I64A  WES 219  38   219    60   1.2   7.7   4.3
I64A WODY  70 253   416    60  10.2   1.4   7.8
 ICQ J62A 208  25   782    60   4.2   4.8   4.0
 ICQ J63A 204  22   753    60   6.7   5.4   5.9
 ICQ K60A 216  31   922    60   1.8   4.9   3.0
 ICQ K62A 209  25   853    60   4.3   5.3   7.0
 ICQ L63A 203  20   915    60   4.7   7.5   7.1
 ICQ L65A 196  14   860    60   6.2   2.0   3.9
 ICQ LATQ 242  58   472    60   3.2  16.9  15.5
 ICQ  LMN 155 336   448    56  16.4   0.1  12.2
 ICQ LSQQ 270  82   708    28   0.3  12.2   9.0
 ICQ M66A 195  13   945    60   5.7   0.8   2.4
 ICQ MALY 143 326   508    60  11.4   1.3   8.5
 ICQ N62A 209  25  1071    60   4.2   2.9   2.7
 ICQ NATG  73 257   332    56   9.2   0.2   6.2
 ICQ PLVO 240  53   892    60   2.3  16.5  13.6
 ICQ QM16 186   6   482    60  10.7   0.5   8.7
 ICQ QM38 233  51   335    60   4.1  14.1  11.8
 ICQ QM50 251  67   344    30   1.4  11.9   7.2
 ICQ QMM5 324 143   183    60   3.8  12.8  13.9
 ICQ SHEY 139 323   630    60  13.9   3.8  12.3
 ICQ  WES 203  20   853    60   2.6   3.6   4.0
J59A J62A  96 278   220    60  15.3   3.8  15.2
J59A J63A  93 275   278    60  15.9   1.5  14.0
J59A JOSY  80 266   688    30  13.2   0.4   8.7
J59A K60A 152 332   107    60   9.0   5.6   7.8
J59A K62A 115 296   205    60  18.8   0.9  16.6
J59A L63A 126 308   297    60  15.1   0.3  13.2
J59A LATQ  17 198   456    60   5.3   5.8   6.9
J59A  LMN  68 254   813    56  14.6   4.9  10.7
J59A LSQQ 344 162   650    28   2.1   6.7   5.1
J59A M66A 123 306   435    60  15.1   1.3  11.7
J59A MALY  70 258   921    60  12.8   1.6   9.1
J59A N62A 163 343   294    60  10.6   2.1   7.7
J59A NATG  45 234  1168    56   6.9   0.5   4.8
J59A PLVO 311 130   270    60   2.7  14.9  13.1
J59A QM16  67 252   557    60   8.5   1.5   5.9
J59A QM38  30 213   548    60   4.4   4.5   3.7
J59A QM50  21 203   592    30   2.9   2.9   3.3
J59A QM60   8 189   640    30   1.7   1.9   1.4
J59A QMM5  26 210   927    60   6.0   1.0   2.7
J59A SHEY  75 264  1015    60   5.3   0.0   5.6
J59A VLDQ 335 153   583    60   0.8  14.3  11.3
J59A  WES 114 296   286    60  19.4   1.7  17.1
J62A J63A  84 265    60    60   9.0   1.9   7.2
J62A JOSY  74 258   481    30   9.8   0.3   6.9
J62A K60A 249  68   183    60   2.3  15.7  14.4
J62A K62A 209  29    71    60   7.9   8.3   9.6
J62A L63A 174 354   152    60  10.7   7.8   9.6
J62A L65A 132 313   196    60  13.7   2.8  11.3
J62A LATQ 351 170   468    60   1.4  10.7   7.8
J62A  LMN  60 245   628    56   9.6   2.8   8.1
J62A M66A 147 328   259    60  12.7   3.4  10.3
J62A MALY  64 250   730    60   7.9   0.5   5.0
J62A N62A 209  28   289    60  10.0  12.4  12.4
J62A NATG  38 225  1042    56   2.7   0.0   3.2
J62A PLVO 297 114   467    60   0.2  23.4  20.9
J62A QM16  53 236   379    60   9.8   0.7   8.5
J62A QM38   8 189   500    60   2.6   7.4   5.6
J62A QM50   1 181   576    30   1.5   5.4   4.7
J62A QM60 350 169   671    30   0.8   6.5   3.4
J62A QMM5  14 196   877    60   4.6   6.4   9.1
J62A SHEY  72 258   813    60  13.5   0.8   9.3
J62A SUSY  59 244   578    60  16.8   0.6  12.8
J62A  WES 157 337   102    60   8.7   4.2   7.9
J62A WODY  68 253   608    60  10.5   1.7   7.7
J63A JOSY  73 257   422    30   9.8   4.7   9.1
J63A K60A 253  71   241    60   4.0  18.1  16.4
J63A K62A 235  54   116    60   3.8   9.6   9.5
J63A L63A 196  15   163    60   6.9   7.9  10.6
J63A L65A 148 329   162    60  12.0   4.9  10.3
J63A  LMN  58 242   574    56   6.2   0.5   4.9
J63A LSQQ 327 142   787    28   2.6  19.6  17.0
J63A M66A 161 341   237    60  10.8   4.0   9.6
J63A MALY  63 248   674    60  11.4   0.6   8.3
J63A N62A 218  36   327    60   2.7   8.0   7.5
J63A NATG  36 222  1001    56   6.0   2.0   5.3
J63A PLVO 294 110   518    60   4.7  20.9  17.4
J63A QM16  48 230   329    60   9.7   2.0  12.0
J63A QM38   2 182   489    60   3.1   7.2   5.2
J63A QM60 346 164   677    30   0.8  11.5   7.3
J63A QMM5  11 192   859    60   2.3   5.0   1.6
J63A SHEY  71 257   755    60   9.7   1.5   8.6
J63A SUSY  57 241   524    60   9.6   3.4   8.8
J63A VLDQ 319 134   753    60   1.7  24.8  23.6
J63A  WES 191  11   101    60   5.5   5.0   4.5
JOSY K62A 253  68   534    30   1.4  13.3  10.4
JOSY L63A 242  58   528    30   2.2   7.8   6.7
JOSY L65A 234  52   412    30   5.1  12.8  12.1
JOSY  LMN  28 209   201    26   9.9   9.3  10.5
JOSY M66A 227  44   475    30   1.3   5.4   4.5
JOSY MALY  50 232   270    30   8.8   9.0  10.1
JOSY N62A 241  56   715    30   1.7  14.1  10.9
JOSY QMM5 345 163   761    30   2.2   6.6   5.8
JOSY SHEY  72 255   333    30  12.2   7.0  12.2
JOSY SUSY  16 196   168    30   5.8  10.3  10.0
JOSY VLDQ 300 111  1004    30   1.9   6.8   6.7
JOSY  WES 246  62   478    30   3.8   8.4   7.6
JOSY WODY  49 230   142    30   8.7   3.8   7.5
K60A K62A  87 268   136    60  15.1   1.8  12.7
K60A L63A 113 295   206    60  16.4   1.8  13.5
K60A LATQ   9 190   537    60   4.6   3.9   2.4
K60A LSQQ 343 160   755    28   1.3   4.8   6.7
K60A M66A 115 297   346    60  12.5   2.8  10.3
K60A MALY  64 251   912    60  12.1   4.4   9.0
K60A N62A 169 350   190    60   8.3   2.4   7.1
K60A NATG  41 229  1202    56   3.4   0.0   2.9
K60A QM16  57 241   557    60   6.0   4.8   6.5
K60A QM38  22 204   611    60   5.8   2.4   4.8
K60A QM60   3 184   729    30   2.2   0.9   2.1
K60A QMM5  21 205   993    60   0.6   3.9   2.9
K60A SUSY  60 246   759    60  15.5   0.7  11.7
K60A VLDQ 335 153   689    60   0.3  14.1  11.7
K60A  WES  96 278   213    60  17.7   0.3  13.6
K60A WODY  66 253   791    60   9.1   0.8   5.5
K62A L63A 150 330   103    60   9.7   4.5   8.4
K62A L65A 111 292   193    60  15.5   2.1  14.0
K62A LATQ 355 175   526    60   4.5  10.1   7.3
K62A  LMN  57 242   691    56   9.4   0.5   7.2
K62A LSQQ 334 151   800    28   4.4  13.8  12.7
K62A M66A 131 313   234    60  11.9   0.8   9.5
K62A MALY  61 247   789    60   8.1   5.2   5.5
K62A N62A 208  28   218    60   6.9  12.3  10.4
K62A NATG  37 224  1113    56   5.4   2.6   2.9
K62A PLVO 306 122   470    60   2.7  21.2  18.8
K62A QM38  11 192   567    60   4.2   5.7   4.9
K62A QM50   4 184   640    30   2.1   3.2   1.4
K62A QM60 354 173   728    30   2.4   6.9   5.7
K62A QMM5  15 197   946    60   4.5   3.2   6.0
K62A SHEY  68 255   867    60  20.6   1.0  15.7
K62A SUSY  56 240   641    60   9.8   2.7   8.7
K62A  WES 112 293    81    60  11.2   2.0  10.4
K62A WODY  63 249   665    60   8.7   3.5   7.4
L63A L65A  81 262   130    60  13.2   1.3  10.6
L63A  LMN  49 233   704    56   8.8   0.8   5.2
L63A M66A 118 299   140    60  10.4   2.8   9.4
L63A N62A 237  56   187    60   5.5  13.0  12.0
L63A PLVO 310 127   566    60   1.4  16.3  13.3
L63A QM38   5 186   649    60   2.9   6.5   4.5
L63A QMM5  11 193  1021    60   1.7   2.7   2.8
L63A SUSY  47 231   656    60   7.6   0.9   4.3
L63A VLDQ 328 143   853    60   0.1  12.3   9.7
L63A  WES  22 202    63    60   4.3   6.8   5.7
L63A WODY  55 240   667    60   5.2   2.1   7.5
L65A LATQ 341 159   633    60   2.6  22.9  18.8
L65A  LMN  43 227   598    56   7.8   6.5   9.0
L65A M66A 185   5    86    60   4.7   3.4   6.0
L65A MALY  50 234   681    60  13.7   2.3   8.8
L65A N62A 248  66   310    60   1.5  13.3  12.4
L65A QM16  25 206   392    60   1.5   8.7   7.1
L65A QM38 355 174   631    60   2.7   7.1   5.9
L65A QM50 350 169   720    30   2.9  11.0   8.9
L65A QM60 343 161   834    30   0.3   5.9   3.1
L65A QMM5   5 186   984    60   1.1   4.8   2.8
L65A SHEY  59 245   737    60  13.7   0.9   8.4
L65A SUSY  41 224   553    60  12.2   5.8  10.1
L65A VLDQ 321 136   914    60   3.5  27.8  22.2
L65A  WES 291 110   112    60   0.8  12.1  11.4
L65A WODY  50 234   553    60  11.4   2.0   9.9
LATQ  LMN 103 288   634    56  11.3   1.2   9.1
LATQ LSQQ 302 119   363    28   3.7  14.7  13.1
LATQ MALY 100 287   743    60  13.5   0.3   9.2
LATQ N62A 185   4   719    60   6.8   2.8   4.5
LATQ NATG  63 250   799    56   8.3   2.9   6.9
LATQ PLVO 233  50   421    60   0.6  11.8   8.7
LATQ QM16 121 305   444    60   9.3   1.4   8.2
LATQ QM38  77 258   149    60  13.2   0.7  10.2
LATQ QM50  36 217   141    30   8.4   4.6   6.9
LATQ QM60 348 168   203    30   2.5  11.5  10.1
LATQ QMM5  36 219   482    60   8.8   5.9   9.6
LATQ SUSY 106 291   593    60   9.2   0.4   6.3
LATQ VLDQ 285 102   383    60   0.9  14.4  12.3
LATQ WODY 109 295   675    60  11.6   0.5  10.3
 LMN M66A 222  38   668    56   1.1   8.7   4.3
 LMN MALY  93 274   113    56  10.6   8.9   8.3
 LMN N62A 235  49   889    56   2.5   6.6   5.0
 LMN NATG  16 198   515    52   3.3   6.8   5.4
 LMN PLVO 269  80   963    56   0.6   9.0   5.5
 LMN QM50 301 116   592    30   0.2   9.9   8.3
 LMN QMM5 333 150   629    56   0.5   9.7   6.3
 LMN SHEY 109 291   235    56  11.1   0.3   8.6
 LMN SUSY 253  72    51    56   4.8   7.2   6.5
 LMN  WES 236  51   648    56   0.6  11.0   7.1
 LMN WODY 172 352    85    56  10.9   3.8   9.8
LSQQ M66A 146 331  1019    28   6.2   0.5   3.1
LSQQ NATG  77 268  1030    28  18.2   0.5  15.4
LSQQ PLVO 181   1   447    28   0.7   3.6   3.6
LSQQ QM38 106 291   479    28  11.9   2.1   9.8
LSQQ QM50  98 282   398    28  12.8   2.5   9.6
LSQQ QM60  86 269   266    28  11.0   0.7   8.1
LSQQ SHEY 105 296  1217    28   8.9   3.4   5.1
LSQQ SUSY 109 297   946    28   9.9   0.2   6.5
LSQQ VLDQ 211  30   112    28   3.0   3.9   1.8
LSQQ WODY 111 300  1032    28   3.9   0.6   0.8
M66A MALY  45 230   744    60   8.0   4.4   6.3
M66A PLVO 309 124   703    60   3.4  11.8  10.5
M66A QM16  21 203   473    60   2.8   4.8   6.0
M66A QM38 356 175   715    60   1.8   7.7   6.0
M66A SHEY  54 240   789    60   5.4   0.8   2.9
M66A SUSY  36 219   624    60   2.4   2.8   1.8
M66A VLDQ 325 139   978    60   0.6   7.5   5.2
M66A  WES 322 141   159    60   3.3   6.8   6.6
M66A WODY  44 228   616    60   7.8   2.2   8.4
MALY N62A 240  53   981    60   2.3   7.5   8.6
MALY NATG   4 185   501    56   3.5   4.9   4.7
MALY QM16 261  78   365    60   2.8   9.6   7.9
MALY QMM5 326 142   691    60   1.8   9.0   5.8
MALY SHEY 124 305   130    60   9.9   3.8   8.4
MALY SUSY 268  86   162    60  10.3  11.4  11.1
MALY  WES 242  57   741    60   0.1  11.6   6.9
MALY WODY 233  52   128    60   9.1   4.7   7.1
N62A NATG  35 223  1329    56   5.2   1.6   3.6
N62A PLVO 328 146   543    60   2.1  14.1  10.5
N62A QM16  42 225   654    60   3.5   0.3   2.3
N62A QM38  15 196   778    60   2.6   1.9   2.5
N62A QM50   9 190   843    30   2.0   5.4   4.4
N62A SUSY  48 234   840    60   7.1   1.6   5.0
N62A VLDQ 339 156   875    60   1.4  11.3   8.0
N62A  WES  47 229   241    60  12.4   2.4  11.2
N62A WODY  54 240   853    60   4.7   1.3   4.1
NATG PLVO 247  56  1217    56   0.5   6.0   4.4
NATG QM16 216  32   683    56   3.6   1.3   2.4
NATG QM38 247  61   656    56   0.1   7.3   2.1
NATG QM50 255  69   676    30   2.0   3.3   1.5
NATG QMM5 281  96   429    56   1.1  22.7  19.2
NATG SUSY 202  20   544    56  10.5   5.7   9.6
NATG  WES 220  34  1094    56   3.1   3.7   2.8
NATG WODY 194  13   593    56   6.2   0.4   4.8
PLVO QM38  56 241   561    60  11.9   0.8   8.9
PLVO QM50  46 230   558    30   7.4   0.2   4.5
PLVO QMM5  41 227   893    60   4.8   3.1   3.9
PLVO SUSY  81 269   914    60   9.3   0.3   6.7
PLVO VLDQ 352 171   354    60   6.2  10.2   9.7
PLVO  WES 120 304   549    60  17.8   1.7  13.8
QM16 QM50 323 140   454    30   1.8  14.0  11.6
QM16 QMM5 355 174   630    60   2.6  18.7  17.4
QM16 SUSY  73 255   205    60  11.6   3.9   9.0
QM16 VLDQ 297 110   819    60   0.4   3.5   4.8
QM16  WES 222  40   415    60   1.0   1.1   3.0
QM38 QM50 324 143   101    30   2.1  11.3  11.0
QM38 QM60 313 131   248    30   1.6  11.6  10.6
QM38 QMM5  22 204   383    60   5.4  10.8   9.0
QM38 SHEY 109 296   738    60  14.9   3.3  13.6
QM38 SUSY 116 300   468    60  15.8   2.9  13.6
QM38 VLDQ 279  94   519    60   0.8  14.8  12.9
QM50 QM60 305 124   149    30   1.4   6.0   5.4
QM50 QMM5  36 218   341    30   5.6   9.7   7.6
QM50 SUSY 120 305   560    30   4.9   1.6   4.9
QM50  WES 178 358   670    30   7.2   0.6   6.3
QM50 WODY 122 307   649    30   5.5   1.9   4.1
QM60 SUSY 120 306   708    30   5.9   1.6   2.7
QM60 VLDQ 253  70   343    30   1.4  11.5   8.1
QM60  WES 168 349   770    30   7.5   1.2   3.9
QM60 WODY 121 308   798    30   4.1   0.7   3.2
QMM5 SUSY 155 338   622    60  11.2   2.7   9.5
QMM5 VLDQ 249  62   712    60   1.6  13.8  12.7
QMM5  WES 193  11   960    60   5.2   0.9   3.2
SHEY SUSY 285 102   277    60   3.8  12.5  11.2
SHEY VLDQ 291 100  1251    60   1.2   3.5   2.8
SHEY  WES 251  65   811    60   5.2  11.8  10.4
SHEY WODY 270  88   211    60   9.4  15.2  13.0
SUSY WODY 139 319    91    60  12.6   6.3  10.7
VLDQ WODY 104 294  1058    60   8.0   0.2   4.3
 WES WODY  58 243   615    60   7.3   2.1   5.3
