 A11  A64  19 200    69    56   6.6   2.5   6.0
 A11 ALLY 132 316   557    28   2.8   4.5   2.4
 A11 CHEG  90 277   725    43   0.6   4.3   4.3
 A11 D56A 268  85   346    56   7.7   4.3   9.2
 A11 D59A 259  77   127    56   4.4   3.2   6.2
 A11 D60A 237  56    66    56   3.5   4.9   5.1
 A11 D62A 101 282    89    56   0.8   5.6   7.4
 A11 D63A  97 279   160    56   0.2   7.9   5.7
 A11 DRLN  72 261   968    56   2.6   3.6   0.9
 A11 E55A 261  77   455    56   4.9   5.5   7.4
 A11 E58A 249  67   254    56   0.5   8.5   9.0
 A11 E62A 143 324    86    56   4.5   6.7   7.2
 A11 E64A 116 298   203    56   6.0   6.1   7.7
 A11 EDEY 105 291   638    56   1.2   7.9   6.0
 A11 EMMW 142 324   353    56   4.9   1.5   4.9
 A11 F57A 247  64   380    56   2.7   9.9   7.6
 A11 F60A 224  43   195    56   0.0  10.7  11.3
 A11 F61A 204  23   154    56   4.8   4.6   6.6
 A11 F62A 173 353   151    56   8.0   7.2   9.3
 A11 F64A 137 318   209    56   9.6   5.3  12.7
 A11 G57A 239  56   440    56   7.6   7.2   8.9
 A11 G62A 187   6   227    56   1.2   3.4   2.9
 A11 G63A 169 350   241    56   8.4   6.0   8.3
 A11 H61A 205  23   331    56   4.4   3.8   5.9
 A11 H62A 194  14   306    56   3.5   6.6   9.7
 A11 H63A 177 358   287    56   8.6   3.1   7.4
 A11 H64A 165 346   299    56   7.0   6.6   9.1
 A11  HAL 117 302   588    56   4.2   1.2   5.5
 A11 HANN 119 301   303    56   1.6   6.4   5.0
 A11 HOLY 104 287   295    56   1.8   3.9   5.1
 A11 I57A 231  47   563    39   5.3   9.3   7.7
 A11 I64A 173 353   372    56  12.4   1.7   9.4
 A11  ICQ  39 222   333    56   6.6   6.4   9.9
 A11 J59A 220  37   539    56   6.4   4.1   8.2
 A11 J62A 196  15   464    56   1.4   4.4   3.1
 A11 J63A 189   9   446    56   4.0   9.0   7.0
 A11 JOSY 134 317   464    28   0.3   4.3   3.6
 A11 K60A 211  28   591    56   6.5   6.0   8.6
 A11 K62A 198  17   534    56   8.1   3.6   7.8
 A11 L63A 191  10   608    56   0.5   9.7   6.7
 A11 LATQ 276  94   196    56   6.3   2.2   4.4
 A11  LMN 109 292   441    56   3.1   5.7   5.3
 A11 LSQQ 294 109   543    56   5.3   2.6   7.6
 A11 MALY 105 290   549    56   1.4   0.3   3.8
 A11 N62A 202  19   748    56   0.4   2.7   2.0
 A11 NATG  55 241   639    56  10.6   3.6   9.6
 A11 PLVO 248  63   585    56   6.7   4.8   9.1
 A11 QM16 142 323   285    56   5.9   6.5   9.2
 A11 QM38 314 134    69    56   6.1   6.2   8.1
 A11 QM50 320 139   170    28   5.4   7.1   7.2
 A11 QMM5  14 195   413    34   8.2   7.2   5.3
 A11 SHEY 107 293   676    56   2.0   5.4   3.7
 A11 SUSY 113 297   403    56   0.3   7.5   4.4
 A11 VLDQ 283  98   577    56   6.0   1.4   6.4
 A11  WES 190   9   547    56   0.8   4.1   3.3
 A11 WODY 117 301   489    56   5.4   5.7   7.2
 A64 BATG 101 283   295    56   5.9  10.7  11.3
 A64 D56A 259  75   377    56   7.6   1.6   9.6
 A64 D59A 239  57   173    56   5.2   8.3  11.1
 A64 D60A 218  37   128    56   4.9   6.9   6.4
 A64 D62A 142 323   104    56   8.3   7.8   8.9
 A64 D63A 122 304   161    56   2.0   8.6   6.5
 A64 DRLN  76 265   927    56   2.7   3.1   1.0
 A64 E55A 254  70   492    56   8.6   3.8   6.9
 A64 E58A 239  57   304    56   1.5   7.7   7.3
 A64 E62A 168 348   137    56   5.4   3.1   6.8
 A64 E64A 134 316   221    56   5.9   8.6   9.9
 A64 EMMW 151 332   394    56  10.7   3.3   7.6
 A64 F57A 240  57   429    56   2.3   8.4   5.7
 A64 F60A 218  36   259    56   0.3  10.4  10.8
 A64 F61A 203  22   222    56   3.3   4.1   3.6
 A64 F62A 182   1   215    56   4.8   7.1   6.0
 A64 F64A 151 332   248    56   6.6   5.4   7.4
 A64 G57A 234  50   495    56   2.5   9.1  12.7
 A64 G61A 205  23   309    56   4.5  10.5   9.3
 A64 G63A 176 356   302    56   4.3   7.5   6.5
 A64  GBN 110 296   695    56   4.5   5.8   7.0
 A64  GGN 141 323   381    56   1.9   3.9   6.9
 A64 H61A 204  22   399    56   2.5   8.1   8.8
 A64 H62A 196  15   375    56  10.3   3.8   9.1
 A64 H63A 182   2   352    56   7.3   0.8   5.7
 A64 H64A 171 352   358    56   6.7   9.5   9.4
 A64 H65A 159 341   370    56   9.2   9.1   8.9
 A64  HAL 124 308   601    56   2.3   2.6   1.4
 A64 HANN 131 313   322    56   1.6   8.3   5.1
 A64 I57A 228  44   622    39   5.4  10.2   8.3
 A64 I62A 195  14   453    56   2.3   3.0   2.8
 A64 I64A 177 357   435    56   7.0   3.2   5.0
 A64 J59A 218  35   603    56   3.3   7.5   6.1
 A64 J63A 191  10   514    56   8.5   5.2   8.4
 A64 K60A 210  27   658    56   5.1   5.9   8.4
 A64 L63A 192  11   677    56   4.2   8.9   9.9
 A64 L65A 181   1   644    56   3.6   2.8   3.7
 A64 LATQ 258  76   223    56   8.5   6.7   8.6
 A64 LSQQ 287 102   542    56   4.2   4.8   5.5
 A64 M66A 182   1   730    56   8.4   0.1   2.6
 A64 NATG  60 245   585    56   8.6   3.8   9.1
 A64 PLVO 243  58   633    56   2.1   6.7   8.9
 A64 QM16 152 334   327    56   3.9   1.5   3.1
 A64 QM38 257  76    74    56   3.6   5.6   5.4
 A64 QM50 297 115   147    28   6.3   1.1   8.3
 A64 QM60 302 119   295    28  12.4   4.1  13.6
 A64 QMM5  13 194   345    34   5.2   3.2   6.4
 A64 SUSY 123 306   413    56   0.1   2.6   2.3
 A64 VLDQ 277  91   588    56   8.3   2.9   4.7
 A64  WES 191  10   615    56   7.6   4.8   9.6
 A64 WODY 125 309   503    56   0.1   6.7   5.9
ALLY BATG 349 169   400    28   1.7   5.4   8.8
ALLY CHEG  44 227   486    28   1.2   3.8   1.2
ALLY D56A 299 112   840    28   6.8   5.4   0.0
ALLY D59A 307 122   640    28  11.3   7.3  11.5
ALLY D60A 310 126   577    28  13.0   6.4  12.1
ALLY D62A 322 139   483    28   9.1   3.0  12.2
ALLY D63A 328 146   435    28   2.4   2.6   8.3
ALLY DRLN  41 226   845    28   0.6   6.2   2.4
ALLY E62A 314 131   472    28  16.1   3.1  10.3
ALLY EDEY  48 230   290    28  16.6   8.4  14.5
ALLY EMMW 300 119   217    28   6.7   8.8   7.4
ALLY F60A 297 112   595    28   4.0   2.3   6.2
ALLY F61A 300 116   528    28   8.5   3.3   8.1
ALLY F62A 304 120   453    28  12.7   4.5   9.8
ALLY F64A 314 131   349    28   6.8   1.3   6.6
ALLY G57A 284  97   801    28  10.5   8.2   3.5
ALLY G62A 293 109   462    28  16.3   7.8  17.1
ALLY G63A 295 111   391    28   3.8   1.9   3.8
ALLY  GBN  56 238   339    28   4.7   7.8   9.5
ALLY  GGN 318 137   207    28   6.5   3.7   9.2
ALLY H64A 288 105   344    28   8.2   0.3   3.4
ALLY H65A 294 112   273    28   5.5   8.2   9.4
ALLY  HAL  50 231   156    28   4.9   7.3   8.2
ALLY HANN 332 150   272    28   3.6  13.0  11.0
ALLY I60A 274  88   659    22   7.2  13.5  16.7
ALLY I62A 274  90   502    28   4.3   5.2  10.6
ALLY I63A 276  93   442    28   9.8   1.3   9.1
ALLY I64A 275  92   366    28   6.2   7.5   8.4
ALLY  ICQ 346 165   664    28   8.2   7.8  14.9
ALLY J62A 266  82   546    28   7.9   0.8   6.3
ALLY J63A 266  82   486    28  13.0   1.4   9.1
ALLY JOSY 309 128    94    28   3.3   8.2   6.3
ALLY K60A 263  77   725    28   6.9  10.2   8.3
ALLY K62A 261  76   592    28   3.7   6.5   6.9
ALLY L63A 251  66   572    28   1.5   4.1   4.1
ALLY L65A 247  63   447    28   2.5   4.5   3.1
ALLY  LMN   5 186   236    28   3.2   9.4   9.0
ALLY LSQQ 307 118  1086    28   5.2   6.3  14.0
ALLY MALY  31 212   266    28   5.5   1.1   3.7
ALLY N62A 248  63   757    28   2.3   4.9   8.5
ALLY PLVO 283  94   964    28   3.2   2.1   3.4
ALLY QM38 316 132   626    28  11.5   7.2  10.5
ALLY QMM5 342 159   837    28   2.8  11.7   8.8
ALLY SHEY  57 239   292    28   6.7   0.2   4.7
ALLY WODY  13 193   155    28   6.8  12.3  11.4
BATG D60A 266  82   371    56   7.9   3.3   7.7
BATG D62A 266  83   228    56   3.8   3.6   4.9
BATG D63A 261  80   157    56   1.6   5.2   8.2
BATG DRLN  68 254   672    56   3.9   3.0   6.9
BATG E58A 262  77   560    56  10.0   8.2  11.0
BATG E62A 256  73   274    56   4.4   5.8   7.0
BATG E64A 235  54   165    56   5.7   9.7   8.7
BATG F60A 254  70   474    56   8.2   5.5   8.2
BATG F61A 251  67   404    56   7.3   6.9   8.3
BATG F62A 244  61   336    56   5.3   4.2   4.1
BATG F64A 229  47   236    56   1.8  10.2  12.4
BATG G57A 254  68   730    56   3.4   1.1   3.9
BATG G59A 249  64   601    56   1.9   1.1   3.3
BATG G61A 244  60   476    56   4.6   3.8   9.3
BATG G62A 238  55   414    56   2.3   6.7   4.5
BATG G63A 230  48   365    56   3.0   7.2   4.4
BATG  GGN 194  14   247    56   5.8   4.0  10.4
BATG H61A 238  54   548    56   2.8   3.1   3.1
BATG H63A 228  45   423    56   5.1   5.3   4.7
BATG H64A 221  39   382    56   0.1  10.1   2.4
BATG HANN 200  19   164    56   3.7   6.8   5.2
BATG HOLY 200  20    89    56   2.3   5.7   4.4
BATG I57A 247  60   835    39   3.5   2.9   6.6
BATG I60A 239  53   681    50   0.7   2.8   2.0
BATG I62A 229  46   559    56   8.2   3.4   6.3
BATG I63A 226  43   503    56   9.3   8.7  10.6
BATG I64A 218  36   466    56   4.0   5.9   7.7
BATG  ICQ 341 160   265    56  11.2   8.5  10.7
BATG J59A 240  54   785    56   4.4   5.2   7.2
BATG J63A 223  40   593    56   5.6   5.7   6.5
BATG JOSY 179 359   335    28  14.6   7.0   9.7
BATG K62A 226  41   707    56   2.8   8.9   5.7
BATG L63A 218  34   745    56   5.6   2.7   1.7
BATG L65A 210  27   663    56   4.4   2.3   4.9
BATG LATQ 274  89   508    56   6.8   6.9  10.8
BATG  LMN 148 329   185    56  10.2   4.0   6.3
BATG M66A 207  25   743    56   1.3   3.8   2.8
BATG MALY 127 309   265    56   1.5   6.9   4.7
BATG N62A 223  38   920    56   4.6   2.4   4.0
BATG PLVO 258  70   886    56   6.7   8.1   8.2
BATG QM16 213  32   272    56   1.8   5.8   7.0
BATG QM38 279  95   364    56   5.1   3.0   6.8
BATG QM60 294 109   580    28   5.1   0.7   3.0
BATG QMM5 334 152   444    34   3.4   0.1   4.2
BATG SHEY 126 309   394    56   2.0   2.6   3.7
BATG SUSY 164 345   180    56   6.8   7.6   9.3
BATG VLDQ 281  92   882    56   3.2   1.4   2.7
BATG WODY 155 336   265    56   2.9   5.3   5.6
CHEG E55A 274  83  1177    43   6.1   4.2   7.4
CHEG E58A 272  83   966    43   2.9   3.3   0.3
CHEG E64A 268  83   550    43   3.4   2.9   2.0
CHEG EDEY 220  39   198    43   2.3   5.5   5.8
CHEG EMMW 249  64   577    43   5.3   4.1   7.3
CHEG F57A 269  79  1084    43   3.1   1.3   1.1
CHEG F60A 268  80   872    43   9.8   2.3   3.3
CHEG F61A 267  80   798    43   7.5   2.2   8.3
CHEG F62A 265  79   722    43   2.8   7.2   3.9
CHEG G59A 263  74   987    43   3.1   9.1   5.6
CHEG G63A 258  72   718    43   4.9   2.7   8.8
CHEG H61A 258  70   912    43   5.7   3.4   7.7
CHEG H62A 257  69   853    43   3.4   5.5   5.0
CHEG H64A 253  67   707    43   1.9   5.8   3.2
CHEG H65A 251  66   634    43   0.1   4.8   5.0
CHEG HOLY 268  84   444    43   9.2   8.7  13.2
CHEG I57A 260  70  1214    39   0.8   4.9  10.4
CHEG I60A 256  67  1041    37   6.9  12.2   9.3
CHEG I62A 253  65   896    43   3.3   3.0   2.3
CHEG I63A 252  65   833    43   3.0   3.5   2.7
CHEG I64A 249  62   771    43   1.4   2.5   3.4
CHEG J62A 250  62   963    43   2.4   5.2   6.9
CHEG J63A 248  61   908    43   2.7  10.9   4.7
CHEG K60A 251  61  1144    43   8.6   8.3  10.7
CHEG K62A 247  59  1023    43   6.7   0.5   5.3
CHEG L65A 238  51   915    43   6.0   6.0   6.4
CHEG LATQ 278  90   920    43   1.3   2.4   6.9
CHEG  LMN 253  70   335    43   3.4   1.3   3.1
CHEG LSQQ 288  95  1241    43   4.5   4.5   4.5
CHEG MALY 242  60   235    43   6.3   4.5   6.7
CHEG NATG 339 157   418    43   3.5  10.8  10.9
CHEG PLVO 267  75  1285    43   1.2   1.8   2.4
CHEG QM38 281  93   776    43   1.4   1.7   0.2
CHEG SHEY 209  28   212    43   0.4   6.1   2.7
CHEG SUSY 253  70   386    43   2.5   4.1   2.1
CHEG WODY 240  57   363    43   6.7   6.9   6.6
D56A D59A  90 272   222    56   9.2   5.9   9.6
D56A D60A  92 274   292    56   5.1   7.3   8.7
D56A D62A  87 272   433    56   0.5   5.5   7.6
D56A D63A  88 273   505    56   1.6   8.4   7.1
D56A DRLN  73 266  1304    56   0.7   4.9   6.1
D56A E55A 237  56   119    56   5.4   6.5   8.7
D56A E58A 123 304   136    56   6.7   6.4   8.8
D56A E62A  95 279   402    56   2.7   9.2   4.9
D56A F57A 178 358   138    56   5.1   9.4   8.1
D56A F60A 118 300   246    56   2.0   5.1   6.1
D56A F61A 111 294   313    56   6.1  11.1  10.6
D56A F62A 107 291   389    56   2.0  10.1   9.6
D56A F64A 103 287   509    56   3.0   8.3   9.9
D56A G57A 185   5   217    56   6.1   9.7  12.0
D56A G59A 150 331   250    56  11.6   5.0   5.2
D56A G61A 127 309   317    56   5.1  11.3   8.7
D56A G62A 120 303   385    56   9.4  16.4  15.7
D56A G63A 117 300   452    56   4.5   9.0   3.2
D56A H61A 141 323   357    56   7.6   2.9  11.9
D56A H62A 133 316   392    56   2.5  12.6  11.3
D56A H63A 124 308   452    56   4.2   7.1   9.0
D56A H64A 120 304   506    56   4.0  18.2  14.5
D56A H65A 115 300   569    56   1.3  10.4   8.2
D56A  HAL 103 291   907    56   0.9   5.3   2.8
D56A HANN  99 285   627    56   5.0  10.2   9.7
D56A HOLY  92 278   636    56   7.1   3.9   8.5
D56A I60A 162 343   374    50   9.8   6.3   8.9
D56A I62A 142 324   443    56   7.2   0.8   7.6
D56A I63A 134 317   466    56   3.5   8.6   8.9
D56A I64A 129 313   530    56   9.3  10.5  13.4
D56A  ICQ  61 246   620    56   3.4   4.6   3.3
D56A J59A 177 357   399    56   0.4   8.5  11.9
D56A J63A 144 327   509    56   6.9   7.1   9.9
D56A JOSY 111 298   748    28   1.1  10.7  11.1
D56A K62A 157 339   526    56   1.7   7.5   5.0
D56A L63A 155 338   628    56   3.5   6.3   8.9
D56A L65A 144 328   671    56   3.7   3.3   4.9
D56A LATQ  75 257   154    56   5.4   9.7  10.7
D56A  LMN  96 283   775    56   3.8   8.3   6.1
D56A LSQQ 324 143   278    56   5.6   6.6  11.9
D56A MALY  95 283   887    56   3.3   9.1   6.5
D56A N62A 171 352   687    56   2.0   8.9   6.0
D56A NATG  63 252   949    56   0.1   5.8   1.5
D56A QM38  75 258   303    56   8.9   3.8   8.1
D56A QM50  56 238   277    28   8.8   4.2  12.1
D56A QM60  24 205   258    28   2.1   8.9   6.6
D56A SHEY  98 287  1009    56   2.6   6.2   6.6
D56A VLDQ 300 118   259    56  11.3   1.8   6.4
D56A WODY 102 289   810    56   5.0   1.8   4.4
D59A D60A  98 279    70    56   7.8   5.9   6.7
D59A D62A  87 269   212    56   4.0   8.9   7.7
D59A D63A  88 271   284    56   1.2   2.2   2.4
D59A E55A 261  78   328    56  14.4   6.8  11.9
D59A E58A 238  57   131    56   5.1   8.1   7.7
D59A E62A 103 285   182    56   3.3   8.5   6.1
D59A E64A 101 284   313    56   4.4  10.0   8.3
D59A EMMW 125 308   425    56   5.8   9.7  11.2
D59A F57A 240  58   257    56   0.4   2.1   1.9
D59A F60A 184   4   116    56   3.7   7.4   7.3
D59A F61A 150 331   132    56   7.4   8.2   7.8
D59A F62A 130 311   189    56   5.1   5.9  10.7
D59A G57A 230  48   323    56   3.6   9.6  10.9
D59A G61A 173 353   193    56   8.2   7.0  10.4
D59A G62A 153 334   223    56   6.3   4.9   6.2
D59A G63A 140 322   271    56   5.4   8.3   8.6
D59A  GGN 117 300   440    56   1.3   8.2   5.4
D59A H61A 182   1   276    56   6.9   3.5   6.8
D59A H62A 169 349   276    56   4.1   2.3   3.0
D59A H63A 151 332   296    56   7.8   2.3   6.3
D59A H64A 141 323   332    56   4.6   5.8  15.6
D59A  HAL 109 295   692    56   3.7   3.2   1.0
D59A HANN 106 290   409    56   3.8   8.8   7.2
D59A I60A 198  17   370    50   2.8   1.5   4.1
D59A I62A 173 354   350    56   6.9   8.4  10.1
D59A I63A 163 344   343    56   5.7   5.9   9.6
D59A I64A 153 334   384    56  10.8   4.9   8.7
D59A  ICQ  49 232   439    56   6.8   3.3   8.0
D59A J59A 209  27   446    56   3.3   3.3   6.0
D59A J62A 180 360   420    56   4.8   7.5   6.7
D59A J63A 172 352   419    56   5.5   3.2   4.8
D59A JOSY 122 306   547    28   0.5   6.1   5.5
D59A K62A 184   4   484    56   2.0   4.9   4.8
D59A L65A 165 346   571    56   3.8   3.4   6.3
D59A LATQ 301 120    83    56   4.2   4.2   4.8
D59A LSQQ 303 119   446    56  10.6   7.7  12.6
D59A MALY  99 285   666    56   4.9   3.9  10.7
D59A N62A 192  10   688    56   7.8   9.2   9.2
D59A NATG  58 245   758    56   6.7   5.1   6.6
D59A PLVO 244  60   461    56   2.2   9.6   9.7
D59A QM16 122 305   361    56   0.6   7.2   4.2
D59A QM38  45 225   105    56   8.0   6.1   7.3
D59A QM50   5 185   156    28  10.7   6.4  11.9
D59A QM60 336 154   265    28   3.5   1.1   4.4
D59A QMM5  26 209   481    34   1.2   4.0   7.4
D59A SHEY 102 289   789    56   7.6   2.5   5.5
D59A VLDQ 289 104   464    56  12.0   5.9  10.5
D59A  WES 175 356   515    56   2.6   9.0   7.9
D59A WODY 108 293   594    56   1.4   5.9   6.2
D60A D62A  82 263   144    56   6.0   4.4   6.5
D60A D63A  85 267   215    56   2.1   4.6   6.7
D60A DRLN  70 260  1032    56   0.3   4.8   2.7
D60A E55A 264  81   396    56   4.8   5.9   5.9
D60A E58A 252  71   190    56   5.1   7.3   7.6
D60A E62A 106 287   112    56   3.3   6.3   5.7
D60A E64A 102 284   243    56   3.6   9.0   8.1
D60A EMMW 131 314   364    56   1.0   9.5   8.9
D60A F57A 248  66   315    56   6.1   8.7  10.2
D60A F60A 217  37   131    56   4.1   4.6   8.0
D60A F61A 183   3   105    56   4.3   6.2   5.9
D60A F62A 147 327   135    56   9.5   6.6   8.1
D60A F64A 120 301   230    56   2.4   9.0   8.3
D60A G61A 195  14   187    56   3.7   8.1  11.6
D60A G62A 171 351   191    56   8.6   1.9   5.9
D60A  GGN 121 304   374    56   7.5   6.5   7.9
D60A H61A 197  16   277    56   3.4   8.3   6.1
D60A H62A 184   4   261    56   2.4   0.9   1.6
D60A H63A 164 345   260    56  11.1   2.0  10.0
D60A H64A 152 333   285    56   8.7   2.1   7.1
D60A H65A 139 321   323    56   2.3   3.1   5.2
D60A  HAL 111 297   624    56   3.0   2.6   2.7
D60A HANN 108 291   340    56   4.0   7.9   6.6
D60A HOLY  96 279   344    56   4.1   0.0   7.1
D60A I57A 230  47   497    39   6.5  14.4  14.8
D60A I62A 186   5   339    56   1.1   7.1   5.4
D60A I64A 163 344   348    56   6.3   1.8   4.5
D60A J59A 218  35   475    56   8.3   5.8  10.2
D60A J62A 190   9   416    56   2.6   9.2   7.6
D60A J63A 182   2   404    56   6.0   3.2   4.0
D60A K62A 193  12   483    56   2.0   7.7   4.8
D60A L65A 172 353   547    56   1.7   5.8   9.3
D60A LATQ 291 110   150    56  10.5   0.4   9.1
D60A  LMN 102 286   485    56   1.5   2.1   3.7
D60A LSQQ 300 116   511    56   5.4   3.2   6.0
D60A M66A 174 355   631    56   0.9   1.7   3.9
D60A N62A 198  16   695    56   6.3   2.2  11.0
D60A NATG  55 241   706    56   9.2   4.9  10.3
D60A PLVO 249  64   520    56   1.8   8.4   7.9
D60A QM50 342 161   175    28  11.6   7.7  11.1
D60A QM60 325 143   308    28   3.1   9.7   9.7
D60A QMM5  19 200   464    34   3.0   8.5   0.9
D60A SUSY 105 289   443    56   4.9   1.7   6.5
D60A VLDQ 288 103   533    56   7.0   1.1   5.9
D60A  WES 184   3   504    56   3.9   6.4   6.5
D60A WODY 110 295   525    56   1.4   4.0   6.2
D62A D63A  94 274    72    56   4.1   6.2   5.4
D62A DRLN  70 259   891    56   2.0   2.3   4.8
D62A E55A 265  80   540    56   6.0   9.8   9.6
D62A E58A 258  75   333    56   6.7   5.7   8.9
D62A E62A 215  35    63    56   4.6   8.6   8.1
D62A E64A 128 309   119    56   1.4   7.3   5.9
D62A EMMW 154 335   291    56  10.9   0.2   6.1
D62A F57A 254  70   456    56   0.7   8.2   5.5
D62A F62A 208  28   149    56   1.4  10.6   7.9
D62A F64A 158 339   146    56   8.2   5.4   8.4
D62A G57A 247  62   509    56   7.1   9.8   9.4
D62A G61A 225  43   277    56   1.5   6.8   5.0
D62A G62A 209  28   237    56   5.8   9.7  12.4
D62A G63A 192  11   223    56   0.8   7.7   5.8
D62A  GBN 105 290   610    56   4.7   9.5   1.3
D62A  GGN 141 323   277    56   4.5   8.1   7.5
D62A H64A 183   3   272    56   2.9   4.7   6.0
D62A H65A 166 347   272    56   6.0  11.2   9.8
D62A  HAL 121 305   503    56   4.8   4.0   3.3
D62A HANN 126 308   220    56   6.0   5.2   6.1
D62A HOLY 106 288   207    56   0.8   1.5   2.3
D62A I64A 188   7   354    56   2.7   3.2   3.9
D62A  ICQ  25 207   302    56   2.7   3.5   6.2
D62A J63A 201  20   452    56   3.0  11.5   9.7
D62A JOSY 142 324   393    28   4.8   7.6   8.0
D62A K60A 219  36   626    56   4.1   3.5   4.5
D62A K62A 208  26   551    56   0.9   5.5   4.6
D62A L63A 200  18   615    56   3.1   1.1   1.4
D62A LATQ 278  95   285    56   4.2   6.2  10.8
D62A  LMN 111 294   353    56   5.1   6.1   8.7
D62A LSQQ 293 107   630    56   7.8   2.7   7.3
D62A M66A 188   7   653    56   1.9   1.7   5.6
D62A MALY 106 290   460    56   4.0   2.3   0.9
D62A N62A 209  26   769    56   2.7   5.4   8.2
D62A NATG  50 235   581    56   1.4   1.6   1.9
D62A PLVO 253  67   661    56   5.0   9.6   6.4
D62A QM50 308 126   245    28   5.7   9.4   9.1
D62A SHEY 109 294   587    56   6.0   2.8   3.7
D62A VLDQ 284  97   665    56   3.3   3.5   5.9
D62A WODY 121 305   405    56   5.6   2.3   6.6
D63A DRLN  69 257   826    56   3.5   2.5   4.8
D63A E55A 267  81   611    56   5.5   7.0  12.0
D63A E58A 261  78   402    56   2.8   6.6   4.4
D63A E62A 247  66   118    56   8.1   9.3  12.1
D63A E64A 163 343    72    56   4.1   6.9   5.6
D63A EDEY 110 294   480    56   5.3   6.9   7.0
D63A EMMW 169 349   264    56   9.0  13.8  16.0
D63A F57A 257  73   524    56   4.0   5.3   7.1
D63A F60A 249  67   318    56   3.3   8.6   8.6
D63A F61A 243  61   251    56   6.4  10.7  13.6
D63A F62A 229  48   191    56   2.6  10.1   6.9
D63A F64A 188   8   132    56   3.4   8.6   6.3
D63A G57A 251  66   574    56   3.6   2.8   4.3
D63A G61A 235  52   328    56   0.8   9.5   6.2
D63A G62A 224  42   276    56   1.0  10.3   5.3
D63A G63A 209  28   244    56   3.3   5.8   7.4
D63A  GBN 107 292   540    56   4.6   5.6   8.7
D63A  GGN 155 336   235    56   7.4   2.5   6.3
D63A H61A 228  45   408    56   3.1   7.4   6.5
D63A H63A 210  29   304    56   1.9   5.2   1.6
D63A H64A 198  18   280    56   2.4   3.2   6.8
D63A H65A 182   2   260    56   6.0   4.9   6.2
D63A  HAL 126 309   441    56   4.8   0.6   3.4
D63A HANN 141 322   165    56   6.9   5.6   7.1
D63A HOLY 114 295   138    56   5.0   3.8   4.2
D63A I60A 231  47   539    50   2.4   6.2   3.8
D63A I62A 217  35   433    56   5.1   3.6   4.6
D63A I64A 200  18   366    56   2.7   5.3   4.7
D63A  ICQ  12 193   283    56   4.3   2.9   4.8
D63A J59A 234  49   640    56   2.7   4.4   5.3
D63A J62A 216  33   514    56   3.3   6.6   6.1
D63A JOSY 151 333   349    28   8.6   1.9   5.3
D63A K60A 225  41   671    56   1.4   8.8   6.9
D63A K62A 215  32   585    56   2.6   7.4   8.0
D63A L63A 207  25   639    56   0.6   8.5   6.4
D63A L65A 196  15   577    56   5.6   6.2   7.1
D63A  LMN 116 299   286    56   5.5   1.7   3.6
D63A LSQQ 292 105   698    56   5.7   1.9   4.9
D63A M66A 195  13   662    56   3.4   3.0   5.5
D63A MALY 109 292   391    56   3.0   3.9   4.7
D63A N62A 214  31   803    56  10.6   1.0   3.4
D63A QM16 177 357   204    56   5.8  10.5   9.9
D63A QM38 290 108   219    56   4.8   6.0  10.6
D63A QM50 301 118   307    28   8.4   1.3   6.4
D63A QMM5 353 173   426    34   3.9   9.9   8.1
D63A SHEY 112 296   518    56   3.5   5.6   5.2
D63A SUSY 125 306   253    56   5.6   9.1   9.5
D63A VLDQ 284  96   736    56   1.6   3.8   2.4
D63A  WES 207  25   576    56   1.9   1.3   1.3
D63A WODY 128 310   343    56   3.5  11.9   9.5
DRLN E55A 264  71  1419    56   4.9   3.7   7.1
DRLN E58A 261  69  1222    56   1.5   3.2   5.1
DRLN EDEY 222  39   559    56   2.8   0.6   1.8
DRLN EMMW 240  53   909    56   0.9   3.1   1.5
DRLN F57A 260  67  1346    56   6.8   4.5   4.8
DRLN F60A 257  66  1144    56   0.0   1.5   2.6
DRLN F61A 255  65  1076    56   2.9   0.3   2.4
DRLN F62A 253  64  1008    56   3.1   3.2   4.2
DRLN G62A 250  61  1082    56   5.8   6.1   6.7
DRLN  GGN 240  54   843    56   5.6   4.9   7.1
DRLN H61A 250  59  1216    56   3.7   1.4   1.4
DRLN H62A 249  59  1161    56   1.8   0.5   2.5
DRLN H63A 247  57  1080    56   7.7   3.2  11.2
DRLN H64A 244  56  1027    56   4.4   2.8   4.8
DRLN H65A 242  54   961    56   1.1   3.2   1.1
DRLN HANN 245  58   791    56   3.0   3.6   3.7
DRLN HOLY 249  62   735    56   8.6   7.1   7.2
DRLN I57A 254  61  1507    39   6.6   5.4   5.0
DRLN I60A 249  58  1349    50   3.2   5.7   3.6
DRLN I63A 245  55  1154    56   4.8   3.0   4.8
DRLN I64A 242  53  1101    56   1.5   2.1   0.3
DRLN  ICQ 276  89   709    56   0.6   5.4   4.3
DRLN J62A 244  54  1288    56   2.1   4.0   4.0
DRLN J63A 243  53  1237    56   3.2   4.4   6.0
DRLN JOSY 233  46   854    28   6.2   6.8   4.2
DRLN L63A 238  48  1370    56   1.4   1.8   2.5
DRLN LATQ 265  74  1150    56   0.3   5.8   8.7
DRLN  LMN 238  53   667    56   4.4   3.1   4.1
DRLN LSQQ 276  82  1417    56   3.7   0.5   3.5
DRLN M66A 233  44  1328    56   4.8   1.6   3.0
DRLN MALY 231  47   585    56   4.8   5.5   3.4
DRLN NATG 289 105   399    56   1.7   1.2   2.4
DRLN PLVO 260  65  1552    56   3.3   1.1   3.3
DRLN QM50 270  80  1042    28   6.9   7.3  12.0
DRLN SUSY 240  54   715    56   0.9   7.8   4.6
DRLN VLDQ 273  78  1490    56   2.6   1.7   3.4
DRLN  WES 240  50  1314    56   2.8   0.9   3.9
DRLN WODY 232  47   712    56   2.3   7.7   5.6
E55A E58A  91 273   214    56   6.6   5.3   7.1
E55A E62A  86 270   501    56   7.7   5.3   5.8
E55A F57A 124 305   127    56   5.3   6.4   7.4
E55A F60A  98 281   321    56   7.9   5.6   8.4
E55A F62A  95 280   474    56   4.0   4.7   9.7
E55A F64A  94 279   599    56   2.6   3.3   3.0
E55A G57A 151 331   172    56   7.1   7.5  11.2
E55A G59A 123 305   271    56   4.3   8.2   7.8
E55A G62A 106 290   451    56   6.9  15.5  13.4
E55A G63A 104 289   522    56   4.4   4.8   3.3
E55A  GBN  91 281  1132    56   2.8   6.9   4.7
E55A H61A 122 305   388    56   2.7  10.1   8.1
E55A H62A 117 300   436    56   5.8   9.5   8.2
E55A H63A 111 295   510    56   3.0   7.1   7.1
E55A H64A 108 293   570    56   1.9   5.3   7.0
E55A HANN  92 278   720    56   7.0   5.2   4.8
E55A HOLY  86 273   736    56   5.0   6.2  10.0
E55A I60A 142 324   362    50   8.1   6.0   9.7
E55A I62A 126 309   469    56   3.7   4.8   4.4
E55A I63A 120 304   506    56   9.3  10.1  13.3
E55A I64A 117 301   578    56   0.9   8.8   7.9
E55A J59A 159 340   354    56   5.9   9.1   7.8
E55A J62A 135 318   491    56   4.7   3.3   5.3
E55A J63A 130 314   528    56   6.7  11.3  12.3
E55A JOSY 104 291   823    28   5.1   9.1   7.1
E55A K60A 157 339   460    56   7.3   7.4  10.0
E55A K62A 143 326   519    56  10.2   2.3   2.0
E55A L63A 144 327   622    56   5.6   1.0   5.5
E55A L65A 134 318   686    56   5.1   1.3   3.9
E55A LATQ  66 249   270    56   2.1   3.9   7.0
E55A  LMN  90 278   871    56   2.3   5.9   6.5
E55A LSQQ 347 166   298    56  10.8   6.0  12.2
E55A MALY  90 279   983    56   3.2   7.3   4.4
E55A N62A 160 342   648    56   5.4   8.9   5.1
E55A NATG  62 252  1068    56   2.7   1.3   2.7
E55A PLVO 207  26   176    56   0.6   8.1   9.4
E55A QM38  69 253   418    56   6.5   5.4   9.6
E55A QM50  55 238   396    28   7.5   0.0   2.3
E55A QM60  33 215   364    28   4.1   5.0   1.2
E55A QMM5  45 230   724    34   0.5   6.7   3.9
E55A SHEY  93 283  1102    56   1.0   4.2   1.5
E55A SUSY  92 279   825    56   6.0   2.1   7.0
E55A VLDQ 327 146   232    56   7.3   5.6   7.4
E55A  WES 138 322   589    56   5.8   2.0   2.4
E58A E62A  83 266   290    56   5.0   6.0   3.6
E58A EDEY  93 281   856    56   1.7   2.6   0.4
E58A F57A 241  60   126    56   9.9   8.8  11.0
E58A F60A 113 294   112    56   0.9   7.7   7.0
E58A F61A 103 285   182    56   4.5   7.0   7.0
E58A F62A 100 283   261    56   3.5   7.1   5.3
E58A F64A  97 280   385    56   2.1   2.5   4.1
E58A G59A 177 357   144    56   4.0   7.2   7.0
E58A G61A 131 312   182    56   1.3   4.4   6.4
E58A G62A 120 302   249    56   6.4   4.1   5.4
E58A G63A 115 297   317    56   5.9   7.0   6.3
E58A H61A 152 333   231    56  14.9   7.5  11.5
E58A H62A 140 321   260    56   4.0   1.5   5.1
E58A H63A 126 308   317    56   2.4   8.1   9.1
E58A H64A 120 303   371    56   1.6   8.0  12.5
E58A  HAL 101 288   781    56   3.5   2.9   3.3
E58A HANN  94 279   506    56   6.6   7.7   7.7
E58A HOLY  86 271   524    56   8.0   4.3   5.6
E58A I57A 216  34   329    39   6.1   9.9   9.8
E58A I60A 180   0   281    50   4.7   9.2   9.7
E58A I62A 150 332   317    56   9.3   4.7  10.9
E58A I63A 140 322   334    56   5.2   5.5   7.3
E58A  ICQ  50 234   569    56   9.0   0.2   5.0
E58A J63A 152 334   385    56  12.0   4.0  10.2
E58A JOSY 110 295   616    28   6.3   2.6   5.3
E58A K60A 187   6   420    56   5.7   4.7   4.9
E58A K62A 168 349   420    56   3.8   4.0   6.9
E58A L63A 164 346   518    56   8.6  10.3  11.8
E58A L65A 151 333   547    56   9.0   2.8  11.0
E58A LATQ  18 199   119    56   6.9   2.3   4.8
E58A M66A 155 337   622    56   5.6   2.4   4.0
E58A MALY  91 278   770    56   3.0   1.3   5.3
E58A N62A 182   1   605    56   1.1   4.1   6.3
E58A NATG  57 245   889    56   5.8   4.8   9.3
E58A PLVO 245  62   331    56   6.9   8.0  10.0
E58A QM38  51 233   234    56  11.3   3.2   6.9
E58A QM50  28 209   257    28   2.9  15.4   6.7
E58A QMM5  32 215   597    34   9.6   3.7   8.4
E58A SHEY  95 283   888    56   1.3   3.6   2.8
E58A SUSY  94 280   611    56   5.4   8.3   9.3
E58A VLDQ 302 119   395    56  11.1   5.8  13.4
E58A  WES 160 341   470    56  10.3   0.3   8.6
E58A WODY  99 285   685    56   1.9   1.5   5.5
E62A E64A  99 280   132    56   4.4   9.4   7.7
E62A EDEY 101 286   573    56   1.6   4.1   0.8
E62A EMMW 142 324   267    56   3.3   0.8   2.4
E62A F57A 259  75   409    56  11.4   4.7   9.0
E62A F60A 250  68   201    56   5.0   8.1   9.4
E62A F61A 238  57   134    56   8.1   6.5   7.4
E62A F64A 132 313   124    56   5.1   1.5   6.7
E62A G57A 250  66   456    56   1.1  10.6   6.9
E62A G59A 240  58   332    56   0.7   2.6   2.2
E62A G61A 227  46   215    56   1.4  13.8   8.8
E62A G62A 207  26   174    56   8.2   7.4   9.0
E62A G63A 183   3   167    56   7.7   3.4   7.2
E62A  GBN  99 285   634    56   8.1   5.5   8.9
E62A  GGN 128 310   267    56   1.2   6.6   6.5
E62A H63A 191  10   221    56   4.0   9.2   9.5
E62A H64A 174 354   221    56  12.9   2.8   6.4
E62A H65A 155 336   236    56   8.4   3.1   6.8
E62A  HAL 113 298   512    56   2.3   3.0   5.0
E62A HOLY  91 274   235    56   7.9   5.7   6.8
E62A I60A 225  42   427    50   4.1   8.0   4.4
E62A I63A 197  16   297    56   5.6   9.2   7.9
E62A I64A 182   2   300    56   4.0   6.7   2.2
E62A  ICQ  27 208   364    56   6.1   2.0   6.1
E62A J59A 230  46   526    56   4.0   2.8   1.8
E62A J62A 206  25   418    56   5.5   3.6   5.8
E62A J63A 199  18   391    56   1.6   7.4   5.9
E62A JOSY 132 315   379    28   6.8  19.3  15.9
E62A K60A 219  36   564    56   7.5   5.5   6.2
E62A K62A 207  25   489    56   2.2   3.7   5.6
E62A L63A 198  17   554    56   4.6   1.7   6.5
E62A L65A 185   5   512    56   9.2   3.4   6.3
E62A LATQ 290 108   262    56   7.4   9.1   8.4
E62A  LMN 101 285   374    56   6.1   8.1   9.0
E62A LSQQ 299 113   620    56   7.5   5.6   6.9
E62A MALY  99 283   485    56   1.8  11.2  10.8
E62A N62A 208  25   707    56   3.7   3.0   1.8
E62A NATG  48 233   642    56   0.9   3.0   5.3
E62A QM38 320 139   155    56   7.0   4.7   6.1
E62A QM50 322 140   256    28   2.8   1.0   4.6
E62A QM60 316 133   402    28   7.2   1.0   1.9
E62A QMM5   6 187   473    34   8.4   6.5  11.5
E62A SHEY 103 288   608    56   1.2   3.4   6.6
E62A SUSY 106 289   331    56   2.2   9.1   6.9
E62A WODY 112 296   413    56   2.4   7.2   9.0
E64A EDEY 102 286   441    56   3.3   2.5   3.4
E64A EMMW 171 351   192    56   4.8   7.4   6.3
E64A F57A 265  80   535    56   5.5   9.0   9.3
E64A F60A 263  80   322    56   6.5   2.9   5.2
E64A F61A 260  77   249    56   8.0   3.3   7.6
E64A F62A 251  70   175    56   8.9   6.4   8.4
E64A F64A 213  33    74    56   4.7   7.4   6.8
E64A G57A 258  73   575    56   3.8   3.1   4.7
E64A G61A 248  65   314    56   3.4   4.4   4.7
E64A G63A 225  43   201    56   6.1   4.5   5.4
E64A  GBN 101 285   503    56   4.0   7.0   1.6
E64A  GGN 152 332   164    56   9.3   6.0   7.5
E64A H61A 238  55   383    56   6.3   9.9  11.1
E64A H62A 233  51   331    56   2.7   5.3   5.6
E64A H63A 222  41   260    56   0.4   7.8   4.7
E64A H64A 209  28   225    56   3.2   4.2   7.7
E64A H65A 190  10   194    56   5.1   7.0   8.9
E64A  HAL 119 302   386    56   5.6   7.0   8.3
E64A HANN 126 306   101    56   2.4   5.0   4.5
E64A HOLY  83 264   105    56   4.6   5.7   7.2
E64A I57A 249  63   674    39   2.0   3.2   5.7
E64A I60A 238  54   516    50   3.2  11.1  10.8
E64A I62A 226  43   395    56   1.7   7.4   6.1
E64A I63A 220  38   340    56   2.3  11.1  11.9
E64A I64A 208  26   312    56   2.5   5.0   4.5
E64A J59A 240  56   620    56   4.8   5.8   6.5
E64A J62A 223  40   474    56   5.8   3.9   4.7
E64A JOSY 149 330   279    28   8.2   3.6  10.5
E64A K60A 231  47   640    56   1.6   5.9   3.0
E64A K62A 222  38   544    56   2.0   9.6   7.1
E64A L65A 201  19   519    56   3.1   2.2   2.7
E64A LATQ 288 104   392    56   6.6   1.1   8.3
E64A  LMN 104 286   242    56   5.4  12.3  10.2
E64A LSQQ 296 110   746    56   4.6   5.3   5.4
E64A M66A 199  17   602    56   1.4   1.0   5.0
E64A MALY 100 283   353    56   6.1   5.5   6.8
E64A PLVO 261  75   735    56   5.4   4.5  12.0
E64A QM16 184   4   135    56   4.9   4.0   7.9
E64A QM38 302 120   269    56   8.4   5.8   7.9
E64A QM50 309 126   364    28  12.6   6.7  13.9
E64A QM60 309 124   513    28   5.6   7.0   5.6
E64A QMM5 352 171   497    34   0.3   1.0   3.9
E64A SHEY 105 290   476    56   1.1   6.6   5.1
E64A SUSY 112 294   201    56   4.3   6.8   9.2
E64A VLDQ 288 101   776    56   3.7   1.4   4.6
E64A  WES 213  31   527    56   1.0   5.6   4.4
E64A WODY 120 302   287    56   4.2   2.1   6.1
EDEY EMMW 260  77   413    56   8.3   1.4   5.7
EDEY F57A 277  88   965    56   4.8   4.1   3.9
EDEY F61A 278  92   678    56   8.1   2.7   6.5
EDEY F62A 278  92   598    56   7.4   3.0   6.7
EDEY F64A 278  94   472    56   9.2   3.9  12.3
EDEY G57A 272  83   994    56   6.1   5.1   8.7
EDEY G59A 271  83   853    56   0.3   1.3   3.3
EDEY G61A 272  85   721    56   7.4   0.8   6.1
EDEY G63A 269  84   574    56   7.8   4.4   5.5
EDEY  GBN  93 274    63    56   7.1   5.2   7.1
EDEY H63A 265  79   614    56   4.3   1.9   3.3
EDEY H64A 263  78   551    56  10.7   5.9  10.7
EDEY H65A 262  78   474    56   8.4   2.8   7.7
EDEY  HAL 229  48   134    56   3.0   8.6   7.7
EDEY HANN 280  96   350    56   4.1   5.9   9.0
EDEY HOLY 292 109   343    56   8.6   0.0   5.8
EDEY I60A 262  75   888    50   4.4   3.8   6.6
EDEY I63A 260  74   672    56   0.3   3.5   0.6
EDEY J59A 262  73   993    56   7.4   4.1   9.0
EDEY J62A 255  69   796    56  12.5   2.1   7.1
EDEY J63A 254  68   738    56   8.1   5.0   8.7
EDEY JOSY 247  65   320    28   2.8   2.7   6.5
EDEY K62A 252  65   852    56   5.3   5.7   5.4
EDEY L63A 245  59   848    56   2.0   0.6   3.4
EDEY LATQ 289 101   832    56   4.8   3.4   2.9
EDEY  LMN 284 102   199    56   9.7   2.5   6.4
EDEY LSQQ 295 104  1178    56   3.5   3.7   7.7
EDEY MALY 296 116    90    56   4.1   0.0   2.4
EDEY N62A 245  57  1034    56   8.3   2.7   9.4
EDEY NATG 356 176   540    56   8.0   7.5  10.2
EDEY PLVO 273  83  1158    56   8.6   4.6   8.9
EDEY SHEY 143 323    43    56   5.6   5.9   6.4
EDEY  WES 248  62   798    56   3.0   1.1   3.3
EDEY WODY 259  77   188    56   4.1   2.3   6.5
EMMW F57A 285 100   581    56   4.2   4.3   5.7
EMMW F60A 293 110   379    56   6.2   4.6  10.6
EMMW F61A 298 116   311    56   7.3   3.6   7.4
EMMW F62A 305 123   237    56  10.0   4.0   8.2
EMMW F64A 332 151   146    56   8.7   5.6  10.5
EMMW G57A 277  92   596    56  12.5   4.7  13.4
EMMW G61A 283 100   327    56  11.1   1.4   8.0
EMMW G63A 286 104   177    56   9.8   6.5  12.5
EMMW  GBN  78 263   475    56   5.4   8.9   8.8
EMMW  GGN  47 227    67    56   3.7   2.7   4.7
EMMW H62A 268  86   294    56  13.9   4.6  10.8
EMMW H64A 268  86   140    56   3.4   3.6   5.0
EMMW H65A 269  89    63    56   5.8   6.2   6.5
EMMW  HAL  90 273   307    56   1.2   4.9   1.4
EMMW HANN  22 203   141    56   9.0   2.3   8.2
EMMW I57A 265  80   660    39  16.9   3.0  10.9
EMMW I60A 260  76   475    50   9.0   3.9   8.9
EMMW I62A 255  72   323    56   4.3   3.4   9.3
EMMW I63A 255  73   259    56   5.1   6.7   7.6
EMMW I64A 244  63   195    56   1.3   5.0   4.9
EMMW  ICQ   1 182   535    56   9.8   5.8   8.9
EMMW J59A 259  74   581    56   3.8   6.1   6.3
EMMW J62A 246  63   386    56   4.7   7.3   6.5
EMMW J63A 243  60   331    56   1.1   5.0   3.4
EMMW JOSY 113 294   125    28   6.8   5.2   6.7
EMMW K60A 248  64   568    56   5.7   5.8   8.8
EMMW K62A 241  58   447    56   2.9   6.2   7.1
EMMW L63A 228  45   462    56   4.8   2.0   0.9
EMMW LATQ 308 124   508    56   5.7   6.6   6.2
EMMW M66A 211  29   441    56   0.4   2.7   3.8
EMMW N62A 232  48   646    56   6.1   4.9   6.5
EMMW PLVO 276  89   760    56   9.7   2.7   6.7
EMMW QM16 325 145    68    56   5.5   4.8   5.9
EMMW QM38 323 140   421    56   3.3   0.9   5.5
EMMW QM60 320 136   668    28   3.7   1.4   2.3
EMMW QMM5 352 171   690    34   3.6   6.9   5.6
EMMW SUSY  54 236   195    56   6.5   0.9   6.2
EMMW VLDQ 300 112   880    56   5.3   2.9   7.4
EMMW WODY  78 260   225    56   6.1   5.3  11.0
F57A F60A  84 266   213    56  10.1   2.9   5.7
F57A F61A  85 268   288    56   3.9   9.2   7.3
F57A F62A  87 270   367    56   5.6   8.3  10.2
F57A F64A  87 272   493    56   2.9   7.2   7.3
F57A G57A 196  16    82    56   1.6   5.9   5.1
F57A G59A 124 305   144    56   2.0   6.2   4.3
F57A G62A 100 283   332    56   4.5  12.0  10.1
F57A G63A  99 283   404    56   4.8   6.1   8.1
F57A  GBN  88 277  1028    56   4.2   8.7   7.6
F57A  GGN  94 280   619    56   1.6   5.8   4.6
F57A H61A 122 304   260    56   1.6  12.6   7.8
F57A H62A 115 298   310    56   3.3   6.4   6.1
F57A H63A 108 291   387    56   3.2   5.1   4.5
F57A H64A 105 289   449    56   2.7   5.8   4.4
F57A H65A 101 286   521    56   2.6   3.4   4.8
F57A  HAL  95 282   881    56   4.6   3.2   4.2
F57A HOLY  80 266   640    56   6.8   5.3   6.8
F57A I60A 153 334   245    50   6.1   2.3  11.1
F57A I62A 128 310   342    56   4.7   8.5  14.6
F57A I63A 120 303   379    56   5.1   8.7   7.9
F57A I64A 116 300   452    56   3.2   6.5   6.0
F57A  ICQ  51 236   693    56   3.7   4.9   8.1
F57A J59A 177 357   261    56   5.4   7.0   7.0
F57A J62A 140 322   367    56   8.6   9.1  11.3
F57A J63A 133 316   402    56   7.4   6.0  11.1
F57A K60A 169 350   361    56   6.4   6.3   6.7
F57A K62A 150 332   401    56  10.1   4.8  11.0
F57A L63A 149 332   504    56   6.7   5.9   8.0
F57A L65A 137 320   562    56   4.3   8.3   9.6
F57A  LMN  86 273   768    56   2.6   8.6   7.9
F57A LSQQ 335 154   400    56   2.7   8.4   8.4
F57A M66A 142 325   626    56   4.9   6.0   9.6
F57A MALY  86 274   881    56   2.2   6.3   5.8
F57A N62A 169 350   551    56   0.7   5.3   5.5
F57A PLVO 246  64   205    56   6.6  10.7   9.5
F57A QM16  95 280   531    56   0.4   5.0   3.1
F57A QM38  53 236   359    56   6.7   2.5   5.8
F57A QM60  15 196   387    28   0.8   1.5   1.8
F57A QMM5  36 220   710    34   5.5   2.2   2.8
F57A SHEY  90 279   995    56   3.1   1.7   0.9
F57A SUSY  88 274   720    56   3.1   6.0   5.2
F57A VLDQ 320 137   352    56   6.7   8.0   9.9
F57A  WES 143 326   467    56   6.2   6.1   3.9
F57A WODY  92 279   788    56   5.2   7.6   8.5
F60A F61A  89 270    74    56   2.5   6.5   5.5
F60A F62A  92 274   154    56   8.5   4.3   5.5
F60A F64A  91 274   280    56   3.8   6.6   5.7
F60A G57A 249  67   256    56   7.6   6.6   9.4
F60A G59A 225  44   138    56   0.8   5.0   4.1
F60A G61A 156 337    83    56   4.6   6.1   6.4
F60A G62A 126 307   139    56   7.3   5.8   9.5
F60A G63A 117 298   205    56   0.6   8.3   9.3
F60A  GGN 101 285   410    56   0.8   5.3   4.1
F60A H61A 179 359   161    56   5.2   2.7   6.5
F60A H62A 158 338   167    56   9.6   6.3   8.2
F60A H63A 133 315   209    56   4.6   3.7   8.4
F60A H64A 124 306   260    56   3.8  13.2  10.9
F60A H65A 115 297   323    56   4.0   9.8   6.8
F60A  HAL 100 286   672    56   0.0   0.0   1.5
F60A HANN  90 273   402    56   4.0   3.4   6.6
F60A HOLY  80 264   428    56   8.8  11.4  11.8
F60A I57A 234  51   370    39   1.2  10.4   6.7
F60A I62A 168 348   238    56   5.8   2.7   9.4
F60A I63A 153 334   239    56   9.2   6.0   8.9
F60A I64A 140 322   292    56  11.4   4.0   9.4
F60A  ICQ  40 223   528    56   2.6   9.3   5.7
F60A J59A 217  35   344    56   5.1   5.1   7.1
F60A J62A 178 358   305    56   4.2   5.0   8.0
F60A J63A 167 347   307    56   5.7   3.2   6.1
F60A JOSY 110 294   504    28   4.6  13.9  12.8
F60A K60A 203  22   403    56   1.8   2.8   6.6
F60A K62A 184   3   368    56   1.1   3.0   2.2
F60A L63A 176 357   457    56   9.6   7.3   9.1
F60A L65A 160 341   463    56   5.8   1.9   8.1
F60A LATQ 338 158   170    56   4.4  10.0   9.2
F60A  LMN  89 274   554    56   4.6   4.7   4.2
F60A LSQQ 314 130   511    56   8.0   2.0   8.8
F60A M66A 164 345   543    56   3.9   4.3   5.4
F60A MALY  89 275   667    56   6.4   6.7   8.8
F60A NATG  51 238   832    56   8.8   3.4   6.2
F60A PLVO 257  74   413    56   7.8   5.5   7.4
F60A QM16 104 287   323    56   0.2   1.7   2.4
F60A QM38  23 204   207    56   5.8   5.0   6.3
F60A QM60 344 163   371    28   7.3   1.3   0.9
F60A QMM5  22 204   590    34   8.0   8.0   9.9
F60A SHEY  93 280   783    56   2.4   4.9   3.0
F60A SUSY  91 275   507    56   5.7   7.1   8.8
F60A VLDQ 301 117   505    56  12.8   6.6  14.3
F60A  WES 173 353   401    56   7.7   5.6   7.6
F60A WODY  97 282   577    56   2.2   9.2   6.5
F61A F62A  96 277    80    56   2.0   6.4   5.3
F61A F64A  92 274   205    56   6.5   5.7   6.0
F61A G57A 254  71   327    56  12.7   0.6   7.9
F61A G59A 241  59   198    56   2.5  10.4   8.3
F61A G61A 209  28    87    56   7.3   4.5   2.9
F61A G62A 157 337    91    56   6.8   7.7   9.0
F61A G63A 131 312   144    56   8.2   7.8   9.3
F61A  GBN  91 278   741    56   1.5   9.7  11.5
F61A H61A 205  24   177    56   1.1   4.5   5.2
F61A H62A 185   5   156    56   2.5   4.6   7.7
F61A H63A 152 333   164    56   7.2   9.2   8.5
F61A H64A 136 317   203    56   6.9   8.1  10.0
F61A H65A 122 304   258    56   1.6   9.0   6.2
F61A  HAL 102 287   599    56   5.7   0.4   4.8
F61A HANN  90 273   328    56   0.3   8.0   3.8
F61A HOLY  78 262   354    56   3.5   5.2   6.1
F61A I57A 240  57   432    39   5.9  11.9   8.2
F61A I60A 218  37   298    50   3.4   3.4   5.8
F61A I62A 187   7   235    56   2.2   6.0   5.4
F61A I63A 171 352   216    56   7.3   4.9   6.9
F61A I64A 154 335   252    56   6.7   4.2   8.9
F61A  ICQ  34 217   483    56   9.7   6.9  10.3
F61A J59A 226  44   394    56   3.6   8.2   9.1
F61A J62A 192  12   312    56   4.5   2.7   3.3
F61A JOSY 114 298   435    28  10.3  10.5  16.5
F61A K60A 213  31   439    56   4.6   1.1   5.0
F61A L63A 186   6   459    56   6.9   5.4   6.6
F61A L65A 170 351   445    56   4.3   0.7   3.9
F61A LATQ 319 138   208    56   6.9  10.0  10.4
F61A  LMN  89 274   480    56   6.5   5.2   7.6
F61A LSQQ 309 125   566    56   8.1  11.5   9.9
F61A M66A 172 353   528    56   0.4   0.9   1.6
F61A MALY  89 275   593    56   1.7   4.5   9.6
F61A N62A 201  19   595    56   2.8   1.1   1.2
F61A PLVO 260  76   486    56   7.5   4.3   8.9
F61A QM16 109 291   252    56   3.7   2.8   2.1
F61A QM38   3 183   189    56   6.7   7.4  12.6
F61A QM50 350 169   275    28   7.8   3.5   5.7
F61A QM60 334 153   396    28   6.6   4.8  10.0
F61A SHEY  94 281   709    56   1.8   7.0   5.2
F61A SUSY  92 276   433    56   0.8   2.2   2.5
F61A VLDQ 298 113   569    56   9.2   3.1   9.5
F61A  WES 184   4   400    56   4.9   3.6   2.6
F62A F64A  91 272   126    56   6.1   5.9   8.0
F62A G59A 251  69   267    56   2.5   9.7   6.6
F62A G61A 241  60   140    56   7.6   9.5  11.6
F62A G62A 211  30    87    56   6.5   6.8   4.5
F62A G63A 163 343    91    56  10.3   8.2   9.9
F62A  GBN  92 278   661    56   2.5  10.4   7.4
F62A H61A 226  45   217    56   4.1   8.8   8.9
F62A H62A 213  32   174    56   4.7   8.7   7.9
F62A H63A 182   2   137    56   5.3   4.9  10.7
F62A H64A 157 338   151    56  11.8   6.2   9.3
F62A H65A 134 315   190    56   5.2   9.4   6.4
F62A  HAL 103 288   519    56   5.5   6.8   5.9
F62A HANN  89 272   248    56   6.0   9.1   8.8
F62A HOLY  74 257   279    56   3.7   6.5   5.8
F62A I57A 246  62   499    39   3.5   9.5   7.7
F62A I62A 206  25   249    56   5.4   6.4   7.4
F62A I64A 173 353   221    56  11.3   6.7  13.4
F62A  ICQ  26 208   451    56   0.8  11.6   5.8
F62A J59A 235  52   450    56   3.4   7.3   9.0
F62A J62A 207  26   331    56   2.7   6.5   6.6
F62A J63A 197  16   304    56   6.5   9.1  10.3
F62A JOSY 119 302   360    28   6.5  10.6   8.6
F62A K60A 222  39   480    56   6.2   9.4  12.9
F62A K62A 208  26   402    56   3.1   4.8   5.2
F62A L65A 181   1   430    56   3.1   2.8   2.5
F62A LATQ 308 126   272    56   6.3   7.7   7.6
F62A MALY  89 274   514    56   2.8   4.6   7.6
F62A N62A 208  26   620    56   2.2   2.1   1.6
F62A NATG  45 230   722    56   8.9   3.4   1.7
F62A PLVO 263  78   564    56  12.9   4.5  11.9
F62A QM38 341 161   209    56   4.6   9.7   8.6
F62A QM50 336 155   307    28   0.1   0.6   1.6
F62A QMM5   9 189   557    34   7.2   5.9   9.1
F62A SHEY  95 281   629    56   2.7  12.3   8.2
F62A  WES 196  15   405    56   0.4   4.7   4.3
F62A WODY 100 284   424    56   2.7   6.6   8.6
F64A G57A 263  78   525    56  10.1   7.6  12.0
F64A G59A 259  75   388    56  11.1   0.3   7.0
F64A G62A 248  66   185    56   6.3   5.2  13.5
F64A G63A 230  50   129    56   3.8   7.8   8.0
F64A  GBN  93 278   535    56   0.1  13.3   8.5
F64A  GGN 125 306   144    56   3.2   3.2   3.9
F64A H61A 243  61   318    56   1.6   7.6   4.6
F64A H62A 238  56   263    56   2.5   8.7   6.0
F64A H63A 225  44   188    56   3.7   2.8   7.7
F64A H64A 207  26   152    56   2.8   4.9   9.9
F64A H65A 176 356   130    56  10.9   5.8   8.7
F64A  HAL 108 292   398    56   6.5   2.1   4.8
F64A HANN  88 270   123    56   2.0   6.0   7.0
F64A HOLY  62 244   163    56   7.8   9.2   9.4
F64A I57A 252  67   615    39   4.2   3.3   3.2
F64A I60A 242  58   450    50  10.6   4.5   9.0
F64A I62A 228  46   323    56   0.7   7.7   6.1
F64A I63A 222  40   268    56   4.4   3.7   3.7
F64A I64A 206  25   239    56   5.2   6.9   7.5
F64A  ICQ  11 192   415    56   4.9   4.4   9.8
F64A J59A 244  59   556    56   7.3   1.8   7.0
F64A J62A 224  42   402    56   3.7   5.2   8.3
F64A J63A 218  36   360    56   3.9   2.0   3.1
F64A K60A 233  49   571    56   4.9   0.6   5.2
F64A K62A 222  40   472    56   1.5   3.3   1.8
F64A L63A 212  29   516    56   5.5   3.9   1.1
F64A LATQ 298 115   379    56   8.4   1.1   3.7
F64A LSQQ 302 115   741    56  10.1   5.6  10.5
F64A MALY  89 273   388    56   1.1   7.4   3.2
F64A PLVO 265  79   688    56   9.2   3.3   8.9
F64A QM16 157 337    79    56   5.5   5.5   7.0
F64A QM38 317 136   278    56   5.1  10.7   8.0
F64A QM60 316 133   525    28   5.5   3.2   3.2
F64A QMM5 357 176   555    34   5.1   2.4   3.7
F64A SUSY  93 275   227    56   3.2   7.3   8.4
F64A VLDQ 293 106   760    56   5.0   4.0   3.5
F64A WODY 105 288   300    56   4.5   1.9   4.3
G57A G59A  90 272   142    56   1.7  11.5   7.0
G57A G61A  85 267   272    56   1.4   9.9  10.0
G57A G62A  86 269   350    56   1.8   8.5   4.8
G57A  GBN  83 273  1057    56   5.1   9.2   9.3
G57A H61A 104 286   250    56   4.8   6.9   7.1
G57A H62A 100 282   308    56   8.8  12.4  12.6
G57A H64A  94 278   458    56   5.6   9.9   9.8
G57A H65A  92 277   534    56   6.9   9.7   8.9
G57A  HAL  89 277   901    56   4.5  10.7   7.2
G57A HANN  79 265   648    56  13.1  11.1  12.9
G57A HOLY  74 260   681    56   7.9   8.2   9.8
G57A I60A 135 317   194    50   6.5   7.3   8.2
G57A I63A 107 290   369    56   3.4   3.9   6.9
G57A  ICQ  47 233   762    56   3.9   3.9   1.7
G57A J59A 168 348   186    56   5.3   9.7  11.9
G57A J62A 128 311   328    56   4.8   6.4   7.8
G57A J63A 122 304   372    56   4.9   6.7   8.2
G57A K60A 162 343   290    56   4.1  13.8  11.7
G57A K62A 140 322   350    56   6.9   5.3   9.0
G57A L63A 142 324   452    56   0.1   8.8   5.4
G57A LATQ  33 215   305    56   2.5   4.8   3.9
G57A  LMN  80 268   800    56   3.7  11.0   8.8
G57A LSQQ 342 160   465    56   8.1   3.1   8.3
G57A M66A 136 319   581    56   3.2   5.6   6.8
G57A NATG  53 242  1078    56   3.4   1.6   3.7
G57A PLVO 268  87   165    56  14.0   5.1  10.6
G57A QM16  86 271   553    56   4.5   5.1   6.4
G57A QM38  47 230   427    56   2.4   5.1   4.5
G57A QM50  33 216   446    28   3.9   2.2   9.0
G57A QM60  15 196   469    28   4.8   1.6   5.8
G57A SHEY  85 274  1022    56   5.8  16.2  12.9
G57A SUSY  81 268   751    56   2.3  10.4   6.9
G57A VLDQ 329 147   403    56   7.0   9.1  10.2
G57A  WES 134 317   422    56   1.8   1.8   3.0
G57A WODY  86 274   812    56   5.0   3.3   5.0
G59A G61A  80 261   132    56   4.9   3.9   5.5
G59A G63A  88 270   280    56   9.4   6.8   9.9
G59A  GBN  84 272   916    56   2.8   5.2   5.2
G59A H61A 122 302   117    56   1.5   5.8   3.6
G59A H62A 109 290   170    56   0.6   7.7   5.5
G59A H63A 100 282   253    56   0.2   7.3   6.5
G59A  HAL  90 277   759    56   1.1   0.5   2.8
G59A I57A 238  56   234    39   3.8  11.9   9.8
G59A I60A 184   4   138    50   1.3   5.8   1.6
G59A I62A 132 313   199    56   6.4   6.3   6.7
G59A I63A 118 300   236    56   2.9   8.7   6.2
G59A I64A 113 296   310    56   0.3   4.8   2.2
G59A  ICQ  40 224   666    56   4.3   2.1   4.9
G59A J62A 152 332   233    56   6.7   1.9   4.7
G59A J63A 139 321   261    56   4.0   0.9   2.1
G59A K60A 192  11   280    56   4.1   3.6   4.0
G59A L63A 160 341   379    56   6.3   4.4  10.1
G59A L65A 142 324   423    56   5.6   1.4   3.7
G59A LATQ   7 187   258    56   6.6   4.5   7.2
G59A  LMN  80 266   660    56   0.4   2.6   2.5
G59A LSQQ 328 145   528    56   1.1   3.2   2.8
G59A M66A 149 331   491    56   4.0   1.1   4.0
G59A N62A 183   3   462    56   7.4   6.3   8.6
G59A PLVO 271  88   307    56   8.9   3.7   7.6
G59A QM38  31 213   339    56   7.8   8.7   5.1
G59A QMM5  25 209   719    34   4.4   8.4   5.9
G59A SHEY  86 274   880    56   3.8   4.6   3.9
G59A VLDQ 316 133   492    56   5.7   0.3   4.2
G59A WODY  87 273   670    56   7.6   1.8   3.9
G61A G62A  95 276    78    56   3.9   6.6   6.9
G61A G63A  96 278   151    56   5.1   7.5   9.0
G61A  GGN  91 274   369    56   2.1   4.7   0.5
G61A H61A 201  20    90    56   3.8   6.8   8.4
G61A H62A 159 340    84    56   3.4   4.9   5.6
G61A H63A 120 301   136    56   6.5   9.0   9.8
G61A H64A 111 292   195    56   5.0   6.9   9.8
G61A H65A 103 285   267    56   4.2   4.2   5.4
G61A  HAL  94 279   630    56   1.8   6.6   6.8
G61A HANN  78 262   377    56   2.2   5.9   5.5
G61A HOLY  69 252   416    56   5.2   7.0   7.1
G61A I60A 222  41   213    50   2.9   5.1   5.6
G61A I62A 174 355   157    56   4.4  12.5   7.7
G61A I63A 151 332   156    56   6.2  10.6  12.4
G61A I64A 135 316   213    56   2.6  13.8   7.9
G61A  ICQ  33 216   570    56   3.8   6.3   7.1
G61A J59A 231  49   312    56   1.4   8.8   7.3
G61A J62A 186   6   230    56   0.5   7.4   9.2
G61A J63A 171 351   225    56   9.2   6.9  10.4
G61A JOSY 103 286   451    28   3.4   8.3   7.7
G61A K60A 213  32   352    56   2.5   4.8   9.1
G61A K62A 191  11   296    56   0.9  12.7   8.4
G61A L63A 181   1   380    56   3.0   7.9   9.8
G61A L65A 161 342   380    56   7.1   6.5   7.5
G61A LATQ 338 157   253    56   9.4   5.6  11.2
G61A  LMN  81 265   528    56   1.3   6.5   4.0
G61A LSQQ 317 133   589    56   3.4   5.3   6.0
G61A M66A 165 346   461    56   2.8   5.5   9.0
G61A MALY  82 268   641    56   1.1   7.0   6.2
G61A NATG  46 233   857    56   4.8   3.6   9.8
G61A PLVO 268  84   437    56   3.9   0.8   3.4
G61A QM50 358 178   348    28  14.9   2.2  12.4
G61A SHEY  88 275   749    56   2.8   7.1   6.3
G61A SUSY  82 266   479    56  11.4   6.7  10.1
G61A VLDQ 306 122   575    56   8.4   1.9   8.9
G61A  WES 177 357   322    56   3.1  11.1   9.4
G61A WODY  90 275   540    56   5.2   8.9   9.2
G62A G63A  99 279    73    56   9.2   7.7   7.3
G62A  GBN  85 271   707    56   2.3   9.3   5.7
G62A  GGN  91 274   290    56   2.2   6.5   6.0
G62A H61A 235  55   135    56   3.7   9.2   8.1
G62A H62A 215  34    87    56   3.2   4.9   2.7
G62A H63A 147 328    73    56   5.9   6.9   6.9
G62A H64A 121 302   122    56   4.7  10.3   8.3
G62A H65A 107 289   189    56   0.3   6.8   5.1
G62A  HAL  94 279   552    56   0.7   1.7   5.3
G62A HANN  75 257   303    56   6.3   5.5   9.5
G62A I57A 253  69   431    39   6.8  10.8  15.0
G62A I62A 203  23   162    56   2.8   4.8   8.0
G62A I63A 182   2   130    56   8.8   4.0   6.0
G62A I64A 153 334   161    56   8.7  10.9   9.7
G62A J59A 240  57   372    56   2.3  13.5   9.8
G62A J62A 205  24   244    56   1.5   8.7  10.3
G62A J63A 192  11   220    56   1.0   4.3   6.6
G62A JOSY 105 288   373    28   7.7   4.8   6.8
G62A K60A 224  42   395    56   9.1   5.5   7.9
G62A K62A 206  25   315    56   0.5   2.8   5.3
G62A L63A 194  13   383    56   3.2   2.3   4.9
G62A L65A 174 354   356    56   6.9   9.4  10.6
G62A LATQ 325 143   297    56   3.0   7.2   4.0
G62A  LMN  79 263   453    56   3.1   6.3   8.9
G62A LSQQ 313 129   649    56   7.3   5.6   5.1
G62A M66A 176 356   441    56   0.3   4.6   4.5
G62A MALY  81 266   564    56   0.9   3.5   5.5
G62A N62A 208  26   533    56   6.4   2.0   0.3
G62A NATG  43 229   807    56   8.7   1.5   3.6
G62A PLVO 270  85   515    56   8.9   9.6   9.3
G62A QM38 355 175   274    56   1.7   8.0   5.9
G62A QM50 347 166   365    28   9.2   5.0   7.9
G62A QM60 335 153   488    28   1.2  11.2  10.5
G62A QMM5  11 192   639    34  11.7   7.4   8.0
G62A SHEY  88 274   672    56   5.0   9.3   7.9
G62A SUSY  80 264   403    56   8.8   7.6  11.2
G62A  WES 192  11   321    56   3.3   3.0   4.4
G62A WODY  90 274   462    56   1.4   9.8   7.9
G63A  GBN  84 270   637    56   0.6   3.1   2.3
G63A  GGN  89 271   218    56   0.5   9.4   5.2
G63A H61A 251  69   194    56   6.8   6.4  12.4
G63A H62A 244  63   136    56   7.9   6.1   7.9
G63A H63A 213  33    60    56   2.0   6.1   5.8
G63A H64A 149 329    61    56   6.9   6.8   8.7
G63A H65A 113 294   118    56   1.2   6.9   4.8
G63A  HAL  94 278   479    56   1.1   6.4   6.5
G63A HANN  68 250   239    56   7.7   7.9   8.6
G63A HOLY  56 239   291    56   7.1   2.4   5.0
G63A I57A 257  73   498    39   1.4   6.2   7.0
G63A I62A 225  44   194    56   0.5   6.4   4.9
G63A I63A 213  33   141    56   3.8   6.9   6.2
G63A I64A 181   1   133    56   6.1   5.4   6.6
G63A J59A 247  63   431    56   7.4   4.4   7.9
G63A J62A 221  39   274    56   7.8   5.6   7.2
G63A JOSY 107 290   301    28   8.0   2.4   4.2
G63A K60A 233  50   441    56  10.0   7.2   9.9
G63A K62A 219  37   344    56   0.7   6.4   3.9
G63A L63A 205  23   395    56   4.5   2.9   3.7
G63A LATQ 317 135   351    56   4.6   5.1   6.1
G63A  LMN  76 259   385    56   6.9   9.9   9.9
G63A LSQQ 311 125   710    56   6.6   6.1  10.0
G63A M66A 186   5   430    56   1.2   8.5   3.6
G63A MALY  79 263   496    56   0.4   1.8   2.7
G63A N62A 215  33   561    56   9.8   1.3   5.6
G63A NATG  39 224   769    56   7.6   0.4   6.1
G63A PLVO 272  87   587    56  11.7   4.2   8.8
G63A QM16  85 266   132    56   2.2   2.7   3.1
G63A QM38 342 161   300    56   2.5  13.5   7.4
G63A QM50 338 156   398    28   0.3   6.9   3.6
G63A QMM5   5 186   640    34   1.9   5.1   4.9
G63A SHEY  87 273   600    56   6.1   8.9  11.6
G63A SUSY  77 260   334    56   5.9   6.1   8.6
G63A VLDQ 302 116   710    56  12.3   4.1  11.0
G63A  WES 205  24   333    56   1.1   2.8   2.3
G63A WODY  89 272   390    56   2.9   5.2   4.8
 GBN  GGN 267  84   419    56   5.3   1.1   0.2
 GBN H61A 267  80   827    56  12.0   4.6  10.9
 GBN H62A 266  80   766    56   6.9   4.8   3.6
 GBN H63A 266  80   676    56   8.0   3.4   2.1
 GBN H65A 264  79   536    56   4.6   2.3   2.4
 GBN  HAL 243  62   185    56   1.9   7.6   5.6
 GBN HANN 279  95   413    56  13.8   3.4  10.7
 GBN I57A 267  77  1132    39   6.3   2.7   2.9
 GBN I64A 258  73   665    56   0.0   7.6   5.3
 GBN  ICQ 319 134   630    56   9.0   7.1   8.8
 GBN J62A 257  70   856    56  10.0   2.7   8.8
 GBN J63A 256  69   798    56   4.1   2.7   5.1
 GBN JOSY 252  69   378    28   1.9   6.6   9.6
 GBN M66A 240  54   837    56   1.4   4.4   2.8
 GBN NATG 350 169   551    56   6.6   4.8   9.7
 GBN QM16 270  85   505    56   0.4   3.1   5.9
 GBN QM38 293 106   759    56   2.9   0.8   3.1
 GBN QM50 297 110   841    28   0.6   3.0   2.0
 GBN QM60 299 111   986    28   1.7   2.6   3.7
 GBN SHEY 231  50    48    56   7.5   5.0   7.0
 GBN SUSY 278  95   308    56   5.7   1.8   6.1
 GBN  WES 250  64   856    56   2.6   4.0   7.5
 GBN WODY 263  81   250    56   7.8   4.8   9.1
 GGN H61A 262  79   408    56   9.3   4.1   6.8
 GGN H62A 261  78   346    56   9.1   0.5   9.1
 GGN H64A 255  73   195    56  10.9   7.1  10.7
 GGN H65A 248  67   120    56   8.3   4.4   8.2
 GGN  HAL 101 283   262    56   1.6   7.8   8.5
 GGN HANN   4 184    85    56   1.8   5.7   7.3
 GGN HOLY  10 191   159    56   3.4   7.1   7.8
 GGN I57A 263  76   713    39  10.6   3.3   7.2
 GGN I60A 257  72   532    50   7.0   6.2   7.6
 GGN I62A 250  67   383    56   6.9   3.3   9.4
 GGN I63A 250  67   320    56   3.1   2.7   7.9
 GGN I64A 240  58   259    56   0.9   6.3   3.2
 GGN  ICQ 356 176   491    56   5.3   5.0   8.9
 GGN J59A 256  71   638    56   5.0   7.7   6.8
 GGN J63A 240  57   395    56   1.5   5.2   4.3
 GGN JOSY 145 326   116    28   3.9   4.5   7.3
 GGN K62A 240  56   512    56   4.7   6.4   7.5
 GGN L65A 218  36   430    56   1.0   4.4   2.2
 GGN LATQ 301 117   522    56   3.2   1.9   4.3
 GGN  LMN  62 244   179    56  10.9   2.5   7.0
 GGN LSQQ 303 116   885    56   0.1   7.7   5.5
 GGN M66A 213  31   505    56   3.6   0.1   0.2
 GGN N62A 232  47   712    56   2.9   4.3   7.4
 GGN NATG  26 209   649    56   6.8   4.3   3.6
 GGN PLVO 273  86   805    56   7.6   3.0   6.5
 GGN QM16 277  96    88    56   4.1   1.7   4.2
 GGN QM38 314 131   419    56   4.4   2.1   3.9
 GGN SUSY  58 239   129    56   5.6   6.1   6.1
 GGN VLDQ 296 108   902    56   9.3   4.7   8.9
 GGN WODY  90 272   172    56   1.8   8.7   6.0
H61A H62A  85 265    62    56   5.8   6.3   7.6
H61A H63A  84 265   151    56   2.6   8.2   6.9
H61A H64A  86 267   215    56   2.4   6.2   6.3
H61A H65A  85 268   293    56   2.6   8.2   8.6
H61A HANN  68 251   432    56  10.4   5.6  11.0
H61A HOLY  61 244   481    56   1.3   1.6   3.7
H61A I57A 259  76   305    39   6.2   2.4   3.6
H61A I60A 236  55   133    50   2.0  11.2   8.7
H61A I62A 147 327    86    56   9.7   6.6   8.6
H61A I63A 116 297   120    56   0.9   8.5   5.8
H61A I64A 109 291   195    56   4.8   9.1   7.7
H61A J59A 241  59   238    56   6.8   8.0   8.3
H61A J62A 176 356   144    56   7.9   7.6  12.0
H61A J63A 153 334   154    56   4.2   6.9   9.7
H61A K60A 217  36   265    56   3.3  10.8   9.3
H61A L63A 175 355   297    56   3.1   6.7   6.4
H61A L65A 151 332   316    56   7.3   1.7   7.6
H61A LATQ 349 168   325    56   8.4   4.5   7.0
H61A  LMN  73 258   579    56   8.2  10.3  10.8
H61A LSQQ 324 141   634    56   5.5   7.7   9.4
H61A M66A 157 339   391    56   3.2   0.1   3.1
H61A MALY  75 261   688    56   6.6   4.2   7.0
H61A N62A 198  17   419    56   2.1   0.3   0.8
H61A NATG  44 230   939    56   0.9   1.8   3.4
H61A PLVO 280  96   411    56   6.2   2.1   5.4
H61A QM16  75 258   323    56   3.8   6.7   3.3
H61A QMM5  17 200   741    34   7.0   3.6   2.5
H61A SUSY  73 258   528    56   1.9   9.7  10.5
H61A VLDQ 314 130   606    56   6.0   2.9   6.3
H61A  WES 168 349   243    56   7.4   5.3   7.6
H62A H63A  83 264    89    56   7.9   5.6   8.4
H62A H64A  87 268   154    56   3.7   2.6   4.8
H62A H65A  86 268   231    56   4.1   8.6   7.7
H62A  HAL  87 272   600    56   2.0   4.5   2.3
H62A HANN  66 249   374    56   2.2   9.0   7.1
H62A HOLY  58 241   426    56   4.2   6.2   5.3
H62A I57A 260  77   367    39   4.2   7.5   5.9
H62A I60A 245  64   189    50   2.3   8.2   5.2
H62A I62A 191  10    79    56   5.6   3.8   5.6
H62A I63A 142 322    74    56   7.2   7.3  11.4
H62A I64A 120 301   142    56   5.5   5.5   5.4
H62A  ICQ  27 210   624    56   3.2   3.9   4.6
H62A J59A 246  64   295    56   7.3   7.3   9.5
H62A J62A 200  19   159    56   4.9   4.7   4.7
H62A J63A 177 358   144    56   6.5   9.1  11.8
H62A K60A 226  44   310    56   0.4   6.3   6.2
H62A L63A 187   7   303    56   3.0   8.8   9.2
H62A L65A 162 343   297    56   7.5  10.1  11.5
H62A LATQ 339 157   337    56   5.8   8.1   8.2
H62A  LMN  72 256   519    56   6.3   5.0   9.2
H62A LSQQ 320 136   667    56  12.1   5.4  11.8
H62A M66A 167 348   378    56   4.2   6.0   6.8
H62A MALY  75 260   628    56   6.8   3.0   9.9
H62A N62A 206  24   447    56   0.3   9.8   6.2
H62A NATG  42 228   893    56   8.1   3.9   7.6
H62A PLVO 278  94   471    56   5.6   2.1   4.4
H62A QM16  73 256   263    56   0.4   4.9   1.7
H62A QM38   4 184   345    56   7.9   0.3   2.4
H62A QM50 355 175   428    28  10.7   0.7   8.3
H62A QM60 343 161   537    28   5.9   7.0   4.8
H62A QMM5  13 195   719    34   4.0   0.2   1.2
H62A SUSY  72 256   468    56   0.3   7.4   4.9
H62A VLDQ 311 126   647    56   4.5   3.8   6.1
H62A WODY  81 266   517    56   0.1   7.6   4.2
H63A H64A  92 272    65    56   7.9   7.2   8.5
H63A H65A  88 269   142    56   1.7   7.1   4.0
H63A HANN  61 243   290    56   4.6   3.9   5.9
H63A HOLY  52 235   347    56   4.1   4.1   5.7
H63A I57A 262  78   456    39  11.4   9.2  13.4
H63A I63A 213  32    81    56   6.0   6.0   4.8
H63A I64A 159 339    88    56   4.8   6.0   8.1
H63A J59A 251  68   382    56   9.4  10.9  12.1
H63A J62A 222  41   214    56   6.9   7.0   7.3
H63A J63A 209  28   175    56   4.6   7.8  11.1
H63A JOSY  96 279   323    28   7.5  14.8  11.5
H63A K60A 235  53   385    56   2.6   5.3   5.2
H63A K62A 219  38   284    56   2.7   8.7   7.9
H63A L65A 180   0   292    56   3.7   6.9   6.9
H63A LATQ 326 144   370    56   6.4  11.6  11.0
H63A  LMN  70 254   431    56   5.1   6.3   8.1
H63A LSQQ 315 130   720    56   7.8   4.7   8.7
H63A NATG  38 224   829    56   2.9   2.1   0.3
H63A QM38 350 169   341    56   0.1  12.9   7.7
H63A QM50 344 163   435    28   2.2   7.3   5.6
H63A QM60 335 152   560    28   4.9   4.4   7.2
H63A SHEY  82 268   638    56   2.5   3.9   4.1
H63A SUSY  70 254   380    56   7.9   2.9   7.7
H63A  WES 203  22   273    56   7.6   1.4   5.1
H63A WODY  82 265   427    56   5.0   6.4   7.1
H64A H65A  85 266    77    56   7.1   5.5   6.7
H64A HANN  54 235   237    56   7.3   0.4   4.6
H64A I57A 264  79   520    39   4.4   2.3   6.5
H64A I60A 256  73   337    50   3.1   7.1   5.7
H64A I63A 239  58   127    56   8.8   6.1  11.7
H64A I64A 203  22    87    56   1.3   5.3   4.3
H64A  ICQ  15 196   562    56   4.0   2.7   6.2
H64A J59A 255  71   443    56   3.8   5.1   5.9
H64A J62A 234  52   261    56   5.9   4.7   5.6
H64A J63A 225  44   212    56   2.8   5.3   5.5
H64A JOSY  98 280   259    28   0.1  12.7  12.3
H64A K60A 241  58   439    56   6.1   3.4   5.4
H64A K62A 229  47   328    56   3.3   8.2   8.9
H64A L63A 213  31   365    56   1.0   7.5   7.7
H64A LATQ 319 137   411    56   5.7   1.1   2.7
H64A  LMN  67 250   372    56   0.1   3.8   5.2
H64A LSQQ 312 127   768    56   9.0   2.6   8.2
H64A M66A 192  11   383    56   2.5   1.0   3.1
H64A N62A 222  39   539    56   8.7   2.1   6.0
H64A NATG  35 220   792    56   5.6   6.6   7.3
H64A QM16  57 238   118    56   5.0   6.7   7.1
H64A QM38 340 159   360    56   1.8   4.6   6.4
H64A QM50 337 155   459    28  12.1   8.4   9.9
H64A QM60 330 147   593    28   0.8   7.5   4.0
H64A SHEY  82 267   574    56   0.6  10.3   5.0
H64A SUSY  67 249   321    56   7.0   6.3   7.8
H64A VLDQ 304 118   765    56   7.0   5.9  10.6
H64A  WES 215  33   303    56   4.1   1.1   1.2
H64A WODY  80 264   364    56   2.3   9.2  10.2
H65A HOLY  34 215   246    56   6.9   0.6   2.6
H65A I60A 259  75   414    50   5.7   3.9   5.3
H65A I62A 251  69   263    56   3.1   6.3   7.6
H65A I63A 250  68   199    56   8.2   5.8  12.3
H65A I64A 233  52   140    56   2.9   9.9   8.9
H65A J59A 257  73   519    56   8.1   1.6   2.5
H65A J62A 242  59   329    56   3.5   6.5   7.8
H65A J63A 236  54   276    56   4.4   5.3   6.2
H65A JOSY 104 286   184    28  10.5   4.0   8.4
H65A K60A 245  61   510    56   7.8   7.0  10.5
H65A L63A 222  40   417    56   3.1   0.2   0.3
H65A LATQ 312 129   461    56   6.1   3.0   6.6
H65A LSQQ 309 123   823    56   8.2   3.5   4.9
H65A MALY  71 254   403    56   0.9   2.1   4.9
H65A N62A 227  44   597    56   2.4   9.1   7.8
H65A NATG  31 215   744    56   2.9   1.7   3.8
H65A PLVO 276  90   698    56   8.9   1.0   8.5
H65A QM16  22 202    62    56   6.9   4.0   5.7
H65A QM60 324 140   630    28   4.8   1.4   9.7
H65A QMM5 357 176   685    34   9.3  11.4  11.6
H65A SHEY  82 267   497    56   0.9  12.4  12.0
H65A SUSY  62 244   249    56   2.1   3.1   3.8
H65A  WES 225  43   357    56   4.0   6.2   5.5
H65A WODY  80 262   287    56   8.8   8.9   9.8
 HAL HANN 300 118   285    56   2.7   3.4   4.6
 HAL HOLY 314 132   307    56   7.6   3.6   8.9
 HAL I57A 270  81   966    39   3.8   5.4   5.3
 HAL I60A 267  80   779    50   6.0   2.9   1.6
 HAL I62A 265  80   624    56   6.0   3.5   4.4
 HAL JOSY 259  77   197    28   9.5   2.7   9.7
 HAL K60A 258  71   860    56   2.9   6.8   1.6
 HAL L63A 247  62   720    56   8.7   7.7   9.9
 HAL LATQ 296 110   774    56   3.8   3.8   5.5
 HAL  LMN 325 144   165    56   9.0   5.6   8.5
 HAL LSQQ 300 111  1131    56   7.4   6.5   9.6
 HAL MALY   8 188   130    56   5.2   9.2   9.0
 HAL N62A 246  60   906    56   3.1   4.2   3.4
 HAL NATG   5 186   631    56   7.0   9.0   9.9
 HAL QM16 282  99   350    56   3.2   2.5   5.2
 HAL QM38 304 118   654    56   3.4   3.2   3.4
 HAL QM60 308 121   896    28   7.6   1.2   5.1
 HAL QMM5 332 149   792    34   0.7   3.9   4.2
 HAL SHEY  66 247   138    56   4.5   5.0  10.4
 HAL SUSY 310 129   188    56   4.5   1.5   5.5
 HAL VLDQ 295 105  1156    56   1.7   6.4   8.8
 HAL  WES 251  66   673    56   2.3   6.3   4.3
 HAL WODY 302 121    99    56   3.9   3.2   4.1
HANN HOLY  18 198    75    56   3.7   8.2   6.2
HANN I57A 256  70   734    39   2.2   7.3   4.3
HANN I60A 249  64   563    50   3.3   8.9   7.3
HANN I62A 240  57   424    56   3.4   6.1   7.9
HANN I63A 237  55   363    56   2.4   4.8   8.3
HANN  ICQ 355 174   407    56   7.6   8.2  10.4
HANN J59A 249  64   669    56   3.3   6.3   5.7
HANN J63A 231  48   448    56   1.9   7.6   5.5
HANN JOSY 161 342   189    28  12.6   5.2  16.0
HANN K60A 240  55   674    56   7.3   2.0   6.4
HANN K62A 233  49   564    56   3.7   2.7   0.8
HANN L65A 213  31   503    56   2.3   3.8   4.8
HANN LATQ 292 108   490    56   7.0   0.4   5.4
HANN  LMN  90 272   152    56   2.6   6.4   6.2
HANN LSQQ 298 111   846    56   1.4   5.8   6.5
HANN N62A 227  42   772    56   2.2   5.7   4.1
HANN NATG  30 213   572    56   3.4   3.4   2.4
HANN QM16 231  51   119    56   0.5   5.7   3.4
HANN QM38 304 121   370    56   7.7   6.1   7.6
HANN QM50 309 125   465    28   9.5   3.6   9.5
HANN QM60 309 124   615    28   3.4   1.2   0.9
HANN QMM5 345 164   572    34   5.8   8.8  13.9
HANN SHEY 101 284   383    56   2.4   4.9   5.7
HANN SUSY 100 280   105    56   4.2   3.9   7.3
HANN VLDQ 291 103   873    56   3.3   4.5   3.2
HANN  WES 225  42   533    56   4.3   2.8   3.7
HANN WODY 117 299   186    56   4.1   8.6   9.9
HOLY I62A 234  51   483    56   0.1   6.7   4.0
HOLY I63A 231  48   424    56   1.0   6.5   2.5
HOLY I64A 222  40   382    56   1.0   4.1   2.7
HOLY  ICQ 350 169   339    56   4.5   6.9   9.6
HOLY J59A 245  59   719    56   9.1   8.9   7.0
HOLY J62A 231  47   559    56   2.2   9.5   5.2
HOLY J63A 227  44   513    56   0.1   7.3   2.5
HOLY JOSY 172 352   254    28   9.6   0.3   7.1
HOLY K60A 236  51   732    56   6.3   3.6   7.0
HOLY K62A 229  45   627    56   3.3   5.2   5.7
HOLY L63A 220  37   661    56   1.8   2.6   5.4
HOLY L65A 211  29   576    56   7.9   4.8   8.6
HOLY LATQ 284  99   490    56   1.9   3.9   7.2
HOLY  LMN 120 301   148    56   5.4   8.2   7.5
HOLY LSQQ 293 106   836    56   8.9   2.7   3.1
HOLY N62A 225  40   839    56   3.4   7.3   4.8
HOLY PLVO 263  75   841    56   3.5   5.5   8.2
HOLY QM38 293 109   357    56   9.1   3.7   7.5
HOLY QM50 300 116   444    28  12.9   2.2   8.7
HOLY QM60 302 117   592    28  11.7   2.2   6.7
HOLY QMM5 341 159   510    34   6.5   0.4   4.5
HOLY SHEY 112 296   381    56   4.4   1.2   3.5
HOLY SUSY 138 319   120    56   6.0   6.2   8.0
HOLY VLDQ 286  98   872    56   7.5   3.0   7.3
HOLY WODY 138 319   212    56   1.7   4.8   6.4
I57A I62A  90 273   347    39   0.9   2.3   2.6
I57A I63A  86 270   408    39   1.4   8.7   8.5
I57A I64A  88 272   484    39   3.1   7.4   9.0
I57A  ICQ  43 229   891    39   1.9   1.4   7.7
I57A J59A 119 300   107    39   7.2   4.9   6.7
I57A J62A 103 286   321    39   9.2  11.6  14.3
I57A J63A 100 283   377    39   9.1   8.8  10.2
I57A JOSY  84 271   773    27   1.6  12.8  10.3
I57A K60A 135 316   205    39  13.1   6.8  11.0
I57A K62A 116 298   312    39   5.6  11.1   7.4
I57A L63A 123 306   403    39   0.7   8.4   3.0
I57A LATQ  29 211   444    39   5.5   5.8  10.4
I57A  LMN  72 260   883    39   3.6   3.8   6.9
I57A M66A 121 305   542    39   1.4   6.2   4.7
I57A MALY  74 262   993    39   2.8   4.4   1.7
I57A N62A 151 332   380    39   5.0  11.1  12.7
I57A PLVO 318 137   166    39   6.2   8.9   8.3
I57A QM16  74 260   628    39   1.5   0.7   1.0
I57A QM50  30 213   585    12   7.1   5.8   0.5
I57A SHEY  78 268  1094    39   9.2   4.2  12.3
I57A VLDQ 342 160   500    39   0.9   5.2   3.1
I57A WODY  78 265   883    39   3.3   0.0   5.5
I60A I62A  88 269   157    50   3.1  10.0  12.4
I60A I63A  83 265   219    50   1.8  10.2   5.9
I60A  ICQ  34 218   781    50   7.3   1.9   2.0
I60A J59A 247  66   107    50   5.5   4.7   8.1
I60A J62A 119 300   138    50   6.5   7.2   7.4
I60A J63A 109 290   190    50   7.0   5.7   7.9
I60A JOSY  83 268   585    22   7.3  12.0  11.8
I60A K60A 200  19   145    50   1.9   7.0   5.3
I60A K62A 146 327   157    50   3.7   9.7   8.1
I60A L63A 147 329   259    50   6.9   9.1  10.7
I60A L65A 126 308   332    50   2.2   4.0   6.6
I60A LATQ   6 186   395    50   5.9   4.3   2.7
I60A LSQQ 335 153   645    50   6.5   6.4  12.0
I60A NATG  44 232  1069    50   2.9   0.8   0.0
I60A PLVO 295 112   329    50  12.1   5.9  12.6
I60A QM16  68 252   451    50   1.6   2.2   7.4
I60A QM38  23 205   466    50   1.6   3.9   2.9
I60A QM50  13 195   523    28   4.1   2.7   3.8
I60A SUSY  69 254   656    50   9.0   3.3   6.7
I60A VLDQ 326 143   594    50   2.3   3.0   3.1
I60A  WES 135 316   228    50   8.6   3.5   8.9
I60A WODY  76 262   700    50   4.6   5.0   6.8
I62A I63A  72 252    64    56   6.4   5.5   5.7
I62A I64A  87 268   137    56   3.1   6.7   7.2
I62A  ICQ  25 208   700    56   1.4   0.9   1.4
I62A J59A 261  79   260    56   5.3   4.9   6.3
I62A J62A 208  28    82    56   3.2   6.8   6.4
I62A J63A 162 343    69    56   8.2   6.7   8.7
I62A JOSY  82 266   429    28   4.4   3.7   5.1
I62A K60A 237  55   250    56   1.6   4.7   3.8
I62A L63A 186   6   225    56   2.7   7.8   5.5
I62A L65A 152 333   230    56   8.4   2.6   7.8
I62A LATQ 344 163   406    56   5.9   6.3  12.8
I62A LSQQ 325 141   721    56   6.7  11.4  10.8
I62A M66A 161 342   307    56   6.8   3.3   8.3
I62A MALY  69 254   666    56   3.9   3.6   6.9
I62A N62A 209  28   371    56   1.9   2.9   4.0
I62A NATG  39 225   962    56   0.8   1.5   4.2
I62A PLVO 288 104   475    56   5.1   5.9  10.1
I62A QM38   5 185   424    56   6.7   3.8   7.5
I62A QM50 357 177   505    28   8.0   4.8   8.7
I62A QMM5  13 195   798    34   0.9   4.6   1.4
I62A SHEY  76 263   756    56   1.1   8.2   6.3
I62A SUSY  64 248   510    56   1.4   3.1   0.7
I62A  WES 180 360   165    56   3.6   8.7   8.0
I63A I64A 101 281    77    56   4.9   9.0   6.7
I63A  ICQ  21 204   659    56   3.0   3.9   2.0
I63A J59A 260  77   323    56   4.5   1.5   3.7
I63A J63A 205  25    95    56   1.1   7.4   5.1
I63A JOSY  85 268   366    28   6.1   5.4   9.6
I63A K62A 222  40   204    56   6.5   6.7   7.2
I63A L63A 199  19   257    56   5.2   4.7   5.9
I63A L65A 169 349   229    56   5.2   7.8   7.6
I63A LATQ 336 154   408    56   1.2  12.2   8.8
I63A LSQQ 321 136   742    56   7.3   2.0   9.0
I63A M66A 173 353   312    56   9.4   2.6   7.9
I63A MALY  69 254   602    56   4.4   5.1   7.0
I63A N62A 215  33   420    56   6.2   2.8   4.2
I63A NATG  38 223   909    56   1.3   3.4   6.3
I63A PLVO 284 100   528    56   4.2   4.9   6.8
I63A QM38 357 177   403    56   3.8   5.1   8.0
I63A SHEY  77 263   693    56   5.2   8.1   8.4
I63A SUSY  64 247   447    56   1.4   3.7   3.5
I63A  WES 198  18   195    56   1.3   9.6   4.8
I63A WODY  74 258   484    56   4.5   9.5   6.8
I64A  ICQ  15 197   648    56   0.6   3.3   4.5
I64A J59A 264  81   396    56   4.5   2.5   4.1
I64A J62A 247  66   192    56   4.8   8.2  10.0
I64A J63A 239  58   137    56   3.5   6.9   7.1
I64A JOSY  81 264   293    28   2.8  12.5   9.7
I64A K60A 249  66   374    56   5.5   4.6   6.2
I64A K62A 237  56   253    56   3.6   6.2   7.2
I64A L63A 216  35   280    56   1.7   3.2   3.3
I64A L65A 189   9   213    56   1.6   8.2   7.4
I64A LATQ 329 146   456    56   4.0   9.3  11.5
I64A MALY  65 249   538    56   8.0   1.6   8.5
I64A NATG  34 219   876    56   3.2   5.3   3.6
I64A PLVO 284  99   605    56   6.1   2.5   1.6
I64A QM16  42 224   196    56   3.1   0.0   2.7
I64A QM38 348 167   428    56   0.1   6.2   5.4
I64A QM50 343 162   523    28   5.7  11.5  10.4
I64A QM60 335 153   649    28   2.5   3.7   7.4
I64A SHEY  75 260   623    56   6.3   8.5  10.2
I64A SUSY  58 240   388    56   2.3   1.4   0.3
I64A WODY  70 253   416    56  12.4   5.3  12.9
 ICQ J59A 222  37   872    56   2.6   2.9   3.2
 ICQ J62A 208  25   782    56   4.2   0.7   1.9
 ICQ K60A 216  31   922    56   2.2   5.3   6.8
 ICQ K62A 209  25   853    56   5.1   6.2   7.4
 ICQ LATQ 242  58   472    56   5.1  11.4  14.2
 ICQ  LMN 155 336   448    56   6.9   2.2   5.9
 ICQ M66A 195  13   945    56   0.1   1.5   3.6
 ICQ MALY 143 326   508    56   4.6   6.4   6.9
 ICQ N62A 209  25  1071    56   2.5   9.2   5.7
 ICQ PLVO 240  53   892    56   5.8   9.0   7.8
 ICQ QM16 186   6   482    56   3.7   8.3   6.9
 ICQ QM38 233  51   335    56   5.9   9.0   8.8
 ICQ QMM5 324 143   183    34   3.7   6.6  10.3
 ICQ SHEY 139 323   630    56   1.3   1.2   1.6
 ICQ SUSY 161 343   445    56   5.4   6.1   6.7
 ICQ VLDQ 263  75   783    56   3.5   2.2   4.1
 ICQ WODY 157 339   530    56   1.9   5.4   3.5
J59A J62A  96 278   220    56   6.9  10.1  10.5
J59A J63A  93 275   278    56  10.1   6.3   9.7
J59A K60A 152 332   107    56   2.9   9.6   8.1
J59A K62A 115 296   205    56   8.0   9.9  11.2
J59A L63A 126 308   297    56   8.3  12.3  14.1
J59A L65A 112 295   398    56   0.5   8.0   8.0
J59A LATQ  17 198   456    56   4.3   0.0   2.9
J59A  LMN  68 254   813    56   0.3   6.0   5.4
J59A LSQQ 344 162   650    56   9.7   0.9   6.6
J59A M66A 123 306   435    56   0.5   4.3   2.8
J59A MALY  70 258   921    56   3.1   3.0   4.0
J59A N62A 163 343   294    56   6.9  10.1  10.8
J59A PLVO 311 130   270    56  10.1   1.8   8.6
J59A QM50  21 203   592    28   6.0   3.0   1.8
J59A QM60   8 189   640    28   3.3   2.4   2.4
J59A SHEY  75 264  1015    56   1.1   5.3   1.2
J59A VLDQ 335 153   583    56   5.5   9.0  10.7
J59A  WES 114 296   286    56   3.1   9.3   5.1
J59A WODY  74 260   806    56   2.2   5.0   5.1
J62A J63A  84 265    60    56   5.1   6.8   7.1
J62A JOSY  74 258   481    28   1.2   6.3   6.6
J62A K60A 249  68   183    56  10.9   6.7   9.1
J62A K62A 209  29    71    56   2.2   7.5   5.4
J62A L63A 174 354   152    56   5.0   5.7   6.1
J62A L65A 132 313   196    56   9.3   7.4   9.7
J62A LATQ 351 170   468    56  10.9   3.3   4.3
J62A LSQQ 330 146   761    56   1.2   8.0   8.7
J62A M66A 147 328   259    56   7.7   3.8   6.5
J62A MALY  64 250   730    56   2.1   1.3   3.7
J62A N62A 209  28   289    56   0.7   2.7   0.7
J62A NATG  38 225  1042    56   6.0   4.2   6.3
J62A PLVO 297 114   467    56   7.7   1.5   6.3
J62A QM16  53 236   379    56   0.4   0.9   1.1
J62A QM50   1 181   576    28   4.5   6.1   4.0
J62A QM60 350 169   671    28   1.4   2.3   2.5
J62A QMM5  14 196   877    34   5.4   0.9   3.0
J62A SUSY  59 244   578    56   1.5   6.3   6.8
J62A VLDQ 322 138   720    56   3.4   1.3   6.4
J62A  WES 157 337   102    56   7.3   7.5   8.4
J62A WODY  68 253   608    56   8.0   0.4   6.7
J63A JOSY  73 257   422    28   6.6  14.1  12.7
J63A K60A 253  71   241    56   4.0   8.2   8.2
J63A K62A 235  54   116    56   1.7   5.2   6.7
J63A L63A 196  15   163    56   1.2   4.0   6.4
J63A L65A 148 329   162    56   9.8   8.4  11.6
J63A LATQ 344 163   475    56   6.7   3.1   5.7
J63A LSQQ 327 142   787    56   6.1   2.5   7.1
J63A M66A 161 341   237    56   7.3   2.1   9.1
J63A MALY  63 248   674    56   5.2   3.4   4.9
J63A N62A 218  36   327    56   1.0   9.1   8.4
J63A PLVO 294 110   518    56   8.4   4.0   5.6
J63A QM38   2 182   489    56   1.1  12.8   4.9
J63A QM50 356 175   572    28   5.1   6.6   4.8
J63A VLDQ 319 134   753    56   2.0   0.5   0.3
J63A  WES 191  11   101    56   3.8   3.4   6.6
J63A WODY  66 251   551    56   4.9   1.5   1.6
JOSY K62A 253  68   534    28   8.4   2.4   4.0
JOSY LATQ 306 121   630    28   9.1   6.7  13.6
JOSY  LMN  28 209   201    28   4.4   3.0   6.0
JOSY LSQQ 306 118   993    28   6.3   0.2   6.3
JOSY M66A 227  44   475    28   6.9   2.4   8.8
JOSY MALY  50 232   270    28   4.9   3.5   6.7
JOSY N62A 241  56   715    28   6.1  11.6   9.0
JOSY PLVO 279  92   881    28   4.7   0.0   4.1
JOSY QM38 317 134   533    28   1.9  10.8   9.4
JOSY QMM5 345 163   761    28   9.5   7.4  16.7
JOSY SHEY  72 255   333    28  10.4   9.8  12.0
JOSY SUSY  16 196   168    28   0.9   2.9   2.5
JOSY WODY  49 230   142    28   6.1   3.9   7.1
K60A K62A  87 268   136    56   9.0   6.1   8.1
K60A L63A 113 295   206    56   1.1   7.3   4.6
K60A L65A 100 283   323    56   8.4   3.5   7.2
K60A LATQ   9 190   537    56   5.0   4.5   8.1
K60A LSQQ 343 160   755    56   3.2   3.5   2.3
K60A M66A 115 297   346    56   1.7   0.9   3.3
K60A MALY  64 251   912    56   4.3   2.6   4.1
K60A N62A 169 350   190    56   4.3   8.7   7.8
K60A NATG  41 229  1202    56   2.0   3.0   1.0
K60A PLVO 317 135   372    56   5.4   4.9   7.8
K60A QM50  14 196   667    28   7.3   1.4   1.6
K60A QMM5  21 205   993    34   3.9   0.0   5.1
K60A SHEY  70 258   996    56   3.4   5.5   1.8
K60A SUSY  60 246   759    56   2.7   2.9   1.5
K60A VLDQ 335 153   689    56   2.3   1.8  11.6
K60A  WES  96 278   213    56   3.7   4.6   5.9
K60A WODY  66 253   791    56   8.2   6.8   7.1
K62A L63A 150 330   103    56   3.5   8.4   5.8
K62A L65A 111 292   193    56   3.5   6.1   6.3
K62A LATQ 355 175   526    56   1.7   2.8   3.7
K62A LSQQ 334 151   800    56   6.7   4.3   9.6
K62A M66A 131 313   234    56   3.8   3.9   6.8
K62A MALY  61 247   789    56   2.3   1.6   0.8
K62A NATG  37 224  1113    56   5.7   2.9   4.2
K62A PLVO 306 122   470    56  10.0   7.3  10.8
K62A QM16  49 232   445    56   4.5   0.2   3.5
K62A QM60 354 173   728    28   3.3   2.6   7.1
K62A SHEY  68 255   867    56   2.6   3.0   3.0
K62A VLDQ 327 143   750    56   7.2   3.6   8.3
K62A  WES 112 293    81    56   2.8   5.6   6.9
K62A WODY  63 249   665    56   3.1   1.5   1.0
L63A L65A  81 262   130    56   3.2   8.3   6.4
L63A LSQQ 334 150   903    56   2.9   3.9   4.8
L63A MALY  54 240   794    56   6.4   3.2   7.8
L63A N62A 237  56   187    56   2.6   4.2   5.3
L63A NATG  33 219  1156    56   4.1   7.6   7.8
L63A PLVO 310 127   566    56  12.1   6.1  10.5
L63A QM50 360 180   727    28   1.9   4.3   7.0
L63A SUSY  47 231   656    56   7.0   6.1  11.0
L63A VLDQ 328 143   853    56   3.0   8.5   6.5
L63A  WES  22 202    63    56   4.2   4.0   4.6
L63A WODY  55 240   667    56   6.7   1.1   5.1
L65A LATQ 341 159   633    56   2.2   4.0   5.5
L65A LSQQ 328 143   949    56   6.0   4.6   6.7
L65A M66A 185   5    86    56   4.6   0.4   3.8
L65A MALY  50 234   681    56   2.3   5.2   5.2
L65A N62A 248  66   310    56   8.3   6.0   7.5
L65A NATG  29 214  1074    56   3.0   4.6   4.6
L65A QM16  25 206   392    56   3.6   3.9   6.4
L65A QM38 355 174   631    56   3.8   3.9   6.2
L65A QM60 343 161   834    28   4.4   5.2   6.2
L65A QMM5   5 186   984    34   4.9   3.3   4.7
L65A VLDQ 321 136   914    56   0.4   3.8   4.1
L65A  WES 291 110   112    56   5.7   2.1   4.7
L65A WODY  50 234   553    56   4.6   2.1   4.1
LATQ LSQQ 302 119   363    56   8.9   3.9   9.4
LATQ N62A 185   4   719    56   5.7  10.3  10.0
LATQ PLVO 233  50   421    56   2.5  11.1   8.0
LATQ QM16 121 305   444    56   4.7   5.6   9.3
LATQ QM38  77 258   149    56   7.2   7.7   8.0
LATQ QM50  36 217   141    28   7.6   4.2   4.5
LATQ QM60 348 168   203    28   7.2   3.1   2.4
LATQ SHEY 103 291   868    56   6.6   6.3   2.4
LATQ SUSY 106 291   593    56   7.1   8.6   9.9
LATQ VLDQ 285 102   383    56   7.5   5.8   8.1
LATQ  WES 168 349   567    56   2.3   7.2   6.4
LATQ WODY 109 295   675    56   5.4   6.2   3.7
 LMN LSQQ 296 107   983    56   7.6   6.4   9.0
 LMN MALY  93 274   113    56   2.0   5.4   3.9
 LMN N62A 235  49   889    56   3.5   4.5   6.5
 LMN NATG  16 198   515    56   6.6   2.4   3.0
 LMN PLVO 269  80   963    56   4.4   3.0   4.5
 LMN QM16 255  73   256    56   5.5   0.2   5.1
 LMN QM38 296 111   504    56   8.7   3.8   7.2
 LMN SHEY 109 291   235    56   7.5   4.8   6.5
 LMN SUSY 253  72    51    56   4.3   4.7   5.7
 LMN VLDQ 289 100  1017    56   8.1   2.6   6.7
 LMN  WES 236  51   648    56   5.0   6.1   6.8
 LMN WODY 172 352    85    56   3.9   5.7   5.7
LSQQ N62A 162 344   944    56   4.9   5.8   5.8
LSQQ NATG  77 268  1030    56   1.6   2.3   1.7
LSQQ PLVO 181   1   447    56   3.3   8.5   6.9
LSQQ QM16 119 305   807    56   2.3   5.2   3.7
LSQQ QM38 106 291   479    56   5.2   7.1   7.0
LSQQ QM60  86 269   266    28   3.7   3.1   0.4
LSQQ QMM5  68 254   619    34  14.7   7.3  16.6
LSQQ SUSY 109 297   946    56   7.0   6.0  10.0
LSQQ VLDQ 211  30   112    56   4.5   5.7   8.1
LSQQ  WES 147 331   862    56   5.0   4.4   4.7
M66A N62A 264  82   282    56   3.7   0.4   3.1
M66A NATG  27 212  1153    56   8.1   1.3   5.3
M66A QM38 356 175   715    56   5.9   2.1   1.6
M66A QM60 345 163   914    28   7.5   4.4   4.4
M66A SHEY  54 240   789    56   3.3   4.6   3.8
M66A  WES 322 141   159    56   4.5   1.6   3.1
MALY N62A 240  53   981    56   3.7   1.7   2.6
MALY NATG   4 185   501    56   5.1   5.6   7.0
MALY PLVO 270  81  1076    56   6.2   1.3   3.8
MALY QM16 261  78   365    56   7.2   2.1   4.9
MALY QM38 293 107   610    56   4.6   1.1   3.1
MALY QM50 298 112   694    28   4.7   0.4   0.4
MALY QMM5 326 142   691    34   6.1   1.3   1.5
MALY SHEY 124 305   130    56   0.3   3.8   2.1
MALY SUSY 268  86   162    56   5.9   1.5   5.8
MALY VLDQ 289  98  1126    56   4.2   2.3   5.9
MALY WODY 233  52   128    56   1.2   5.4   5.6
N62A NATG  35 223  1329    56   5.0   5.1   6.2
N62A PLVO 328 146   543    56   9.5   1.9   8.0
N62A QM38  15 196   778    56   0.9   7.3   2.2
N62A QM60   1 181   915    28  17.7   8.7  17.1
N62A QMM5  17 200  1159    34   5.1   0.8   5.1
N62A SHEY  60 247  1044    56   3.5   2.5   1.9
N62A VLDQ 339 156   875    56   9.5   5.9   9.1
N62A  WES  47 229   241    56  10.6   0.2   4.3
N62A WODY  54 240   853    56   7.0   4.1   5.5
NATG QM38 247  61   656    56   4.1   4.9   9.7
NATG QM50 255  69   676    28   7.0   4.1   6.6
NATG QMM5 281  96   429    34   5.6   9.3  11.6
NATG SHEY 174 354   576    56   4.2   2.5   9.3
NATG SUSY 202  20   544    56   2.2   6.4   4.2
PLVO QM38  56 241   561    56   6.0   0.6   4.5
PLVO QM50  46 230   558    28   4.7   3.2   1.8
PLVO QMM5  41 227   893    34   4.8   6.0   5.0
PLVO SHEY  84 275  1186    56   2.0  10.2   9.2
PLVO  WES 120 304   549    56   7.3  10.5  11.8
PLVO WODY  85 274   977    56   4.3   9.9   8.2
QM16 QM38 322 140   353    56   4.6   1.8   3.8
QM16 QM50 323 140   454    28   5.1   4.1   8.9
QM16 SUSY  73 255   205    56   2.4   8.4  10.0
QM16 VLDQ 297 110   819    56   7.4   2.5   4.3
QM16 WODY  92 274   259    56   5.2   4.2   5.8
QM38 QM50 324 143   101    28   9.8   6.4   9.1
QM38 QM60 313 131   248    28   0.3   0.8   1.8
QM38 QMM5  22 204   383    34   3.8   6.5  10.3
QM38 SHEY 109 296   738    56   4.5   2.2   5.7
QM38 SUSY 116 300   468    56   4.1   3.5   6.8
QM38 VLDQ 279  94   519    56   4.0   2.9   4.3
QM38  WES 184   3   589    56   2.5   3.3   4.8
QM38 WODY 119 303   555    56   3.2   3.8   2.2
QM50 QM60 305 124   149    28   5.0   5.6   2.8
QM50 QMM5  36 218   341     6  18.7   1.9   5.2
QM50 SHEY 113 300   823    28   2.0  10.5   6.7
QM50 SUSY 120 305   560    28   6.5   8.5   7.2
QM50 VLDQ 269  85   453    28   2.3   0.9   8.9
QM50  WES 178 358   670    28   4.3   5.3   8.7
QM50 WODY 122 307   649    28   4.0   4.6   6.0
QM60 VLDQ 253  70   343    28   3.1   7.8   7.3
QM60  WES 168 349   770    28   1.5   6.3   1.7
QMM5 SHEY 139 324   813    34   0.5  10.1   6.8
QMM5 VLDQ 249  62   712    34   6.3  14.3  21.3
QMM5 WODY 153 336   709    34   9.3   5.0  10.5
SHEY SUSY 285 102   277    56   5.6   7.2   6.1
SHEY  WES 251  65   811    56   2.6   5.7   4.7
SHEY WODY 270  88   211    56   4.6   5.0   5.6
SUSY WODY 139 319    91    56   5.5   4.8   6.0
VLDQ  WES 140 324   819    56   8.1   6.7   7.0
VLDQ WODY 104 294  1058    56   2.5   0.5   3.6
 WES WODY  58 243   615    56   7.5   2.4   5.5
