 A11  A64  19 200    69   235   5.7   7.8   7.3
 A11 ALLY 132 316   557    72   0.7  11.9   7.5
 A11 BATG  88 271   313   244  13.2  14.1  16.5
 A11 CHEG  90 277   725   243   3.5   7.5  10.8
 A11 D59A 259  77   127   182   6.9  10.4   9.1
 A11 D60A 237  56    66   182   5.2   8.5   6.5
 A11 D62A 101 282    89   206   7.5   5.9   7.4
 A11 D63A  97 279   160   165   9.4   5.5   8.2
 A11 E55A 261  77   455   182  10.8   1.8   7.6
 A11 E58A 249  67   254   182   2.4   7.1   4.2
 A11 E62A 143 324    86   205  11.0   8.5  11.1
 A11 E64A 116 298   203   166   2.6  10.4   9.0
 A11 EMMW 142 324   353   233   8.6  25.4  15.8
 A11 F57A 247  64   380   182   3.8   2.8   3.4
 A11 F60A 224  43   195   182   4.2   9.7   7.6
 A11 F61A 204  23   154   182  10.4  13.4  12.4
 A11 F62A 173 353   151   218  13.0   8.9  15.3
 A11 F64A 137 318   209   222   5.9  13.3  11.7
 A11 G59A 225  43   333   166   5.6   6.4   6.1
 A11 G61A 206  25   241   158   3.3   4.7   5.1
 A11 G62A 187   6   227   225   9.1  11.8  12.0
 A11 G63A 169 350   241   161  11.0  16.4  17.5
 A11  GBN 104 290   699   244   5.9  12.6  15.9
 A11  GGN 131 314   350   200  10.0  14.0  14.3
 A11 H61A 205  23   331   162   5.2  12.0   8.5
 A11 H62A 194  14   306   226  12.0   8.6  14.6
 A11 H63A 177 358   287   163  14.1  12.0  13.3
 A11 H64A 165 346   299   170   8.2  18.0  12.1
 A11 H65A 151 333   321   170  10.8  17.2  18.5
 A11  HAL 117 302   588   241   3.4  11.8   6.0
 A11 HANN 119 301   303   244  13.2   6.3   8.4
 A11 HOLY 104 287   295   159   7.7   4.3   9.8
 A11 I57A 231  47   563   182   5.2   9.6  10.3
 A11 I60A 214  32   448   190   9.0   8.0  11.6
 A11 I62A 194  13   385   238  10.0  16.6  15.1
 A11 I63A 185   5   356   218  11.4  12.6  17.7
 A11 I64A 173 353   372   164   8.7  10.7  14.3
 A11  ICQ  39 222   333   244   6.4   5.1   6.4
 A11 J59A 220  37   539   244   8.0   6.9  11.1
 A11 J62A 196  15   464   192   3.8  13.5  14.8
 A11 J63A 189   9   446   184   7.7  11.5  15.8
 A11 JOSY 134 317   464    72  10.7   7.8   9.6
 A11 K60A 211  28   591   170   9.1   9.9  13.1
 A11 K62A 198  17   534   236   8.8   7.1   9.6
 A11 L63A 191  10   608   189   6.1  10.4  10.6
 A11 L65A 179 359   579   180  11.9   8.6  19.5
 A11 LATQ 276  94   196   244  13.6   5.8   9.5
 A11  LMN 109 292   441   243   7.4  13.1   9.9
 A11 LSQQ 294 109   543   244  10.2   9.6  10.6
 A11 M66A 180 360   665   181  11.3   9.1  11.3
 A11 MALY 105 290   549   162   6.3   5.4  10.0
 A11 N62A 202  19   748   210   6.4   4.6   6.1
 A11 NATG  55 241   639   233  13.9  12.5  15.2
 A11 PLVO 248  63   585   242   6.0   3.1   6.7
 A11 QM16 142 323   285   140   5.8  12.6  15.3
 A11 QM38 314 134    69   182   9.5   7.7   8.8
 A11 QM50 320 139   170    91  11.2  10.3  11.0
 A11 QMM5  14 195   413   182   5.9   2.5  13.7
 A11 SHEY 107 293   676   157   6.0   3.2   6.1
 A11 SUSY 113 297   403   158   4.5   3.4   4.4
 A11 VLDQ 283  98   577   182   0.0  10.8   8.6
 A11  WES 190   9   547   244   6.0  10.3  10.7
 A11 WODY 117 301   489   156   8.0   7.9  11.8
 A64 ALLY 139 322   587    72   5.1   8.8   6.2
 A64 BATG 101 283   295   235   5.5  12.1  13.5
 A64 CHEG  96 283   706   234   3.0   7.9   7.4
 A64 D56A 259  75   377   182   6.0   7.0  12.3
 A64 D59A 239  57   173   182   9.1   7.3   8.0
 A64 D60A 218  37   128   182   7.6  10.2   9.3
 A64 D62A 142 323   104   197   8.4   6.4   8.3
 A64 D63A 122 304   161   164   2.9  10.4   8.0
 A64 E58A 239  57   304   182   5.3   7.7   6.7
 A64 E62A 168 348   137   196  13.0   9.9  11.4
 A64 E64A 134 316   221   165  10.9  11.6  14.2
 A64 EDEY 112 297   637   164   6.1   3.5   9.3
 A64 EMMW 151 332   394   224   6.3  18.1  14.2
 A64 F60A 218  36   259   182   5.8   9.1   7.8
 A64 F61A 203  22   222   182  13.6  16.6  16.6
 A64 F62A 182   1   215   209   9.8  11.2  10.7
 A64 F64A 151 332   248   213  13.8  17.8  18.9
 A64 G57A 234  50   495   182   1.1  13.6  10.1
 A64 G59A 221  38   396   166   8.8   7.6  11.3
 A64 G61A 205  23   309   158  11.7   8.0  10.3
 A64 G62A 190   9   294   216  11.9  11.5  12.4
 A64 G63A 176 356   302   161   3.5  18.0  10.6
 A64  GBN 110 296   695   235   6.5   9.3  13.2
 A64  GGN 141 323   381   200  10.6  12.9  20.6
 A64 H61A 204  22   399   162   5.0  10.4  19.2
 A64 H62A 196  15   375   217  13.0  15.2  19.1
 A64 H63A 182   2   352   163   9.4  12.5  14.3
 A64 H64A 171 352   358   165   7.2  10.2   9.8
 A64 H65A 159 341   370   167  10.3   9.5  11.5
 A64 HANN 131 313   322   235   4.3  15.0  10.4
 A64 HOLY 118 300   297   159   9.1   7.4   8.6
 A64 I57A 228  44   622   182   6.7   9.9   9.0
 A64 I60A 212  30   515   181   3.1   5.1   9.4
 A64 I62A 195  14   453   229   6.4   3.5  11.7
 A64 I63A 188   7   423   209  12.0  14.2  17.3
 A64 I64A 177 357   435   157  10.9  10.0  10.6
 A64  ICQ  45 227   270   235  14.8   8.5  15.1
 A64 J59A 218  35   603   235  13.8  13.2  14.9
 A64 J62A 197  16   533   183   6.2  17.6  10.8
 A64 J63A 191  10   514   175   3.0  17.7  10.6
 A64 JOSY 141 324   497    72   8.0   7.7   9.4
 A64 K60A 210  27   658   170   8.1  13.3  10.4
 A64 K62A 199  17   602   227   6.8   9.8  12.2
 A64 L63A 192  11   677   180   7.0  14.3   9.8
 A64 L65A 181   1   644   171  11.1   6.9  11.0
 A64 LATQ 258  76   223   235   5.8   8.4   6.6
 A64  LMN 118 301   445   234   5.2  13.8  13.2
 A64 LSQQ 287 102   542   235   5.4   8.2   9.3
 A64 M66A 182   1   730   172  12.1   4.1  14.6
 A64 MALY 112 297   547   162   1.2  11.2   7.9
 A64 N62A 202  19   817   201   4.0  11.9  10.4
 A64 NATG  60 245   585   233   7.6  13.2  18.0
 A64 PLVO 243  58   633   233   1.0   6.7   6.8
 A64 QM16 152 334   327   140   3.9  19.2  11.8
 A64 QM38 257  76    74   182   0.7   5.0   3.4
 A64 QM50 297 115   147    91   8.6   7.3   9.9
 A64 QM60 302 119   295    91   6.0   3.9   1.5
 A64 QMM5  13 194   345   182   9.2  10.7  10.3
 A64 SHEY 113 299   677   157   8.2   5.3   7.6
 A64 SUSY 123 306   413   158   7.9   7.2   8.3
 A64 VLDQ 277  91   588   182   8.2   9.3  10.3
 A64  WES 191  10   615   235   8.9  10.9  13.7
 A64 WODY 125 309   503   156  12.2   8.7  18.5
ALLY BATG 349 169   400    72   5.3  12.4   9.5
ALLY D56A 299 112   840    72   0.7   6.9   3.3
ALLY D59A 307 122   640    72   6.5  13.0  13.0
ALLY D60A 310 126   577    72   2.2   9.3   5.4
ALLY D62A 322 139   483    54   7.4   7.2   9.2
ALLY D63A 328 146   435    72  14.7   4.8  15.7
ALLY DRLN  41 226   845    70   4.0   3.7   4.7
ALLY E55A 293 105   913    72  16.7   6.6  12.8
ALLY E58A 297 111   707    72   8.1  11.9   9.6
ALLY E62A 314 131   472    53  11.0   0.8   2.0
ALLY E64A 325 143   367    72  10.9   2.4   9.0
ALLY EDEY  48 230   290    72   3.7   1.9   5.0
ALLY EMMW 300 119   217    66   5.8   6.8   8.9
ALLY F60A 297 112   595    72  10.0   7.0  10.1
ALLY F61A 300 116   528    72   7.2   5.6   9.3
ALLY F64A 314 131   349    69  11.2  10.7  13.7
ALLY G57A 284  97   801    72   7.7   0.7   0.3
ALLY G63A 295 111   391    70  11.7   9.3  11.3
ALLY  GBN  56 238   339    72   8.1   2.8   4.7
ALLY  GGN 318 137   207    72   9.4   8.1  12.2
ALLY H62A 283  99   493    72   6.4   2.3   5.3
ALLY H64A 288 105   344    72   1.6   7.8   9.2
ALLY H65A 294 112   273    72   2.7   7.6  11.6
ALLY  HAL  50 231   156    72   4.2   6.5   6.3
ALLY HANN 332 150   272    72  12.4  14.6  13.6
ALLY HOLY 341 160   327    68  11.0   3.5   7.8
ALLY I57A 275  88   849    72   0.4   3.3   2.2
ALLY I62A 274  90   502    72   5.6   0.9   0.6
ALLY I63A 276  93   442    65   6.5   2.8  12.6
ALLY  ICQ 346 165   664    72  12.1  18.6  20.2
ALLY J59A 271  84   760    72   0.7   7.9   8.7
ALLY J62A 266  82   546    72   3.6   7.0   5.0
ALLY J63A 266  82   486    65   6.6   4.6  12.0
ALLY JOSY 309 128    94    72   7.4   8.1   9.4
ALLY K60A 263  77   725    72   2.4   2.8   1.9
ALLY K62A 261  76   592    72   5.7   0.2   4.1
ALLY L63A 251  66   572    72  11.5   4.9   8.4
ALLY L65A 247  63   447    65   7.5   7.6   9.8
ALLY LATQ 307 121   723    72   0.5   5.5   6.5
ALLY  LMN   5 186   236    72  10.0  15.5  15.7
ALLY LSQQ 307 118  1086    72   3.0   9.3   5.5
ALLY MALY  31 212   266    71   9.8  11.0  12.0
ALLY NATG  13 194   748    72   5.4  13.7   9.5
ALLY QM16 307 125   279    49   7.0   7.2   3.2
ALLY QM38 316 132   626    72   7.4   9.0  10.7
ALLY QMM5 342 159   837    72   4.6   7.3  11.6
ALLY SHEY  57 239   292    66   6.8   0.4   4.7
ALLY SUSY 353 173   221    67   8.1   8.8   9.2
ALLY VLDQ 301 112  1097    72   2.1   0.2   0.9
ALLY  WES 256  71   529    72   9.1   4.0  11.2
ALLY WODY  13 193   155    65   6.7   5.9   8.1
BATG D56A 271  85   660   182   9.7   4.9  12.8
BATG D59A 268  84   439   182   3.9   5.2   6.8
BATG D60A 266  82   371   182   6.5   5.7   4.2
BATG D62A 266  83   228   206   4.8   3.2   4.5
BATG D63A 261  80   157   165   7.7   7.0   8.6
BATG E55A 267  80   767   182  10.6  11.6  11.2
BATG E58A 262  77   560   182   3.5   4.5   3.3
BATG E62A 256  73   274   205  14.6   0.5   8.7
BATG E64A 235  54   165   166   7.4  11.6  11.2
BATG EDEY 124 307   353   164   8.5   7.8  12.8
BATG EMMW 201  20   305   233  10.8  17.7  15.3
BATG F57A 259  73   681   182   8.0   8.1  11.2
BATG F60A 254  70   474   182  11.4   5.1   8.3
BATG F61A 251  67   404   182   0.5   1.3   1.7
BATG F62A 244  61   336   218   5.1   7.1   7.5
BATG F64A 229  47   236   222   3.2   9.5   8.7
BATG G57A 254  68   730   182   3.7   4.8   9.3
BATG G59A 249  64   601   166   6.7   1.6   6.4
BATG G61A 244  60   476   158  10.8   9.2  14.3
BATG G62A 238  55   414   225   7.4  17.4  12.4
BATG  GBN 119 302   407   244   8.9   9.2   9.6
BATG  GGN 194  14   247   200   6.6  11.9  11.5
BATG H61A 238  54   548   162   2.5  13.2  10.9
BATG H62A 235  51   496   226   8.8  10.2  11.5
BATG H63A 228  45   423   163   8.0   8.0   9.3
BATG H64A 221  39   382   170   9.3  11.9  13.4
BATG H65A 211  30   333   170   7.5  15.8  13.4
BATG  HAL 146 328   350   241   2.0  12.2  10.4
BATG HANN 200  19   164   244  10.8  13.9  14.9
BATG HOLY 200  20    89   159   9.0   7.3   8.3
BATG I57A 247  60   835   182   1.1   4.3   3.4
BATG I60A 239  53   681   190   6.9   9.8   9.5
BATG I62A 229  46   559   238   9.4   8.5  10.4
BATG I63A 226  43   503   218   8.7   4.1   8.6
BATG I64A 218  36   466   164   2.6  11.2   7.0
BATG  ICQ 341 160   265   244  18.5  10.3  14.4
BATG J59A 240  54   785   244   7.4   6.3   8.7
BATG J62A 227  43   637   192   0.1   9.0   3.7
BATG J63A 223  40   593   184   4.4   6.7   5.1
BATG JOSY 179 359   335    72   9.4   8.7  10.2
BATG K60A 233  47   805   170  10.3   7.4  12.1
BATG K62A 226  41   707   236   6.0  14.6  13.6
BATG L63A 218  34   745   189   2.6   4.4   3.4
BATG L65A 210  27   663   180   2.9   5.5   5.8
BATG LATQ 274  89   508   244   7.1   3.2   5.5
BATG  LMN 148 329   185   243  11.2  14.7  13.2
BATG LSQQ 288 100   835   244   6.2  21.2  14.1
BATG M66A 207  25   743   181   6.4   1.3   8.5
BATG MALY 127 309   265   162   8.2   5.2   7.0
BATG N62A 223  38   920   210   6.9   6.2   8.1
BATG NATG  34 217   411   233   6.7   1.7   6.5
BATG QM16 213  32   272   140   9.8  12.2  15.0
BATG QM38 279  95   364   182   4.5   7.0   6.5
BATG QM50 289 105   438    91   4.4   3.7   6.1
BATG QM60 294 109   580    91   4.8   3.2   5.9
BATG QMM5 334 152   444   182  17.6  11.2  19.9
BATG SHEY 126 309   394   157  11.5  11.1  13.7
BATG SUSY 164 345   180   158  15.4   8.3  10.8
BATG  WES 219  36   684   244   9.4  10.1  14.2
BATG WODY 155 336   265   156  16.5  14.8  16.1
CHEG D56A 277  86  1071   182   8.3   7.8   9.2
CHEG D59A 276  87   850   182   8.1  10.7  11.5
CHEG D60A 275  87   781   182   3.2   6.3   4.8
CHEG D62A 276  90   638   205  11.1   9.8   9.0
CHEG D63A 275  90   566   165  14.8   7.8  16.4
CHEG DRLN  40 222   361   241  12.4   5.8  10.6
CHEG E55A 274  83  1177   182   8.5   1.5   7.9
CHEG E62A 271  85   677   204   9.4   5.8   5.8
CHEG E64A 268  83   550   166   9.3   4.7   7.9
CHEG EDEY 220  39   198   164   5.6   6.1   8.0
CHEG EMMW 249  64   577   232   9.4  12.4  10.9
CHEG F60A 268  80   872   182   7.0   6.1   7.5
CHEG F61A 267  80   798   182  11.3   5.7  11.2
CHEG F62A 265  79   722   217  11.3  12.1  14.2
CHEG G59A 263  74   987   166   5.7   8.5   9.3
CHEG G61A 263  75   856   158  11.6   2.7  10.6
CHEG G62A 261  73   783   224   3.5   7.6   6.0
CHEG G63A 258  72   718   161   2.8  12.3   6.1
CHEG  GBN 203  22   169   243   9.9  10.1  12.6
CHEG  GGN 251  66   513   199   4.9  12.0  12.8
CHEG H61A 258  70   912   162   0.1   2.7   8.6
CHEG H62A 257  69   853   225   3.5   3.2   5.2
CHEG H63A 255  69   766   163   0.7   1.1   4.5
CHEG H64A 253  67   707   170   9.3   1.4   9.5
CHEG  HAL 224  42   331   241  11.7  11.9  14.1
CHEG HANN 260  75   480   243   6.9   1.2   9.1
CHEG HOLY 268  84   444   159   9.4   7.5  10.1
CHEG I57A 260  70  1214   182   9.1   3.0   9.6
CHEG I60A 256  67  1041   190   9.5   7.1  10.9
CHEG I62A 253  65   896   237   6.9   8.6  13.9
CHEG I63A 252  65   833   217   2.6   6.7   5.8
CHEG  ICQ 304 119   576   243  12.6   2.9   8.6
CHEG J59A 256  66  1148   243  15.0   1.6   6.1
CHEG J62A 250  62   963   192  14.1   1.6   7.0
CHEG JOSY 238  54   504    72  11.9   7.2   8.9
CHEG K60A 251  61  1144   170   7.9  14.0  12.6
CHEG L63A 242  54  1029   189   3.5   3.5   1.1
CHEG L65A 238  51   915   180   4.5  18.8   9.7
CHEG LATQ 278  90   920   243  12.7   1.7   9.6
CHEG LSQQ 288  95  1241   243   9.2   4.9   7.1
CHEG M66A 234  48   976   181  10.6   6.3   9.8
CHEG MALY 242  60   235   162   4.5   2.4   6.2
CHEG N62A 242  53  1216   209  15.5  11.5  15.0
CHEG NATG 339 157   418   232   7.8   7.3  10.6
CHEG PLVO 267  75  1285   241   3.4   3.8   5.5
CHEG QMM5 310 124   746   182  14.3   5.7  11.6
CHEG SHEY 209  28   212   157  13.9   8.8  11.5
CHEG SUSY 253  70   386   158   9.9   5.8   9.4
CHEG VLDQ 283  90  1294   182   2.7   2.9   3.9
CHEG WODY 240  57   363   156   2.7   6.4  13.9
D56A D59A  90 272   222   182  10.6   3.0   6.1
D56A D60A  92 274   292   182   8.7  11.7   9.5
D56A D62A  87 272   433   144   6.7   7.4   9.4
D56A D63A  88 273   505   164   8.3  11.2  11.9
D56A E55A 237  56   119   182   7.7   9.4   9.5
D56A E58A 123 304   136   182   6.5  11.4   8.8
D56A E62A  95 279   402   143   2.9   8.4   2.8
D56A E64A  95 280   534   165  16.3   6.4  11.8
D56A EDEY  96 285   975   164   5.1   7.7   8.8
D56A EMMW 112 297   623   176   6.1   6.9   7.3
D56A F57A 178 358   138   182   9.4  10.5  13.2
D56A F60A 118 300   246   182   1.0  11.0  12.4
D56A F61A 111 294   313   182   6.3   8.9   8.2
D56A F62A 107 291   389   156   8.4   6.1  12.0
D56A F64A 103 287   509   160   8.0   4.0   8.7
D56A G57A 185   5   217   182   6.3  11.5  12.4
D56A G59A 150 331   250   166  10.1  10.1  10.8
D56A G61A 127 309   317   158   5.5   6.8   6.9
D56A G62A 120 303   385   163   1.4   7.8   5.4
D56A G63A 117 300   452   161  14.0   8.3  10.9
D56A  GGN 106 292   648   182  10.0   6.3  12.9
D56A H61A 141 323   357   162   4.0  11.1  16.0
D56A H62A 133 316   392   164  16.5  11.8  14.8
D56A H63A 124 308   452   163  11.7  10.9  13.4
D56A H64A 120 304   506   165   6.3   9.8  16.1
D56A H65A 115 300   569   167  17.0   8.1  19.1
D56A  HAL 103 291   907   182   9.3   4.5  11.1
D56A HOLY  92 278   636   159   7.1   7.9   8.2
D56A I57A 192  11   353   182   6.9  13.4  18.3
D56A I60A 162 343   374   163  16.0  14.5  16.8
D56A I62A 142 324   443   176   2.7  11.6  11.3
D56A I63A 134 317   466   156   3.7   8.0   9.6
D56A I64A 129 313   530   157  16.4  11.1  16.6
D56A  ICQ  61 246   620   182   2.1   5.2   9.4
D56A J59A 177 357   399   182   6.2  14.4  13.6
D56A J62A 150 332   484   176  12.4  11.9  22.3
D56A J63A 144 327   509   168  13.2  15.3  21.2
D56A K60A 172 352   497   170   6.8  15.5  16.3
D56A K62A 157 339   526   174   5.6  15.9  11.4
D56A L63A 155 338   628   172  12.6  16.6  15.7
D56A L65A 144 328   671   156   7.0  10.4   9.9
D56A LATQ  75 257   154   182   6.3   3.4   5.3
D56A  LMN  96 283   775   181   2.4   8.8   9.2
D56A LSQQ 324 143   278   182  14.2  11.4  18.1
D56A M66A 148 332   742   155   6.8   0.7  10.7
D56A MALY  95 283   887   162   4.1   4.8   3.1
D56A N62A 171 352   687   148   6.5  13.4  14.0
D56A PLVO 220  38   286   180   9.4  12.8  20.6
D56A QM16 109 294   564   140   5.6   5.7   9.0
D56A QM38  75 258   303   182   5.5   6.2   6.1
D56A QM50  56 238   277    91  11.5   4.4   8.3
D56A QM60  24 205   258    91   7.7   0.5   4.1
D56A QMM5  44 228   607   182  10.6  10.5  12.1
D56A SUSY  98 285   732   158   5.4   6.2   7.7
D56A VLDQ 300 118   259   182  10.1   5.3   8.2
D56A  WES 151 333   585   182   6.1  16.2  13.7
D56A WODY 102 289   810   156   1.6   3.4   3.1
D59A D60A  98 279    70   182   5.8   8.2   7.1
D59A D62A  87 269   212   144   1.5   6.8   6.5
D59A D63A  88 271   284   164  10.3   9.7  12.9
D59A E55A 261  78   328   182   9.1   1.2   6.1
D59A E58A 238  57   131   182   6.2   8.1   9.6
D59A E62A 103 285   182   143   5.3  12.2   8.4
D59A E64A 101 284   313   165   7.5  15.2  12.2
D59A EDEY 100 287   754   164   6.3   1.4   2.5
D59A EMMW 125 308   425   176   2.7   6.9   7.0
D59A F60A 184   4   116   182  10.9  11.4  11.7
D59A F61A 150 331   132   182   7.1  15.2  10.7
D59A F62A 130 311   189   156  11.0  11.9  12.9
D59A F64A 114 297   297   160   9.8   7.6   8.2
D59A G57A 230  48   323   182   8.1  13.3  12.0
D59A G59A 206  25   238   166   7.5  11.8  10.8
D59A G61A 173 353   193   158  10.5  11.5  11.1
D59A G62A 153 334   223   163   8.2  11.5  11.8
D59A G63A 140 322   271   161   9.2  13.4  12.5
D59A  GBN  99 286   816   182   1.1   7.6   7.9
D59A  GGN 117 300   440   182   9.6   7.6  15.4
D59A H61A 182   1   276   162   9.4  15.5  13.5
D59A H62A 169 349   276   164  17.0  14.7  20.7
D59A H63A 151 332   296   163   6.7   7.9  10.0
D59A H64A 141 323   332   165   4.3  10.2   8.7
D59A H65A 131 314   379   167   6.2  14.9  12.2
D59A  HAL 109 295   692   182  13.6   2.5   8.3
D59A HANN 106 290   409   182   5.6   7.7   6.9
D59A HOLY  95 279   414   159   4.5   4.6   8.1
D59A I57A 223  40   454   182   8.4  12.5  15.6
D59A I60A 198  17   370   163   8.4   6.1  11.4
D59A I62A 173 354   350   176   5.1  11.1   9.7
D59A I63A 163 344   343   156  11.7   8.1  12.2
D59A I64A 153 334   384   157  10.3   6.4   8.4
D59A  ICQ  49 232   439   182   7.5  13.5  12.3
D59A J59A 209  27   446   182  10.8  12.5  13.0
D59A J62A 180 360   420   176  10.1  16.2  13.8
D59A J63A 172 352   419   168   8.7  13.2  12.8
D59A JOSY 122 306   547    72   5.7  11.7  10.2
D59A K60A 199  18   514   170  11.1   9.1   8.7
D59A K62A 184   4   484   174   9.3   7.0  10.1
D59A L63A 178 358   572   172  13.2   9.2  14.6
D59A L65A 165 346   571   156   3.0  11.1   8.8
D59A LATQ 301 120    83   182   9.3   5.1   7.0
D59A LSQQ 303 119   446   182  14.3   1.1  12.6
D59A M66A 167 349   653   155   6.8  11.3  15.0
D59A MALY  99 285   666   162   8.3   3.8   6.3
D59A N62A 192  10   688   148  12.1   3.3   6.8
D59A NATG  58 245   758   181  11.0   2.0   2.9
D59A PLVO 244  60   461   180   4.7   7.8   6.6
D59A QM38  45 225   105   182   6.9   7.8   8.2
D59A QM50   5 185   156    91  11.9  10.1  12.4
D59A QM60 336 154   265    91  13.6   1.5   9.6
D59A QMM5  26 209   481   182  10.0   8.9  11.6
D59A VLDQ 289 104   464   182   8.1  11.7  11.2
D59A  WES 175 356   515   182  10.5   9.0  15.6
D59A WODY 108 293   594   156   6.4   5.6   8.1
D60A D62A  82 263   144   144   5.8   1.9   4.2
D60A D63A  85 267   215   164   2.9   9.0   9.1
D60A DRLN  70 260  1032   180   8.3   7.7  10.4
D60A E55A 264  81   396   182   5.2   7.2   6.6
D60A E58A 252  71   190   182   6.1   8.3   8.9
D60A E62A 106 287   112   143   4.9   8.7   7.9
D60A E64A 102 284   243   165   8.0   8.2   8.7
D60A EDEY 101 287   684   164   4.9   4.1   5.9
D60A EMMW 131 314   364   176   8.7   9.4   9.7
D60A F57A 248  66   315   182   2.7  12.2  11.3
D60A F60A 217  37   131   182   7.9   8.0   8.5
D60A F61A 183   3   105   182  12.1  12.3  12.9
D60A F62A 147 327   135   156   5.9  14.5  11.6
D60A F64A 120 301   230   160   9.1   8.8  12.5
D60A G57A 239  56   373   182   4.1  11.8   9.9
D60A G59A 221  40   268   166   1.7  16.1   8.2
D60A G61A 195  14   187   158   5.7  15.3  11.4
D60A G62A 171 351   191   163  11.2  12.1  12.6
D60A G63A 153 334   224   161   9.6  16.7  16.4
D60A  GBN 100 286   745   182   5.1  10.2   9.5
D60A  GGN 121 304   374   182   7.0  11.5  11.3
D60A H61A 197  16   277   162   9.5   7.2  11.6
D60A H62A 184   4   261   164   5.6   9.6   9.3
D60A H63A 164 345   260   163  12.2  15.1  15.2
D60A H64A 152 333   285   165   9.7  11.8  20.9
D60A H65A 139 321   323   167   9.7  18.0  14.0
D60A  HAL 111 297   624   182   4.8   4.3   9.4
D60A HANN 108 291   340   182   6.1   6.1   7.0
D60A HOLY  96 279   344   159   3.7   8.8   6.3
D60A I57A 230  47   497   182   2.9  19.5  12.1
D60A I60A 209  28   388   163   8.5  11.6  20.4
D60A I62A 186   5   339   176  13.7  14.9  15.6
D60A I63A 175 355   319   156  10.1  13.1  12.9
D60A I64A 163 344   348   157  10.7   9.9  12.9
D60A  ICQ  42 224   397   182   3.6   6.2   5.8
D60A J59A 218  35   475   182   7.3  13.4   8.5
D60A J62A 190   9   416   176   4.8   8.9   9.2
D60A J63A 182   2   404   168  11.5  13.8  16.5
D60A JOSY 126 309   483    72   5.2   0.2   1.7
D60A K60A 207  25   532   170   5.0   9.4   8.9
D60A K62A 193  12   483   174   2.0   3.5   3.5
D60A L63A 186   5   564   172   3.2   8.0  10.7
D60A L65A 172 353   547   156   8.1   9.4  17.6
D60A LATQ 291 110   150   182  10.2   5.7   8.7
D60A  LMN 102 286   485   181   4.0   0.0   3.8
D60A LSQQ 300 116   511   182   6.3  11.0  11.3
D60A M66A 174 355   631   155  10.8  10.8  11.6
D60A MALY  99 285   595   162   3.7   0.2   7.5
D60A N62A 198  16   695   148   1.1   3.3   4.3
D60A NATG  55 241   706   181   6.7   9.0  11.5
D60A QM16 128 311   298   140   5.9  11.6  10.2
D60A QM38   4 184    85   182   8.4   8.1   8.3
D60A QM50 342 161   175    91  12.9   4.2   9.0
D60A QM60 325 143   308    91   5.0   2.7   4.4
D60A QMM5  19 200   464   182   6.0   4.0  10.8
D60A SHEY 103 289   719   157   7.4   4.6   5.4
D60A SUSY 105 289   443   158   4.9   5.9   5.6
D60A VLDQ 288 103   533   182   2.8  10.6   8.0
D60A  WES 184   3   504   182   7.6  11.9  12.6
D60A WODY 110 295   525   156   1.3   4.4  13.5
D62A D63A  94 274    72   145   4.1   6.1   8.4
D62A DRLN  70 259   891   206   6.0   4.1   5.3
D62A E55A 265  80   540   144  10.4   3.0  10.0
D62A E58A 258  75   333   144   3.5   5.2   1.7
D62A E62A 215  35    63   204   6.7   8.4   7.7
D62A E64A 128 309   119   145   6.4   7.5   7.3
D62A EDEY 107 292   550   144   3.2  18.0   7.9
D62A EMMW 154 335   291   195   6.8  14.0  10.4
D62A F57A 254  70   456   144  11.7   2.0   7.4
D62A F60A 242  60   255   144   2.2  13.4   8.5
D62A F61A 231  50   193   144   3.2  12.9   9.1
D62A F62A 208  28   149   206   7.8  15.1  12.6
D62A F64A 158 339   146   206  12.8  12.3  15.5
D62A G57A 247  62   509   144   2.9   5.0   8.0
D62A G59A 237  54   389   144   8.8   3.6   5.6
D62A G61A 225  43   277   144   7.5  11.4  13.4
D62A G62A 209  28   237   206   4.1   7.1   8.7
D62A G63A 192  11   223   144   7.0   7.6  12.4
D62A  GBN 105 290   610   206   6.7   1.9   7.4
D62A  GGN 141 323   277   162  19.3  16.5  20.3
D62A H61A 219  37   362   144  10.2  13.8  13.9
D62A H62A 211  30   323   206  10.9  12.6  12.4
D62A H63A 196  16   280   144   9.3  14.5  15.7
D62A H64A 183   3   272   149  13.2   9.5  12.2
D62A H65A 166 347   272   147  12.0   8.3  11.0
D62A  HAL 121 305   503   203   9.7   5.7  11.6
D62A HANN 126 308   220   206   4.1   8.8   6.9
D62A HOLY 106 288   207   144   6.3  12.2   9.1
D62A I57A 238  54   623   144   0.4  14.8   8.1
D62A I60A 224  41   489   171   5.5   7.7   7.8
D62A I62A 207  26   399   206   7.2   9.9   6.3
D62A I63A 200  19   357   206   4.1  15.0  10.5
D62A I64A 188   7   354   151   7.1   8.4  10.9
D62A  ICQ  25 207   302   206   3.9   4.6   8.6
D62A J59A 229  45   587   206   6.1  14.3  20.2
D62A J62A 208  26   480   160   7.0  10.8   8.6
D62A J63A 201  20   452   153  12.1   7.9  14.5
D62A JOSY 142 324   393    54   7.8   6.1  10.1
D62A K60A 219  36   626   144   3.9   6.4   8.6
D62A L63A 200  18   615   161  12.8   4.9  10.8
D62A L65A 188   8   567   168   9.3  12.8  13.9
D62A LATQ 278  95   285   206   2.7   6.8   9.3
D62A  LMN 111 294   353   206   9.3  14.2  14.3
D62A LSQQ 293 107   630   206   9.6   9.0  11.6
D62A M66A 188   7   653   170  10.0  11.8  13.2
D62A MALY 106 290   460   144   7.9   7.2   8.4
D62A N62A 209  26   769   205   9.4   9.0   7.7
D62A NATG  50 235   581   195   4.0   3.9   8.5
D62A PLVO 253  67   661   204   7.2  10.2  10.8
D62A QM16 157 338   225   139   4.7  14.1  13.5
D62A QM38 297 115   151   144  11.6   4.7   8.2
D62A QM50 308 126   245    90   5.3   7.8   7.1
D62A QM60 308 124   394    90  11.0   8.2  11.4
D62A QMM5   2 183   419   144  12.9   4.3  10.3
D62A SHEY 109 294   587   144   7.4   6.5  15.0
D62A SUSY 117 300   317   144   8.8   6.1  10.5
D62A VLDQ 284  97   665   144   4.6   2.5   6.5
D62A  WES 200  18   552   206  10.1   4.0   6.8
D62A WODY 121 305   405   144   5.0   5.7   6.8
D63A DRLN  69 257   826   163   2.3   4.4   6.0
D63A E55A 267  81   611   164  16.6   8.4  12.2
D63A E58A 261  78   402   164   5.4   7.2   9.0
D63A E62A 247  66   118   144   7.6   5.1   8.8
D63A E64A 163 343    72   165   6.8   6.9   7.5
D63A EDEY 110 294   480   164   8.2   4.7   4.5
D63A EMMW 169 349   264   159   9.9  17.1  19.2
D63A F57A 257  73   524   164   8.3  11.1  12.0
D63A F60A 249  67   318   164  12.5   4.7  10.6
D63A F61A 243  61   251   164   0.3  13.8  10.7
D63A F62A 229  48   191   157   8.0   8.0   8.2
D63A F64A 188   8   132   161  11.2   5.4   8.1
D63A G59A 243  59   449   164   7.0   8.1   5.2
D63A G61A 235  52   328   158   7.5   8.0   7.8
D63A G62A 224  42   276   164   8.0  10.8   9.9
D63A G63A 209  28   244   161  13.6  12.7  18.1
D63A  GBN 107 292   540   165   5.2  11.1   9.4
D63A  GGN 155 336   235   164   9.0   9.7  10.2
D63A H61A 228  45   408   162   4.2  14.9   9.4
D63A H62A 222  40   362   165   5.7  15.3  10.4
D63A H63A 210  29   304   163   5.2   7.0  12.2
D63A H64A 198  18   280   165   9.2   7.3  13.1
D63A H65A 182   2   260   165   9.6  21.0  13.6
D63A  HAL 126 309   441   165   9.7  12.0  18.4
D63A HANN 141 322   165   165  11.5  18.8  15.3
D63A HOLY 114 295   138   159   0.7  11.2   6.2
D63A I57A 242  57   683   164   3.4   4.5   4.4
D63A I60A 231  47   539   164  10.7  12.4  13.7
D63A I62A 217  35   433   165   5.3   7.8   7.6
D63A I63A 211  29   384   157   6.5   8.4  10.8
D63A I64A 200  18   366   158   5.0   7.9   7.2
D63A  ICQ  12 193   283   165  11.1  10.0  13.6
D63A J59A 234  49   640   165   2.9  12.1  13.8
D63A J62A 216  33   514   165   4.9   5.1   6.7
D63A J63A 210  28   478   158  14.1  15.2  17.5
D63A JOSY 151 333   349    72  12.7  14.4  14.5
D63A K60A 225  41   671   164   5.6  16.7  13.0
D63A K62A 215  32   585   165  10.4   8.4  12.4
D63A L63A 207  25   639   165   6.2  10.0  12.4
D63A LATQ 278  94   356   165   4.4   9.0   9.2
D63A  LMN 116 299   286   165   9.4  15.3  15.5
D63A LSQQ 292 105   698   165   6.4   1.8   3.0
D63A M66A 195  13   662   156   9.7   3.3  12.9
D63A MALY 109 292   391   162   7.0   5.8   9.7
D63A N62A 214  31   803   149   2.4   4.5   1.9
D63A NATG  45 229   532   163   8.3   4.5  11.7
D63A PLVO 256  69   728   163  10.8   8.0  18.2
D63A QM16 177 357   204   140   5.0   7.7  12.0
D63A QM38 290 108   219   164   6.4   9.0   7.6
D63A QM50 301 118   307    91   7.4   6.1   8.2
D63A QMM5 353 173   426   164  14.8  11.1  20.0
D63A SHEY 112 296   518   157   5.8   0.5   6.6
D63A SUSY 125 306   253   158   7.4   4.8   7.4
D63A VLDQ 284  96   736   164   1.0   5.0   3.0
D63A  WES 207  25   576   165   3.3  10.8   8.8
D63A WODY 128 310   343   156   8.6  15.6  12.6
DRLN E55A 264  71  1419   180   1.6   3.2   3.4
DRLN E58A 261  69  1222   180   2.0   3.2   0.2
DRLN E62A 256  68   943   205   5.1  11.4   8.4
DRLN EDEY 222  39   559   162  11.6   7.8  12.9
DRLN EMMW 240  53   909   231   5.2   2.6   3.9
DRLN F57A 260  67  1346   180   9.5   0.7   5.4
DRLN F62A 253  64  1008   216   8.0  10.2   4.5
DRLN F64A 249  61   898   220   3.4   1.7   4.1
DRLN G57A 257  65  1399   180   9.8   4.8   7.3
DRLN G59A 255  63  1273   164   0.7   1.0   3.2
DRLN G61A 253  62  1147   156   5.0   8.1   2.4
DRLN G62A 250  61  1082   223   6.8   6.8   9.1
DRLN  GBN 217  34   524   242   8.3   7.5  11.4
DRLN  GGN 240  54   843   198  13.0   4.0  10.0
DRLN H62A 249  59  1161   224   5.0   9.3   8.8
DRLN H64A 244  56  1027   168   2.6   6.7   5.8
DRLN H65A 242  54   961   168   3.0   1.8   4.9
DRLN HANN 245  58   791   242   4.8   9.9   9.8
DRLN HOLY 249  62   735   157   2.1   3.2   6.3
DRLN I60A 249  58  1349   188   1.8  10.7   7.4
DRLN I63A 245  55  1154   216   6.3   5.2   0.6
DRLN  ICQ 276  89   709   242   7.1  16.5  14.0
DRLN J62A 244  54  1288   190   8.7   3.3   7.4
DRLN J63A 243  53  1237   182   0.3   2.9   4.0
DRLN JOSY 233  46   854    70   0.6   7.0   8.4
DRLN K60A 246  54  1465   168   3.5   1.5   1.5
DRLN L63A 238  48  1370   187   5.8  11.7  14.5
DRLN L65A 235  46  1263   178   6.8  13.4  13.7
DRLN  LMN 238  53   667   241   6.3   6.0  11.1
DRLN LSQQ 276  82  1417   242   9.3   2.7   5.7
DRLN M66A 233  44  1328   179   7.7   6.3   7.7
DRLN MALY 231  47   585   160   8.8  15.4  11.1
DRLN N62A 240  48  1555   208  11.3   1.5   9.2
DRLN NATG 289 105   399   231   7.6  11.1  13.6
DRLN QMM5 287  98   827   180   8.2   6.2   8.2
DRLN SHEY 218  35   570   155   5.5  10.1  13.4
DRLN SUSY 240  54   715   156   4.6   5.5   6.6
DRLN VLDQ 273  78  1490   180  10.9   5.2  13.6
DRLN  WES 240  50  1314   242   1.6   9.2   3.5
DRLN WODY 232  47   712   154   1.5   8.4   5.0
E55A E58A  91 273   214   182   8.0   3.2   6.6
E55A E62A  86 270   501   143   0.4   2.1   3.3
E55A E64A  87 273   632   165   4.1   9.2  12.8
E55A EDEY  91 281  1070   164   7.5  11.4  11.2
E55A EMMW 103 289   698   176  17.0   1.5  12.6
E55A F57A 124 305   127   182   8.7  11.5  11.3
E55A F60A  98 281   321   182   7.8   9.8  14.8
E55A F61A  96 280   394   182  15.5  12.1  16.4
E55A F62A  95 280   474   156  15.6  15.6  16.9
E55A F64A  94 279   599   160   5.3   5.5   4.8
E55A G57A 151 331   172   182   7.3  11.3  10.3
E55A G59A 123 305   271   166   6.8   9.4   9.8
E55A G62A 106 290   451   163  15.6   8.8  12.5
E55A G63A 104 289   522   161   5.0   2.4   3.1
E55A  GBN  91 281  1132   182  10.4  17.7  15.9
E55A  GGN  98 285   731   182  11.5   1.9  14.7
E55A H61A 122 305   388   162   6.5  11.6  11.5
E55A H62A 117 300   436   164   7.8   7.9   8.4
E55A H63A 111 295   510   163   6.1   7.2  10.8
E55A H64A 108 293   570   165  13.1   7.5   9.6
E55A H65A 105 291   640   167  10.5   8.5  14.0
E55A HANN  92 278   720   182   1.7  10.1   9.5
E55A HOLY  86 273   736   159  10.6   6.7  13.2
E55A I57A 173 354   281   182  16.9   9.6  13.2
E55A I60A 142 324   362   163   9.8  15.7  15.0
E55A I62A 126 309   469   176   9.9  16.8  21.3
E55A I63A 120 304   506   156   5.3  15.0   9.9
E55A I64A 117 301   578   157   9.0   0.8   5.0
E55A  ICQ  59 246   739   182  11.3   3.2   9.5
E55A J59A 159 340   354   182  10.6  10.1  17.5
E55A J62A 135 318   491   176  10.4  14.5  14.9
E55A J63A 130 314   528   168   8.7  10.5  12.9
E55A JOSY 104 291   823    72   6.6   9.7  10.4
E55A K60A 157 339   460   170  17.9  11.2  15.8
E55A K62A 143 326   519   174  14.9  16.1  17.6
E55A L63A 144 327   622   172   4.9  10.7  19.8
E55A L65A 134 318   686   156  10.8  13.5  16.0
E55A LATQ  66 249   270   182   8.2   1.7   3.5
E55A  LMN  90 278   871   181   7.9   8.5   8.2
E55A LSQQ 347 166   298   182  18.4  14.4  19.3
E55A M66A 138 322   748   155   2.0   2.7   4.2
E55A MALY  90 279   983   162   4.5   5.8   2.7
E55A N62A 160 342   648   148   4.3   8.4  10.7
E55A NATG  62 252  1068   181   7.2   4.7   3.7
E55A PLVO 207  26   176   180  11.0  10.4  12.5
E55A QM38  69 253   418   182  10.8  12.7  17.5
E55A QM50  55 238   396    91   9.5   9.7  10.9
E55A QM60  33 215   364    91   3.3   0.8   1.7
E55A QMM5  45 230   724   182  10.1   6.7   8.3
E55A SHEY  93 283  1102   157   5.2   7.1   7.9
E55A VLDQ 327 146   232   182  14.8   8.9  13.4
E55A  WES 138 322   589   182   6.1  16.6  16.6
E55A WODY  96 284   898   156   6.6   7.2   6.0
E58A E62A  83 266   290   143   7.9  13.9  15.4
E58A EDEY  93 281   856   164   6.7  14.5  11.9
E58A EMMW 110 294   491   176   8.9   3.9  12.7
E58A F57A 241  60   126   182   7.2   6.2   7.7
E58A F60A 113 294   112   182   9.5   8.9  10.5
E58A F61A 103 285   182   182   5.5  12.3   8.5
E58A F62A 100 283   261   156   5.4   5.6   6.2
E58A G57A 224  43   194   182   8.3  12.8  12.2
E58A G59A 177 357   144   166  10.4   4.0   8.2
E58A G61A 131 312   182   158   4.5  13.4   9.2
E58A G62A 120 302   249   163   9.8   5.3   8.3
E58A G63A 115 297   317   161   8.9   5.7   9.9
E58A  GBN  92 281   919   182   4.2   4.3   7.5
E58A  GGN 103 288   520   182  12.3   4.2   8.5
E58A H61A 152 333   231   162   6.1  15.3  11.0
E58A H62A 140 321   260   164   5.1  17.9  12.6
E58A H63A 126 308   317   163   7.7  11.0  19.5
E58A H64A 120 303   371   165   2.3   9.5  10.2
E58A H65A 114 297   435   167   7.9   8.5   7.4
E58A HOLY  86 271   524   159   0.8   5.9   4.3
E58A I57A 216  34   329   182  10.2   4.7  12.0
E58A I60A 180   0   281   163   7.4   9.0   8.6
E58A I62A 150 332   317   176  11.1  14.1  12.7
E58A I63A 140 322   334   156  12.6  13.3  20.7
E58A I64A 132 315   395   157  13.3   7.6  13.9
E58A  ICQ  50 234   569   182   6.3   6.4   7.4
E58A J59A 197  16   337   182  11.4  10.7  19.4
E58A J62A 161 342   368   176  15.0  11.5  13.8
E58A J63A 152 334   385   168   8.1  17.0  13.5
E58A JOSY 110 295   616    72   7.0   2.5   4.9
E58A K60A 187   6   420   170   6.6  11.7  12.8
E58A K62A 168 349   420   174  14.6  11.4  15.9
E58A L63A 164 346   518   172  11.4   7.9  15.0
E58A L65A 151 333   547   156   5.7  12.5  13.2
E58A LATQ  18 199   119   182   9.0   8.0  11.0
E58A  LMN  92 278   657   181   0.4  12.5   7.2
E58A LSQQ 318 136   408   182  18.3   9.4  12.7
E58A M66A 155 337   622   155  13.8  12.9  16.2
E58A MALY  91 278   770   162   6.2   7.5   4.8
E58A N62A 182   1   605   148   6.0  12.0  12.7
E58A NATG  57 245   889   181   9.4   4.6   7.5
E58A PLVO 245  62   331   180   0.9   8.3   5.7
E58A QM16 105 289   434   140   7.4   8.0   9.0
E58A QM38  51 233   234   182   6.0   7.4   8.0
E58A QM50  28 209   257    91   9.2   3.9  12.2
E58A QM60 359 179   311    91  10.4   3.8   9.3
E58A QMM5  32 215   597   182  13.9   9.2  17.3
E58A SHEY  95 283   888   157   0.6   7.7   5.4
E58A SUSY  94 280   611   158   8.8   8.4  11.9
E58A VLDQ 302 119   395   182  12.0   7.3  14.1
E58A  WES 160 341   470   182   8.7  11.8  16.3
E58A WODY  99 285   685   156   0.9   4.0   4.4
E62A E64A  99 280   132   144   6.3   5.3   5.3
E62A EDEY 101 286   573   143   6.9   5.4   7.4
E62A EMMW 142 324   267   194  10.2  10.3  11.5
E62A F57A 259  75   409   143   9.8   7.8   9.0
E62A F60A 250  68   201   143   7.1   4.2   5.5
E62A F61A 238  57   134   143   7.0   7.3   8.1
E62A F62A 203  23    87   205   6.6   9.2   8.4
E62A F64A 132 313   124   205   8.6   7.0   8.6
E62A G57A 250  66   456   143   7.0   3.4   9.8
E62A G59A 240  58   332   143   2.4   9.0   8.3
E62A G62A 207  26   174   205  10.1  11.3  11.1
E62A G63A 183   3   167   143   9.3   9.5  11.9
E62A  GBN  99 285   634   205   6.6   6.2  12.1
E62A  GGN 128 310   267   161   5.1  15.2  12.6
E62A H62A 210  29   261   205  12.0  12.5  16.1
E62A H63A 191  10   221   143   3.8  13.8   8.3
E62A H64A 174 354   221   148  11.5   7.6   9.5
E62A H65A 155 336   236   146  11.3  12.2  16.6
E62A  HAL 113 298   512   202   7.6   7.1   9.0
E62A HANN 110 292   228   205   6.1   7.6   7.6
E62A HOLY  91 274   235   143  10.1  10.8  10.9
E62A I60A 225  42   427   170   9.8   7.2   9.0
E62A I62A 206  24   337   205   3.4   8.8   7.7
E62A I63A 197  16   297   205   9.1  13.9  12.9
E62A I64A 182   2   300   150   8.3   8.5   8.9
E62A  ICQ  27 208   364   205   2.1  11.7  11.5
E62A J59A 230  46   526   205   2.3   9.5   8.2
E62A J62A 206  25   418   159  11.6  12.7  15.9
E62A J63A 199  18   391   152   4.2   9.0   5.9
E62A JOSY 132 315   379    53   5.9   8.4  12.0
E62A K60A 219  36   564   143  10.0  12.7  12.9
E62A K62A 207  25   489   205   0.6  10.4   9.5
E62A L63A 198  17   554   160   3.9  13.3   9.4
E62A L65A 185   5   512   167  10.6  17.5  15.6
E62A LATQ 290 108   262   205   5.6   3.8   8.9
E62A  LMN 101 285   374   205   7.2   7.3  10.0
E62A LSQQ 299 113   620   205   7.6  14.4  17.0
E62A M66A 185   5   598   169  12.0  12.1  18.4
E62A MALY  99 283   485   143   7.0   0.5  12.0
E62A N62A 208  25   707   204   8.4   8.0   8.5
E62A NATG  48 233   642   194   2.4   2.3   3.5
E62A PLVO 256  71   612   203   7.4   2.2   4.1
E62A QM16 142 323   199   139   9.0   6.1   7.5
E62A QM38 320 139   155   143  11.6   9.3  13.7
E62A QM50 322 140   256    90  12.1  13.1  13.4
E62A QM60 316 133   402    90   2.9   8.0   7.8
E62A QMM5   6 187   473   143  13.9   8.3  10.7
E62A SHEY 103 288   608   143   6.2   4.0   4.4
E62A SUSY 106 289   331   143   4.4   5.7   5.7
E62A VLDQ 289 103   645   143   1.8   9.0   7.2
E62A  WES 198  16   492   205   4.9  23.4   9.3
E62A WODY 112 296   413   143  11.0   7.4   9.6
E64A EDEY 102 286   441   164   6.3   5.5   7.8
E64A EMMW 171 351   192   160  10.1  12.0  11.7
E64A F57A 265  80   535   165   2.2   1.9   1.2
E64A F61A 260  77   249   165   7.7   6.0   9.3
E64A F62A 251  70   175   157   2.8   7.8   5.1
E64A F64A 213  33    74   161   6.5   6.2   6.6
E64A G57A 258  73   575   165   7.6   2.1  10.2
E64A G59A 252  68   442   165   6.4   6.3   9.2
E64A G62A 239  57   249   164   8.7   6.3  11.6
E64A G63A 225  43   201   161   7.7   8.7   8.9
E64A  GBN 101 285   503   166   0.2  11.5   2.7
E64A  GGN 152 332   164   165  10.7  12.3  15.6
E64A H61A 238  55   383   162   8.2  11.5   9.0
E64A H62A 233  51   331   165   4.3  10.0  15.0
E64A H63A 222  41   260   163   2.0   5.0   4.2
E64A H64A 209  28   225   166   4.4   5.9   8.5
E64A H65A 190  10   194   166  11.6   9.0  15.6
E64A  HAL 119 302   386   166  16.5   6.0  10.1
E64A HANN 126 306   101   166  10.3   8.9   9.7
E64A HOLY  83 264   105   159  11.3   4.7  10.6
E64A I57A 249  63   674   165  15.6   2.5   8.3
E64A I60A 238  54   516   164   4.2   9.3   3.3
E64A I62A 226  43   395   166   0.9   5.4   6.9
E64A I63A 220  38   340   157   9.6   9.2  12.1
E64A I64A 208  26   312   158   7.5   9.0  14.8
E64A  ICQ   7 187   348   166  10.3   5.9  11.2
E64A J59A 240  56   620   166   3.7  10.7   3.1
E64A J62A 223  40   474   166  15.0   4.1  10.2
E64A JOSY 149 330   279    72   6.1   9.1   8.4
E64A K60A 231  47   640   165   3.4   6.4   7.2
E64A K62A 222  38   544   166   3.6   8.9   9.1
E64A L63A 212  30   590   166   4.8   7.2   5.9
E64A L65A 201  19   519   157   7.3   0.4   2.9
E64A LATQ 288 104   392   166   6.1   6.4   9.4
E64A  LMN 104 286   242   166   5.3   7.8   9.0
E64A LSQQ 296 110   746   166  17.5  15.8  19.4
E64A M66A 199  17   602   156   7.8  10.4   9.0
E64A MALY 100 283   353   162  12.4   4.8   8.9
E64A N62A 219  35   760   149   6.6  10.9   6.8
E64A NATG  39 223   568   164   5.3  10.4   5.3
E64A PLVO 261  75   735   164   6.3  11.3   6.2
E64A QM16 184   4   135   140   5.4   8.0   6.7
E64A QM38 302 120   269   165  10.6   2.1   8.1
E64A QM50 309 126   364    91   7.9   1.3   6.0
E64A QM60 309 124   513    91   4.5   5.0   3.1
E64A QMM5 352 171   497   165   9.3   8.7  10.6
E64A SHEY 105 290   476   157   9.7   6.7  12.1
E64A SUSY 112 294   201   158  10.8   9.7  12.8
E64A VLDQ 288 101   776   165   2.9   6.5   8.4
E64A  WES 213  31   527   166   3.3  12.6  10.2
E64A WODY 120 302   287   156   7.4   6.9  11.0
EDEY EMMW 260  77   413   158  11.7   9.6  10.9
EDEY F57A 277  88   965   164   7.4   7.4   8.5
EDEY F60A 278  91   752   164   6.8   1.7   8.2
EDEY F61A 278  92   678   164   4.2   7.7   7.3
EDEY F62A 278  92   598   156  10.0   8.2  10.6
EDEY F64A 278  94   472   160  10.6   3.6   8.7
EDEY G57A 272  83   994   164  15.8   1.2  11.6
EDEY G63A 269  84   574   161   5.6   1.4   3.2
EDEY  GBN  93 274    63   164   5.2   7.5  10.9
EDEY  GGN 266  83   357   164   4.2   2.5   6.0
EDEY H61A 266  79   764   162   5.5   6.9   7.7
EDEY H62A 265  79   703   164  14.0   3.8   9.9
EDEY H64A 263  78   551   164   7.8   4.5   7.1
EDEY H65A 262  78   474   164   4.5   3.1   3.1
EDEY  HAL 229  48   134   164   8.3   6.6  12.3
EDEY HANN 280  96   350   164   6.7   5.0   6.2
EDEY HOLY 292 109   343   159   7.1   9.4  14.6
EDEY I60A 262  75   888   163  11.4   7.7   7.5
EDEY I62A 260  73   736   164  11.3   1.0   6.1
EDEY I63A 260  74   672   156   9.7   0.6   5.7
EDEY I64A 256  71   604   157   7.7   2.6  10.9
EDEY  ICQ 322 139   587   164   9.4   5.1   5.8
EDEY J59A 262  73   993   164   9.0  10.1  11.6
EDEY J62A 255  69   796   164  12.4   7.7  14.0
EDEY J63A 254  68   738   157   7.3   4.9  10.0
EDEY JOSY 247  65   320    72   1.4   0.9   4.0
EDEY K60A 255  67   978   164   6.1   2.4   2.1
EDEY K62A 252  65   852   164   9.9   7.9   7.0
EDEY L63A 245  59   848   164   6.7   6.1  10.0
EDEY L65A 241  56   729   156   7.6   7.2   8.5
EDEY LATQ 289 101   832   164  10.3   0.7   3.4
EDEY  LMN 284 102   199   164  11.4   3.8  10.6
EDEY M66A 236  51   785   155   4.7   5.5   4.1
EDEY MALY 296 116    90   162   9.0   5.3   7.7
EDEY NATG 356 176   540   163  11.2  12.1  14.2
EDEY QM38 294 108   699   164   5.7   5.0   1.4
EDEY QM50 298 111   784    91   6.0   1.7   0.8
EDEY QMM5 324 139   770   164  11.7   4.2   4.2
EDEY SHEY 143 323    43   157   5.6   8.5   7.1
EDEY SUSY 278  96   245   158   6.5   6.9   8.9
EDEY VLDQ 290  99  1215   164   7.0   2.5   4.7
EDEY WODY 259  77   188   156  14.1   5.8  12.9
EMMW F57A 285 100   581   176   7.6  10.1  17.1
EMMW F60A 293 110   379   176   7.7  14.8  10.6
EMMW F61A 298 116   311   176  10.8   6.7   8.7
EMMW F62A 305 123   237   207  15.9   6.8  12.0
EMMW F64A 332 151   146   211  10.6  10.0  11.1
EMMW G57A 277  92   596   176   7.5   2.6   9.7
EMMW G59A 277  93   454   160   9.3   4.6  11.3
EMMW G61A 283 100   327   152   2.2   5.8   3.5
EMMW G62A 284 102   249   214   5.8  13.8   8.3
EMMW G63A 286 104   177   155   8.6   7.6   7.9
EMMW  GGN  47 227    67   194   5.4   5.5   6.0
EMMW H61A 268  85   355   156   5.7   5.7  10.0
EMMW H62A 268  86   294   215   9.0   8.9  15.7
EMMW H63A 269  88   204   157   9.0  10.4  10.2
EMMW H64A 268  86   140   164   5.1  11.4   8.0
EMMW H65A 269  89    63   164   8.0   5.5   6.9
EMMW HANN  22 203   141   233   8.8   7.2   9.6
EMMW HOLY  21 201   216   153  13.0  14.5  18.2
EMMW I57A 265  80   660   176  13.2  11.4  11.4
EMMW I60A 260  76   475   184  10.0   8.9  10.8
EMMW I62A 255  72   323   227   7.3   4.3   5.1
EMMW I63A 255  73   259   207   9.2   5.6   8.4
EMMW I64A 244  63   195   158   8.1  10.3   9.9
EMMW  ICQ   1 182   535   233  12.1   9.3  15.9
EMMW J59A 259  74   581   233  13.0   9.4  12.3
EMMW J62A 246  63   386   186   7.0   7.8   9.6
EMMW J63A 243  60   331   178   8.3  10.2   9.8
EMMW JOSY 113 294   125    66   4.3   5.6   7.0
EMMW K60A 248  64   568   164   6.7   7.8  10.7
EMMW K62A 241  58   447   225   6.0  19.0  12.0
EMMW L63A 228  45   462   183   5.9   8.2  10.8
EMMW L65A 216  34   364   174   4.6  10.4   8.6
EMMW LATQ 308 124   508   233  15.2   0.8  13.2
EMMW  LMN  58 239   244   232   9.0  11.2  14.1
EMMW LSQQ 307 120   871   233   9.4   5.8   9.6
EMMW M66A 211  29   441   175  12.2   7.9  12.6
EMMW N62A 232  48   646   199  10.9   6.3   9.9
EMMW NATG  28 211   712   222   2.8   5.9   4.6
EMMW PLVO 276  89   760   231   5.3   6.2   5.7
EMMW QM16 325 145    68   134   6.9   4.3   5.9
EMMW QM38 323 140   421   176  16.5   8.1  10.6
EMMW QMM5 352 171   690   176   8.4  19.1  17.1
EMMW SHEY  82 266   434   151   9.8   6.9  11.1
EMMW SUSY  54 236   195   152  10.0   3.3  10.2
EMMW VLDQ 300 112   880   176   9.1  17.6  15.9
EMMW  WES 232  49   405   233  14.1   8.4  16.2
EMMW WODY  78 260   225   150   2.8   4.9   4.7
F57A F60A  84 266   213   182   2.0   8.0   6.5
F57A F61A  85 268   288   182   5.5  11.2   8.1
F57A F64A  87 272   493   160   8.4   6.0  12.3
F57A G57A 196  16    82   182   6.0   8.1   7.7
F57A G59A 124 305   144   166   9.5  10.3  14.2
F57A G61A 102 285   254   158   4.6   8.1   6.2
F57A G62A 100 283   332   163   9.1   7.3   9.4
F57A G63A  99 283   404   161  11.1   6.7   8.8
F57A  GBN  88 277  1028   182   5.7  10.3   8.7
F57A  GGN  94 280   619   182   2.5   5.2   4.5
F57A H61A 122 304   260   162   5.5   6.7   8.7
F57A H62A 115 298   310   164   6.7   3.4   4.9
F57A H63A 108 291   387   163   7.0   1.0   6.4
F57A H64A 105 289   449   165  11.6  12.1  16.4
F57A H65A 101 286   521   167   8.8   0.3  11.0
F57A HANN  86 272   615   182   3.1  10.1  10.2
F57A HOLY  80 266   640   159   6.3   6.2   5.2
F57A I57A 200  20   222   182  11.2  11.0  12.3
F57A I60A 153 334   245   163   9.0  15.0  13.0
F57A I62A 128 310   342   176   7.5   8.5  12.5
F57A I63A 120 303   379   156   4.6  13.2  10.7
F57A J59A 177 357   261   182  10.9  11.2  11.6
F57A J62A 140 322   367   176   8.1  13.9  21.6
F57A J63A 133 316   402   168  10.3  14.0  15.6
F57A JOSY 101 287   705    72   7.9  11.4  10.6
F57A K60A 169 350   361   170   4.7  11.2  14.9
F57A K62A 150 332   401   174   9.2  13.3  11.2
F57A L63A 149 332   504   172  19.6  14.7  20.3
F57A L65A 137 320   562   156  12.9  18.3  17.5
F57A LATQ  39 221   228   182  11.3   4.6   8.5
F57A  LMN  86 273   768   181  10.2   8.5   9.3
F57A LSQQ 335 154   400   182  11.9  19.3  16.7
F57A M66A 142 325   626   155   8.4   6.6  11.8
F57A MALY  86 274   881   162   7.1   4.0   7.2
F57A N62A 169 350   551   148  10.9  10.6  13.4
F57A PLVO 246  64   205   180   4.6  10.3   8.7
F57A QM16  95 280   531   140   7.4   8.5   8.6
F57A QM38  53 236   359   182   5.4   7.4   9.0
F57A QM50  37 220   369    91   9.9   7.7  16.7
F57A QM60  15 196   387    91   1.1   3.8   4.3
F57A QMM5  36 220   710   182   6.4   7.1   6.7
F57A SUSY  88 274   720   158   6.1  11.7  10.0
F57A VLDQ 320 137   352   182  11.1  14.4  16.7
F57A  WES 143 326   467   182   8.4  14.4  13.4
F60A F61A  89 270    74   182   7.1   3.3   4.9
F60A F62A  92 274   154   156   4.9   8.1   6.3
F60A F64A  91 274   280   160   7.4   2.0   8.9
F60A G57A 249  67   256   182   7.3   4.0  13.4
F60A G59A 225  44   138   166   5.7   8.4   7.3
F60A G61A 156 337    83   158   7.0   8.0   8.0
F60A G62A 126 307   139   163   7.2   6.1   6.9
F60A G63A 117 298   205   161   6.6   5.9   9.0
F60A  GBN  91 278   815   182   6.5   8.3   8.6
F60A H61A 179 359   161   162  12.1   9.8  11.4
F60A H62A 158 338   167   164   6.6  13.8  10.5
F60A H63A 133 315   209   163   9.3  12.8  14.0
F60A H64A 124 306   260   165   8.1   7.0  10.9
F60A H65A 115 297   323   167   8.1   8.1  14.9
F60A HOLY  80 264   428   159   7.8   4.6  10.2
F60A I57A 234  51   370   182   7.0  10.3   9.9
F60A I60A 205  24   259   163   1.2  14.2   7.2
F60A I62A 168 348   238   176  11.6  13.2  13.0
F60A I63A 153 334   239   156   9.2  10.9  11.9
F60A I64A 140 322   292   157   9.9  11.7  12.2
F60A  ICQ  40 223   528   182  12.1   9.1  13.6
F60A J59A 217  35   344   182   8.0   6.4   7.9
F60A J62A 178 358   305   176   6.6  13.3  10.8
F60A J63A 167 347   307   168   9.8  12.4  14.2
F60A JOSY 110 294   504    72   9.4   1.5  16.5
F60A K60A 203  22   403   170   4.1  14.4  14.0
F60A K62A 184   3   368   174   3.3   5.4   6.2
F60A L63A 176 357   457   172  10.0  13.5  12.5
F60A L65A 160 341   463   156  19.3  14.4  18.8
F60A LATQ 338 158   170   182  13.5  10.3  14.6
F60A LSQQ 314 130   511   182  10.4  12.6  10.6
F60A M66A 164 345   543   155   8.1   8.0  10.0
F60A MALY  89 275   667   162   2.1   4.7   3.5
F60A N62A 193  12   573   148  11.8   6.9   9.7
F60A NATG  51 238   832   181   6.5   2.8   3.2
F60A PLVO 257  74   413   180   3.1   5.8   9.8
F60A QM16 104 287   323   140   6.5   8.3  12.0
F60A QM38  23 204   207   182  12.8   6.0  10.9
F60A QM60 344 163   371    91   8.8   5.9   5.0
F60A QMM5  22 204   590   182   7.4   9.2   7.1
F60A SHEY  93 280   783   157   1.7   2.9   0.9
F60A SUSY  91 275   507   158   7.3  15.7  19.5
F60A VLDQ 301 117   505   182   8.0   9.3   8.9
F60A  WES 173 353   401   182   9.8  18.8  14.0
F60A WODY  97 282   577   156   2.1   4.8   8.0
F61A F62A  96 277    80   156   6.4   5.5   6.3
F61A F64A  92 274   205   160   4.1   7.2   9.0
F61A G57A 254  71   327   182   7.9   9.7   9.2
F61A G59A 241  59   198   166   6.9  10.6   9.3
F61A G61A 209  28    87   158  10.2   8.6  11.4
F61A G62A 157 337    91   163   6.3  12.3   9.0
F61A G63A 131 312   144   161   9.7  12.3  12.3
F61A  GBN  91 278   741   182   6.9  11.0   9.5
F61A  GGN 105 288   338   182   8.6   4.7   9.3
F61A H61A 205  24   177   162   6.0  11.1   8.8
F61A H62A 185   5   156   164  13.9   7.6  10.6
F61A H63A 152 333   164   163  13.8  15.0  14.9
F61A H64A 136 317   203   165   9.0   9.9  12.7
F61A H65A 122 304   258   167   4.3   8.4  12.3
F61A  HAL 102 287   599   182   5.1   4.0   6.4
F61A HANN  90 273   328   182   5.4   6.4   5.5
F61A HOLY  78 262   354   159   4.2   4.0   6.2
F61A I57A 240  57   432   182   4.0  12.4   7.8
F61A I60A 218  37   298   163   7.2  12.1  15.2
F61A I62A 187   7   235   176  11.9  16.5  15.2
F61A I63A 171 352   216   156   6.2  14.4  10.4
F61A I64A 154 335   252   157   8.0  12.8  14.4
F61A  ICQ  34 217   483   182   8.8   4.1  12.4
F61A J59A 226  44   394   182   5.4  13.3  10.2
F61A J62A 192  12   312   176   5.0  11.9   8.6
F61A K60A 213  31   439   170   5.5  12.7  10.4
F61A K62A 196  15   381   174   6.7  10.8   9.9
F61A L63A 186   6   459   172   8.2   6.7   9.0
F61A L65A 170 351   445   156   7.7  11.4  10.4
F61A LATQ 319 138   208   182  11.4  12.6  13.7
F61A  LMN  89 274   480   181   5.6   7.7  11.1
F61A LSQQ 309 125   566   182  11.7  13.5  15.0
F61A M66A 172 353   528   155   2.5  11.3  13.3
F61A N62A 201  19   595   148   9.4   3.6   8.6
F61A NATG  49 235   774   181  10.9  12.7  15.4
F61A PLVO 260  76   486   180   6.4  13.3  11.4
F61A QM16 109 291   252   140  11.6   8.0  16.5
F61A QM38   3 183   189   182  13.9   9.3  11.3
F61A QM50 350 169   275    91   9.3  10.2  10.9
F61A QM60 334 153   396    91  10.0  12.8  11.0
F61A QMM5  16 198   565   182   5.8   9.8   6.2
F61A SHEY  94 281   709   157   4.8  13.3  11.9
F61A  WES 184   4   400   182   8.9  12.8  12.6
F61A WODY  99 283   504   156   6.1   8.5   8.6
F62A F64A  91 272   126   218  13.0   9.4  13.3
F62A G57A 259  76   402   156   6.4  15.2  13.3
F62A G59A 251  69   267   156   3.5  12.4   8.2
F62A G61A 241  60   140   156   3.5   4.5   4.1
F62A G62A 211  30    87   218   6.9   8.5   8.8
F62A G63A 163 343    91   156   8.8   7.3   8.0
F62A  GBN  92 278   661   218  11.0   5.2   8.2
F62A  GGN 108 291   259   174  13.1   6.1  12.9
F62A H61A 226  45   217   156   4.2  10.3   9.8
F62A H62A 213  32   174   218   7.1  14.5  10.6
F62A H63A 182   2   137   156  10.2   9.4  15.6
F62A H64A 157 338   151   161   7.7  15.0  11.8
F62A H65A 134 315   190   159  14.1   9.3  13.7
F62A  HAL 103 288   519   215  10.7   2.5   9.7
F62A HANN  89 272   248   218   4.8  11.0   7.7
F62A I57A 246  62   499   156   6.8   2.8   4.1
F62A I60A 230  48   348   183   2.8  19.6   9.3
F62A I62A 206  25   249   218   0.9   6.9   4.5
F62A I63A 194  13   211   218   7.4  13.0  11.9
F62A I64A 173 353   221   163  12.6  12.7  13.8
F62A  ICQ  26 208   451   218   5.2  12.8   8.6
F62A J59A 235  52   450   218   0.6   9.1   5.2
F62A J62A 207  26   331   172  11.5  10.0  14.1
F62A J63A 197  16   304   165   7.3  10.5  10.0
F62A JOSY 119 302   360    65   9.9   4.1   9.6
F62A K60A 222  39   480   156   4.1  13.0  13.0
F62A K62A 208  26   402   218   6.4  14.4  11.2
F62A L63A 197  16   467   173   8.8   6.6   9.2
F62A L65A 181   1   430   180   8.5  21.7  15.7
F62A LATQ 308 126   272   218   8.9   8.5  11.4
F62A  LMN  89 273   401   218   0.7   8.8   9.1
F62A LSQQ 306 121   634   218  12.1   4.0  13.1
F62A M66A 182   1   515   181  10.0  12.8  15.7
F62A MALY  89 274   514   156   3.7   7.1   7.7
F62A N62A 208  26   620   210   4.8   7.2  11.3
F62A NATG  45 230   722   207   6.2   2.6   6.7
F62A PLVO 263  78   564   216   8.7   3.7  15.8
F62A QM16 115 297   175   140   3.3   3.8   4.4
F62A QM38 341 161   209   156  11.0  12.0  12.6
F62A QM50 336 155   307    91  12.5   2.6  12.5
F62A QM60 326 144   443    91  14.1   3.4   6.5
F62A QMM5   9 189   557   156  10.6   5.7  17.6
F62A SHEY  95 281   629   156   2.5   7.7   4.5
F62A VLDQ 296 110   644   156   0.5  11.9   2.9
F62A  WES 196  15   405   218   4.6  14.7   9.9
F62A WODY 100 284   424   156   1.5   2.7   4.0
F64A G57A 263  78   525   160   5.6   8.2   8.3
F64A G59A 259  75   388   160   3.1   5.8   6.8
F64A G61A 257  74   256   158   9.5   2.4   5.7
F64A G62A 248  66   185   222  12.5   8.7  14.5
F64A G63A 230  50   129   160   7.3  11.7  10.2
F64A  GGN 125 306   144   178  11.2   9.3  10.8
F64A H61A 243  61   318   160   2.0   9.6   6.5
F64A H62A 238  56   263   222   8.5   8.9  13.0
F64A H63A 225  44   188   160   1.4   8.0  11.8
F64A H65A 176 356   130   163  13.8   7.5  11.5
F64A  HAL 108 292   398   219   9.2   3.0  12.1
F64A HANN  88 270   123   222  11.6   7.5  10.2
F64A HOLY  62 244   163   159  10.0  11.6  10.6
F64A I57A 252  67   615   160   9.8   2.2  12.5
F64A I60A 242  58   450   187   4.2  11.1   7.2
F64A I62A 228  46   323   222   3.9  11.7  13.7
F64A I63A 222  40   268   218   4.9  14.5  15.4
F64A I64A 206  25   239   164  10.1   9.1  14.6
F64A  ICQ  11 192   415   222   7.6  10.9  12.5
F64A J59A 244  59   556   222   3.0   3.5   8.6
F64A J62A 224  42   402   176   2.4   7.4   5.6
F64A J63A 218  36   360   169   5.6   7.2   8.0
F64A JOSY 133 315   256    69   9.0  13.4  13.9
F64A K60A 233  49   571   160   1.1  12.7  10.2
F64A K62A 222  40   472   222   9.5  10.7   9.9
F64A L63A 212  29   516   177   7.3   1.4   2.2
F64A L65A 198  17   447   180  10.0   6.7  13.2
F64A LATQ 298 115   379   222   7.9  10.4  15.1
F64A  LMN  89 271   275   222  10.9   5.5   8.0
F64A M66A 196  15   531   181   6.2   8.5   8.5
F64A MALY  89 273   388   160   3.1   8.9   6.8
F64A N62A 219  35   687   210   6.8   9.8  11.3
F64A NATG  38 222   642   211  14.6   4.4  11.5
F64A PLVO 265  79   688   220   3.4   3.8   3.4
F64A QM16 157 337    79   140   7.6   6.9   7.1
F64A QM38 317 136   278   160   8.4  13.5   9.9
F64A QM50 320 137   378    91   7.5   6.1   7.7
F64A QM60 316 133   525    91  10.3   7.8  12.0
F64A QMM5 357 176   555   160  11.9  10.6  11.1
F64A SHEY  97 282   504   157   5.1   3.8   7.8
F64A SUSY  93 275   227   158   5.8  12.1  10.4
F64A VLDQ 293 106   760   160   6.8  10.4  12.0
F64A  WES 213  31   454   222   6.9   5.0  11.9
F64A WODY 105 288   300   156   6.5   7.7   8.3
G57A G59A  90 272   142   166   6.3   5.9   7.6
G57A G61A  85 267   272   158   2.0   2.5   2.6
G57A G62A  86 269   350   163   1.4  13.0   8.7
G57A G63A  88 272   422   161   3.5  13.4   8.5
G57A  GGN  87 273   641   182   1.2   8.3   1.8
G57A H61A 104 286   250   162  18.0  13.0  18.7
G57A H62A 100 282   308   164  12.6   8.1  14.2
G57A H63A  95 279   394   163   1.4   8.0   4.2
G57A H64A  94 278   458   165   8.7   4.9   8.2
G57A H65A  92 277   534   167   2.6   5.2   2.6
G57A  HAL  89 277   901   182   3.2  13.0   7.6
G57A HANN  79 265   648   182   4.0   4.6   2.4
G57A HOLY  74 260   681   159   5.1   4.0   4.7
G57A I57A 203  22   140   182   3.8   8.5   7.4
G57A I60A 135 317   194   163  12.4  15.7  17.9
G57A I62A 114 296   321   176  11.0   6.2   7.4
G57A I63A 107 290   369   156   7.5   4.7   6.0
G57A I64A 105 289   445   157  12.3  11.5  15.0
G57A  ICQ  47 233   762   182   7.6   8.6   8.6
G57A J59A 168 348   186   182   7.7  10.3  13.0
G57A J62A 128 311   328   176   8.4  14.1  11.8
G57A J63A 122 304   372   168   7.5   6.5   8.9
G57A JOSY  94 281   717    72   3.8   1.5   2.4
G57A K60A 162 343   290   170  14.9  16.3  19.3
G57A K62A 140 322   350   174   7.9  14.0  12.5
G57A L63A 142 324   452   172   6.1  13.0  11.2
G57A L65A 129 312   525   156   7.4   8.5  10.1
G57A LATQ  33 215   305   182   9.4   9.4  10.5
G57A  LMN  80 268   800   181   5.3   2.6   3.2
G57A LSQQ 342 160   465   182  13.9  11.6  25.5
G57A M66A 136 319   581   155   9.9  10.6   8.9
G57A MALY  81 269   912   162   6.8   3.5   3.7
G57A N62A 165 346   480   148  12.7  10.8  18.2
G57A NATG  53 242  1078   181   7.2   9.6  12.8
G57A PLVO 268  87   165   180   4.0   8.3   8.5
G57A QM38  47 230   427   182  10.5  10.4  13.2
G57A QM50  33 216   446    91  15.2   4.1  11.5
G57A QMM5  34 218   787   182   9.9   3.9   7.1
G57A SHEY  85 274  1022   157   1.1   7.0   1.7
G57A SUSY  81 268   751   158   3.4   6.3   8.4
G57A VLDQ 329 147   403   182  13.3   9.4  18.6
G57A  WES 134 317   422   182   6.6  11.0  11.0
G59A G62A  85 267   209   163  11.9   1.6   9.8
G59A G63A  88 270   280   161   3.4   6.6   6.5
G59A  GBN  84 272   916   166   3.6   0.6   8.1
G59A  GGN  87 272   499   166   7.9   3.5   5.4
G59A H61A 122 302   117   162   9.1   7.7   8.9
G59A H62A 109 290   170   164   9.8   4.9   7.5
G59A H63A 100 282   253   163   8.7   4.9   7.5
G59A H65A  95 278   392   166   9.1   1.1   7.7
G59A  HAL  90 277   759   166   4.6   9.6   5.3
G59A HANN  78 262   509   166   8.4   3.7   5.6
G59A HOLY  71 255   546   159   2.5   5.2   5.9
G59A I57A 238  56   234   166   5.5  12.0  10.5
G59A I60A 184   4   138   163   8.3   9.5   9.1
G59A I62A 132 313   199   166   7.5   9.4  10.6
G59A I63A 118 300   236   156  10.7   6.9   9.3
G59A I64A 113 296   310   157   6.0   2.8   8.9
G59A J59A 211  30   208   166   5.6   5.9  13.1
G59A J62A 152 332   233   166  14.6  14.6  16.2
G59A J63A 139 321   261   159   8.5   9.1   8.5
G59A JOSY  97 282   575    72   0.6   1.6   1.3
G59A K60A 192  11   280   166   5.8  11.0   7.3
G59A K62A 164 345   279   166  12.4  13.8  19.1
G59A L63A 160 341   379   166  13.8  18.4  18.3
G59A L65A 142 324   423   156   4.5   7.8   8.8
G59A LATQ   7 187   258   166  10.4   6.1  10.1
G59A LSQQ 328 145   528   166  11.6  14.7  14.6
G59A M66A 149 331   491   155   6.5  12.0  13.0
G59A MALY  81 268   772   162  10.5   0.3   7.4
G59A N62A 183   3   462   148   6.1  14.8  10.6
G59A NATG  50 237   969   165   2.2   6.2   6.5
G59A PLVO 271  88   307   164   7.4  10.4   8.5
G59A QM16  86 270   411   140   6.8  13.9  11.0
G59A QM38  31 213   339   166   4.9  11.0   7.6
G59A QM50  17 198   388    91   7.3   3.9   4.1
G59A QMM5  25 209   719   166   8.2  10.4  10.1
G59A SHEY  86 274   880   157   9.9  11.6  14.0
G59A VLDQ 316 133   492   166  15.4  11.6  14.2
G59A  WES 153 334   335   166  13.2  13.5  13.1
G59A WODY  87 273   670   156   2.1   3.5   3.7
G61A G62A  95 276    78   158   4.0   2.1   2.7
G61A G63A  96 278   151   158   6.9   7.3   7.3
G61A  GBN  85 273   784   158  10.0   6.7  10.6
G61A  GGN  91 274   369   158   1.0   6.6   4.7
G61A H61A 201  20    90   158   3.4  10.3   7.9
G61A H62A 159 340    84   158   8.2   9.1   9.2
G61A H63A 120 301   136   158   4.7  11.0   9.4
G61A H64A 111 292   195   158  13.3   8.1  11.3
G61A H65A 103 285   267   158   4.1  10.3  12.2
G61A  HAL  94 279   630   158   1.9   4.0   2.8
G61A HANN  78 262   377   158   6.1   8.2   7.0
G61A I57A 247  64   360   158   2.4   8.0   4.5
G61A I60A 222  41   213   158   9.1  12.3  10.7
G61A I62A 174 355   157   158   7.4  11.3  10.6
G61A I63A 151 332   156   156   4.1   9.2   6.9
G61A I64A 135 316   213   157   7.9  10.0  15.7
G61A J59A 231  49   312   158   3.9   9.3   7.0
G61A J62A 186   6   230   158  12.5   5.3   8.0
G61A J63A 171 351   225   151   8.8   8.4  10.0
G61A JOSY 103 286   451    67   1.3  10.3   8.8
G61A K60A 213  32   352   158   0.7   8.5  12.7
G61A K62A 191  11   296   158   3.9   2.1   3.1
G61A L63A 181   1   380   158  10.4  10.4  14.5
G61A L65A 161 342   380   156   7.3  15.3  12.3
G61A LATQ 338 157   253   158  10.3  11.7  12.4
G61A  LMN  81 265   528   158   3.9   7.0   8.6
G61A LSQQ 317 133   589   158  15.8   5.6  11.9
G61A M66A 165 346   461   155  12.1  11.6  12.2
G61A N62A 199  17   509   148  13.8   7.0  13.6
G61A NATG  46 233   857   157   5.0   2.2   7.5
G61A PLVO 268  84   437   156  12.2  12.8   4.8
G61A QM16  90 273   281   140   4.9   4.7   2.1
G61A QM38  11 191   271   158  10.4   7.8  11.2
G61A QM60 343 162   453    91   8.6   5.0   7.4
G61A QMM5  17 199   651   158   7.1  12.7  10.7
G61A SHEY  88 275   749   157   4.2   5.4   5.7
G61A VLDQ 306 122   575   158   8.1   9.2  13.8
G61A  WES 177 357   322   158   7.4   7.6  10.7
G62A G63A  99 279    73   161   7.0   5.7   6.4
G62A  GBN  85 271   707   225   4.7  16.0  12.6
G62A  GGN  91 274   290   181   4.1   2.5   3.8
G62A H61A 235  55   135   162   5.8   8.0  11.2
G62A H62A 215  34    87   225   7.4   5.6   6.4
G62A H63A 147 328    73   163   4.6   7.3   6.4
G62A H64A 121 302   122   168   8.3   9.1  10.8
G62A H65A 107 289   189   166   5.2   4.1   8.7
G62A  HAL  94 279   552   222   7.7   6.1  14.0
G62A HANN  75 257   303   225   8.2   3.6   8.1
G62A HOLY  64 247   348   159   7.5   2.6   7.5
G62A I57A 253  69   431   163   0.3   4.9   6.2
G62A I60A 236  54   267   190  10.4   7.7  10.4
G62A I62A 203  23   162   225  10.1   9.6  12.1
G62A I63A 182   2   130   218  12.0  10.8  11.9
G62A I64A 153 334   161   164   9.8   8.3   9.1
G62A  ICQ  26 208   538   225  11.1   1.7   8.3
G62A J59A 240  57   372   225   2.9  12.2   9.1
G62A J62A 205  24   244   179   9.7   7.5   9.5
G62A J63A 192  11   220   172  12.1  11.8  14.1
G62A JOSY 105 288   373    72  14.7  10.7  16.4
G62A K60A 224  42   395   163  12.4  13.4  13.3
G62A K62A 206  25   315   225   3.5  13.7  13.5
G62A L63A 194  13   383   180  11.6  15.3  16.1
G62A L65A 174 354   356   180  14.9  19.4  18.4
G62A LATQ 325 143   297   225  10.7  15.5  12.1
G62A  LMN  79 263   453   225   2.6  13.1  11.2
G62A LSQQ 313 129   649   225   8.6   7.3   9.8
G62A M66A 176 356   441   181  11.1  13.1  16.3
G62A MALY  81 266   564   162   8.4   4.1  12.9
G62A NATG  43 229   807   214   6.8  14.2  11.5
G62A PLVO 270  85   515   223  10.0   6.8  16.7
G62A QM16  89 271   203   140   9.3   6.2   7.4
G62A QM38 355 175   274   163  13.5  10.7  13.8
G62A QM50 347 166   365    91  12.1   8.8  18.3
G62A QM60 335 153   488    91   9.4  10.2  11.5
G62A QMM5  11 192   639   163  16.6  10.5  14.6
G62A SHEY  88 274   672   157   6.6   7.7   7.5
G62A SUSY  80 264   403   158   1.1   7.6   5.1
G62A VLDQ 303 118   643   163   7.0   5.4   9.4
G62A  WES 192  11   321   225  14.5   9.1  12.3
G63A  GBN  84 270   637   161   5.4   8.4   9.3
G63A  GGN  89 271   218   161   2.3   9.3   7.4
G63A H61A 251  69   194   161   4.5  12.4   8.6
G63A H62A 244  63   136   161   3.2   8.1   6.2
G63A H63A 213  33    60   161   9.2   7.2   8.4
G63A H64A 149 329    61   161   6.3   9.2   7.9
G63A H65A 113 294   118   161   6.3  10.7  13.1
G63A  HAL  94 278   479   161   4.1   7.2  14.1
G63A HANN  68 250   239   161   7.9   6.2   6.7
G63A HOLY  56 239   291   159  13.0   8.4  11.1
G63A I57A 257  73   498   161   6.6   5.1  10.8
G63A I60A 246  63   325   161   7.5  10.8  10.6
G63A I62A 225  44   194   161   5.2   7.9   6.9
G63A I63A 213  33   141   156   4.9  10.7   9.4
G63A I64A 181   1   133   157  10.8   8.4   9.8
G63A  ICQ  19 201   521   161   2.6  10.0   8.4
G63A J62A 221  39   274   161   8.7  10.9  10.1
G63A J63A 210  29   235   154   4.1  11.4  15.4
G63A JOSY 107 290   301    70   8.7  12.8  10.5
G63A K60A 233  50   441   161   4.4   4.9   6.2
G63A K62A 219  37   344   161   6.8  11.8   9.6
G63A L63A 205  23   395   161   0.8   9.6   3.8
G63A L65A 186   6   345   156   3.5  13.5   8.2
G63A LATQ 317 135   351   161  15.6  10.4  14.7
G63A LSQQ 311 125   710   161   9.7  11.4  17.2
G63A M66A 186   5   430   155   3.0   8.0  10.3
G63A N62A 215  33   561   148   1.1   1.6   2.5
G63A NATG  39 224   769   160  10.1   7.5  15.1
G63A PLVO 272  87   587   159   7.5   3.0   7.7
G63A QM16  85 266   132   140   8.4   1.1   4.2
G63A QM38 342 161   300   161  17.1  12.7  20.4
G63A QM50 338 156   398    91   3.5   8.2   9.3
G63A QMM5   5 186   640   161   7.8   3.3   9.9
G63A SHEY  87 273   600   157   9.1   1.8  10.4
G63A SUSY  77 260   334   158   2.4   1.5   0.1
G63A VLDQ 302 116   710   161   6.9  12.0  13.5
G63A  WES 205  24   333   161  12.6  12.2  13.7
G63A WODY  89 272   390   156   6.3  11.0   7.9
 GBN  GGN 267  84   419   200   8.1   3.2   6.4
 GBN H61A 267  80   827   162   9.9   0.7   8.1
 GBN H62A 266  80   766   226   6.9   9.5  14.1
 GBN H63A 266  80   676   163  11.2   1.6  14.8
 GBN H65A 264  79   536   170   8.1   4.5   4.4
 GBN  HAL 243  62   185   241   8.4   4.3   7.2
 GBN HOLY 290 106   403   159  10.0   3.7   8.2
 GBN I57A 267  77  1132   182   4.5   1.1   0.6
 GBN I60A 264  75   950   190  11.5   2.4   8.8
 GBN I62A 261  74   797   238  10.8   9.6  11.7
 GBN I63A 261  75   734   218   7.8  10.5  10.0
 GBN J63A 256  69   798   184  13.5   5.0  10.8
 GBN JOSY 252  69   378    72   1.9   3.8   5.7
 GBN K60A 257  68  1038   170   5.5   1.2   1.7
 GBN L63A 248  61   904   189   7.2   4.2   6.3
 GBN L65A 244  58   783   180  11.2   3.2   9.1
 GBN LATQ 288 100   893   244  13.4   5.7  13.0
 GBN  LMN 282 100   262   243   0.9   2.8   1.7
 GBN LSQQ 295 103  1237   244   9.2   7.6  10.9
 GBN M66A 240  54   837   181  10.6   5.0   7.6
 GBN MALY 287 106   150   162   9.9   4.7   6.9
 GBN N62A 247  59  1090   210   5.5   0.6   6.0
 GBN NATG 350 169   551   233  11.0  17.3  18.7
 GBN PLVO 274  83  1221   242  12.8   3.3   8.0
 GBN QM16 270  85   505   140   7.1   6.4  11.6
 GBN QM38 293 106   759   182   2.6   4.3   4.9
 GBN QMM5 321 135   811   182  16.4   2.3  11.3
 GBN SHEY 231  50    48   157   4.7   6.8   6.0
 GBN SUSY 278  95   308   158  11.5   8.2  12.5
 GBN VLDQ 290  98  1275   182   5.8   1.7   5.8
 GBN WODY 263  81   250   156   4.5   0.3   4.0
 GGN H61A 262  79   408   162   5.0   1.6   2.3
 GGN H63A 260  78   257   163  11.6   1.9   9.3
 GGN H64A 255  73   195   165   4.8   2.3   7.3
 GGN H65A 248  67   120   167   9.7  10.0  11.2
 GGN  HAL 101 283   262   197   6.6   7.5   7.4
 GGN HANN   4 184    85   200  10.2   3.8   6.7
 GGN HOLY  10 191   159   159  10.8  13.4  12.3
 GGN I57A 263  76   713   182  10.7   6.4  11.0
 GGN I60A 257  72   532   163   6.1   0.7   8.3
 GGN I62A 250  67   383   194  15.0   7.8  12.3
 GGN I63A 250  67   320   174   4.3   4.5   6.8
 GGN I64A 240  58   259   157  12.8   6.8  12.4
 GGN  ICQ 356 176   491   200   8.2  12.3  14.7
 GGN J59A 256  71   638   200  13.5   6.5   9.5
 GGN J62A 244  60   450   176   6.1   7.5   7.1
 GGN J63A 240  57   395   168   0.1  10.2   7.5
 GGN JOSY 145 326   116    72   9.8   8.8  14.2
 GGN K62A 240  56   512   192  14.7   6.2   7.6
 GGN L63A 228  45   529   172   2.5  11.1  10.2
 GGN L65A 218  36   430   156   7.3  15.0  12.9
 GGN LATQ 301 117   522   200  11.0  10.0  13.4
 GGN  LMN  62 244   179   199   3.7   1.5   7.5
 GGN LSQQ 303 116   885   200  12.8  13.3  13.9
 GGN M66A 213  31   505   155   3.4   6.6   9.0
 GGN N62A 232  47   712   166   1.9  10.3   5.6
 GGN NATG  26 209   649   199   8.5   1.6   7.2
 GGN QM16 277  96    88   140   4.9  10.3   6.7
 GGN QM38 314 131   419   182  13.6   7.8  11.4
 GGN QM50 317 133   519    91   5.0   2.9   7.1
 GGN QM60 315 130   667    91   8.9   0.2   0.9
 GGN QMM5 348 166   653   182  13.2   9.1  12.2
 GGN SHEY  88 271   382   157   2.2   9.5   3.9
 GGN SUSY  58 239   129   158  11.2   4.3   6.9
 GGN VLDQ 296 108   902   182  10.8   7.5   7.0
 GGN  WES 231  48   471   200   9.3  13.3  12.8
 GGN WODY  90 272   172   156  10.3   2.2   6.9
H61A H62A  85 265    62   162   5.7   4.6   7.2
H61A H63A  84 265   151   162  10.1   4.3   8.9
H61A H64A  86 267   215   162   6.4   4.7   4.0
H61A H65A  85 268   293   162   7.8  13.6  11.3
H61A  HAL  86 272   662   162   9.2  10.4  12.8
H61A HOLY  61 244   481   159  11.1   1.4   2.1
H61A I57A 259  76   305   162   6.2   6.0  12.0
H61A I60A 236  55   133   162   5.9   7.8   6.5
H61A I62A 147 327    86   162   7.5   8.7  10.5
H61A I63A 116 297   120   156   7.7   5.0   7.9
H61A I64A 109 291   195   157  10.5   7.3  10.1
H61A  ICQ  31 214   659   162   9.4   7.5   9.6
H61A J59A 241  59   238   162   9.4   5.3   8.9
H61A J62A 176 356   144   162  12.7   7.9  11.2
H61A J63A 153 334   154   155   9.1  12.2  19.7
H61A JOSY  91 276   472    71   5.6   7.3   6.5
H61A K60A 217  36   265   162   8.2   9.9  11.8
H61A K62A 187   7   208   162   8.0   7.6  12.0
H61A L63A 175 355   297   162  11.6  13.0  13.7
H61A L65A 151 332   316   156   9.0  18.7  17.9
H61A LATQ 349 168   325   162  12.2   7.5  16.0
H61A  LMN  73 258   579   162   7.9   2.9   7.3
H61A LSQQ 324 141   634   162  16.6   8.4  19.9
H61A M66A 157 339   391   155  12.1   9.2  18.7
H61A MALY  75 261   688   162   5.9  12.8  10.8
H61A N62A 198  17   419   148   3.9   2.9   4.9
H61A NATG  44 230   939   161   1.2  11.3   6.1
H61A PLVO 280  96   411   160   1.1   9.8  11.1
H61A QM38  13 194   360   162  10.7   8.7  11.4
H61A QM50   3 183   432    91   6.7   6.3  10.1
H61A QM60 349 168   527    91   7.7   5.0   4.7
H61A QMM5  17 200   741   162  15.2   9.7  15.7
H61A SHEY  82 269   789   157   7.8   0.8   9.5
H61A VLDQ 314 130   606   162  13.2   6.6   8.8
H61A  WES 168 349   243   162  11.7  13.7  17.0
H61A WODY  81 266   578   156   6.2   3.4  11.0
H62A H63A  83 264    89   163   8.1   5.1   6.5
H62A H64A  87 268   154   169   9.8   2.8   8.0
H62A H65A  86 268   231   167   2.7   8.4   4.9
H62A  HAL  87 272   600   223   2.3  15.8   9.7
H62A HANN  66 249   374   226   5.3  16.9  15.1
H62A HOLY  58 241   426   159   8.0   0.2   7.2
H62A I57A 260  77   367   164   8.1   3.7   6.6
H62A I60A 245  64   189   190   7.9   4.7   7.7
H62A I62A 191  10    79   226   6.0  10.3   9.9
H62A I63A 142 322    74   218   5.1   6.7   5.8
H62A I64A 120 301   142   164  10.9  10.3  11.7
H62A  ICQ  27 210   624   226   6.7   1.4   6.7
H62A J59A 246  64   295   226   4.7   8.4   9.0
H62A J62A 200  19   159   180   8.5  11.5  11.1
H62A J63A 177 358   144   173   8.1   9.0   8.8
H62A JOSY  93 277   411    72   9.5   2.4   5.0
H62A K60A 226  44   310   164   8.7  16.8  17.4
H62A K62A 203  22   229   226  13.7   8.2  12.1
H62A L63A 187   7   303   181  13.2   8.8  11.5
H62A L65A 162 343   297   180  16.0  18.4  25.8
H62A LATQ 339 157   337   226  10.2  14.8  12.4
H62A  LMN  72 256   519   226   0.3   7.4   5.3
H62A LSQQ 320 136   667   226  14.8   7.5  11.6
H62A M66A 167 348   378   181  17.9   6.8  13.5
H62A MALY  75 260   628   162   1.7   2.8   0.8
H62A N62A 206  24   447   210   1.0   2.1   8.9
H62A NATG  42 228   893   215   6.8   8.0  11.1
H62A PLVO 278  94   471   224   8.3   4.9   7.5
H62A QM16  73 256   263   140   6.8  10.1   9.1
H62A QM38   4 184   345   164  13.5  13.3  14.8
H62A QM50 355 175   428    91  10.4  10.3  12.8
H62A QM60 343 161   537    91   8.7   4.5   7.1
H62A QMM5  13 195   719   164   7.4   7.6  10.5
H62A SUSY  72 256   468   158   3.8   4.0   3.9
H62A VLDQ 311 126   647   164  10.8   5.6  15.8
H62A  WES 183   3   244   226  15.7  10.6  15.8
H62A WODY  81 266   517   156   5.4   7.4   7.4
H63A H64A  92 272    65   163   4.3   4.3   5.0
H63A H65A  88 269   142   163   4.9   6.7   8.1
H63A HANN  61 243   290   163  11.1   3.1   7.0
H63A I57A 262  78   456   163   8.6   4.0  10.9
H63A I60A 252  70   275   163   5.5   5.1   9.5
H63A I62A 230  49   136   163   6.7   6.8   6.2
H63A I63A 213  32    81   156   7.3   9.6   9.6
H63A I64A 159 339    88   157   6.1   9.8   7.8
H63A  ICQ  20 202   580   163   5.3   9.0  11.0
H63A J59A 251  68   382   163   5.8   2.1   9.3
H63A J62A 222  41   214   163   6.4   7.4   6.4
H63A J63A 209  28   175   156   6.2   5.1   8.6
H63A JOSY  96 279   323    72   4.4   2.2   3.2
H63A K62A 219  38   284   163  10.7  13.9  17.2
H63A L63A 203  22   336   163  11.4  12.5  14.6
H63A L65A 180   0   292   156  10.2  13.6  13.6
H63A LATQ 326 144   370   163  11.3   7.4  15.3
H63A LSQQ 315 130   720   163  14.6  13.4  21.1
H63A M66A 181   1   378   155   5.3   9.9  13.5
H63A MALY  74 259   539   162   1.6  10.0   9.1
H63A NATG  38 224   829   162   8.9   3.7   6.7
H63A PLVO 277  92   558   161   5.5  10.8  11.8
H63A QM16  69 250   175   140   5.1   6.9   8.5
H63A QM38 350 169   341   163  17.3  23.3  19.7
H63A QM50 344 163   435    91  11.7   4.4  16.4
H63A QM60 335 152   560    91  10.7   2.1   2.3
H63A VLDQ 306 121   711   163   6.2   3.4   6.1
H63A  WES 203  22   273   163   8.4  10.3  13.4
H63A WODY  82 265   427   156   6.5   6.5   6.1
H64A H65A  85 266    77   168   5.2   8.3   9.0
H64A  HAL  88 272   447   170   4.6   5.9   5.0
H64A HANN  54 235   237   170  11.4   0.6   5.3
H64A HOLY  45 227   300   159  11.7   8.5   8.6
H64A I57A 264  79   520   165  12.4   5.4  10.7
H64A I60A 256  73   337   168   5.3   8.8  10.2
H64A I62A 244  63   189   170  11.8   8.9  11.7
H64A I63A 239  58   127   161   6.5  14.0   8.7
H64A I64A 203  22    87   162   5.3   8.7   7.5
H64A  ICQ  15 196   562   170   8.6   8.0  12.8
H64A J59A 255  71   443   170   2.4   6.8   4.7
H64A J62A 234  52   261   170   8.8  11.4  12.6
H64A J63A 225  44   212   163   5.1   7.6  12.9
H64A JOSY  98 280   259    72   7.5  10.8  12.6
H64A K60A 241  58   439   165   5.4   5.6   5.3
H64A K62A 229  47   328   170   8.4   8.6  11.5
H64A L63A 213  31   365   170   5.4  12.2  13.1
H64A L65A 193  13   298   161   6.1  10.7  12.7
H64A LATQ 319 137   411   170  15.4   6.9  13.5
H64A  LMN  67 250   372   170   0.7   5.3   4.9
H64A LSQQ 312 127   768   170  11.8   6.2  10.7
H64A M66A 192  11   383   160  10.2  10.6  11.5
H64A MALY  72 257   478   162   3.2  12.0  11.8
H64A N62A 222  39   539   153   4.3   8.5  11.5
H64A NATG  35 220   792   164  12.2   3.1   7.9
H64A PLVO 277  91   622   168   7.6   7.4   8.1
H64A QM16  57 238   118   140   6.3   9.0   9.3
H64A QM38 340 159   360   165  11.6  11.1  15.1
H64A QM50 337 155   459    91  11.9  10.3  14.4
H64A QM60 330 147   593    91   2.4   1.4   6.3
H64A QMM5   2 183   690   165   8.1   7.4  10.7
H64A SHEY  82 267   574   157   3.4   1.7  11.2
H64A SUSY  67 249   321   158   5.7   3.0   5.3
H64A VLDQ 304 118   765   165   9.6   7.0  13.5
H64A  WES 215  33   303   170   3.7   8.6   7.5
H64A WODY  80 264   364   156   7.7   5.3   8.9
H65A  HAL  89 273   369   170   5.5   8.5   6.5
H65A HANN  41 222   176   170   8.4   4.9   9.4
H65A HOLY  34 215   246   159  14.1  10.2  11.8
H65A I57A 264  79   597   167   9.6   2.8   7.9
H65A I60A 259  75   414   166   4.0   2.6   4.5
H65A I62A 251  69   263   170   5.8  10.8  15.3
H65A I63A 250  68   199   159   5.9   8.6   7.2
H65A I64A 233  52   140   160  10.4   8.2  10.5
H65A  ICQ   8 188   542   170  12.3   4.3   9.4
H65A J59A 257  73   519   170   5.3   0.2   2.0
H65A J62A 242  59   329   170   6.4  11.0  15.0
H65A J63A 236  54   276   163   5.6   8.5   6.9
H65A JOSY 104 286   184    72  11.8   6.9   9.2
H65A K60A 245  61   510   167   3.9   5.5   8.8
H65A K62A 236  54   393   170   4.2  13.1   8.4
H65A L63A 222  40   417   170   4.2   9.4  12.0
H65A L65A 207  26   330   159  11.4   5.7   9.1
H65A LATQ 312 129   461   170   5.0  10.7  13.5
H65A M66A 203  21   412   158   6.5   8.1   7.0
H65A MALY  71 254   403   162   5.4  10.0  12.4
H65A N62A 227  44   597   151   0.9   6.3   6.3
H65A NATG  31 215   744   166   8.7   9.0  11.2
H65A PLVO 276  90   698   168   4.9   9.3   6.7
H65A QM16  22 202    62   140  10.8   6.3   9.6
H65A QM38 330 148   387   167  10.2  13.1  13.1
H65A QM50 329 146   489    91  11.7   6.9  10.8
H65A QM60 324 140   630    91  12.7   0.0  10.4
H65A QMM5 357 176   685   167  12.0   8.9  15.4
H65A SHEY  82 267   497   157   3.8   2.6   5.5
H65A SUSY  62 244   249   158   4.6   6.3   6.9
H65A VLDQ 301 114   827   167   5.6   4.0   8.2
H65A  WES 225  43   357   170   5.0   7.5   7.5
 HAL HANN 300 118   285   241  13.5   4.6  11.0
 HAL HOLY 314 132   307   159  13.9  11.8  14.6
 HAL I60A 267  80   779   190   9.9   3.7   9.6
 HAL I62A 265  80   624   235   4.1   8.7  11.4
 HAL I64A 263  79   489   164   4.4   7.5   8.1
 HAL  ICQ 334 151   611   241  11.9  13.3  15.7
 HAL J63A 259  73   619   184  12.5   3.4  11.0
 HAL JOSY 259  77   197    72   2.3   2.3   1.9
 HAL K60A 258  71   860   170   5.2   5.6   3.9
 HAL K62A 256  70   731   233  16.3   3.0   9.9
 HAL L65A 243  59   599   180  12.4   3.4  16.9
 HAL LATQ 296 110   774   241   0.7   8.6   8.8
 HAL  LMN 325 144   165   240  11.4   9.6  10.8
 HAL LSQQ 300 111  1131   241  10.1   4.3   8.0
 HAL M66A 237  53   652   181  10.1   6.1   6.3
 HAL MALY   8 188   130   162   8.5  13.7  10.7
 HAL N62A 246  60   906   207   7.8   3.0   9.6
 HAL NATG   5 186   631   230   7.3  20.3  14.9
 HAL QM38 304 118   654   182   5.4   5.0  13.8
 HAL QM50 307 121   747    91  11.1   1.4  10.3
 HAL QM60 308 121   896    91   3.0   1.3   3.0
 HAL QMM5 332 149   792   182   7.1   4.0   5.9
 HAL SHEY  66 247   138   157   4.4   8.3   6.8
 HAL SUSY 310 129   188   158  11.4   6.2  12.4
 HAL  WES 251  66   673   241  13.1   3.6  10.0
 HAL WODY 302 121    99   156  11.0   6.8  10.7
HANN HOLY  18 198    75   159   8.2   7.1   9.5
HANN I57A 256  70   734   182  14.2   7.0  10.0
HANN I60A 249  64   563   190  12.2   5.5   9.4
HANN I62A 240  57   424   238   6.3  13.9  15.6
HANN I63A 237  55   363   218   3.5  10.0  12.2
HANN  ICQ 355 174   407   244  13.9  14.9  16.8
HANN J59A 249  64   669   244  12.0   4.1   7.7
HANN J62A 235  52   498   192   1.9   8.9   5.8
HANN J63A 231  48   448   184   8.6   8.2  15.4
HANN JOSY 161 342   189    72   6.7  17.7  10.8
HANN K60A 240  55   674   170  12.3   5.8   3.0
HANN K62A 233  49   564   236   7.5   9.2  10.5
HANN L63A 223  39   592   189  14.4   8.0  10.1
HANN L65A 213  31   503   180  10.1  13.4  12.1
HANN LATQ 292 108   490   244   7.4   6.2  10.4
HANN  LMN  90 272   152   243   4.4   4.7   6.9
HANN LSQQ 298 111   846   244   7.6   1.7   3.9
HANN M66A 209  27   581   181   9.3   7.1  11.4
HANN MALY  91 273   265   162   8.4   0.5   7.5
HANN N62A 227  42   772   210   3.4  10.2   9.5
HANN NATG  30 213   572   233   4.0   6.7   9.5
HANN PLVO 267  80   811   242   9.0   5.3  10.7
HANN QM16 231  51   119   140   7.6   8.7   8.2
HANN QM38 304 121   370   182   8.8   2.7   5.6
HANN QM50 309 125   465    91   1.9   9.8   7.5
HANN QM60 309 124   615    91   7.8   4.3   3.9
HANN QMM5 345 164   572   182  14.3  12.2  18.5
HANN SUSY 100 280   105   158   3.6   4.5   4.6
HANN VLDQ 291 103   873   182  10.2   7.1  12.3
HANN  WES 225  42   533   244   5.8   9.3   7.8
HANN WODY 117 299   186   156   5.5   7.6   9.2
HOLY I57A 252  65   777   159   9.8   4.1   9.3
HOLY I60A 243  59   614   159   5.6   7.8   5.2
HOLY I62A 234  51   483   159   2.1  11.0  10.9
HOLY I63A 231  48   424   156   8.7  12.7  13.4
HOLY I64A 222  40   382   157   2.3  12.4  14.5
HOLY  ICQ 350 169   339   159  11.0  11.9  14.2
HOLY J62A 231  47   559   159   8.4   6.5  10.5
HOLY J63A 227  44   513   152   7.4   9.0   9.8
HOLY JOSY 172 352   254    68  11.0   8.0  11.0
HOLY K60A 236  51   732   159   2.5   8.8   6.5
HOLY K62A 229  45   627   159   5.0   7.4  10.9
HOLY L63A 220  37   661   159   0.4   5.5   5.8
HOLY L65A 211  29   576   156   2.9  15.5  10.4
HOLY LATQ 284  99   490   159   6.1   7.9   9.5
HOLY  LMN 120 301   148   159   5.6   5.8   6.0
HOLY LSQQ 293 106   836   159   2.9  11.7   8.4
HOLY M66A 208  25   655   155   6.8   7.5  10.4
HOLY MALY 108 290   254   159   8.0   6.2   5.2
HOLY N62A 225  40   839   148   7.3   8.2   8.3
HOLY NATG  32 214   498   158   9.4   6.1   7.6
HOLY PLVO 263  75   841   157   5.8   5.5   3.3
HOLY QM16 219  38   186   140   5.0   7.2  12.0
HOLY QM38 293 109   357   159  10.3   9.0  11.1
HOLY QM50 300 116   444    91   5.9  11.4   9.1
HOLY QMM5 341 159   510   159  16.1  16.6  16.6
HOLY SHEY 112 296   381   157   9.6   6.2   9.5
HOLY SUSY 138 319   120   158   6.1   7.5   7.1
HOLY VLDQ 286  98   872   159   1.8   4.9   3.7
HOLY  WES 222  38   601   159  10.1   8.5  10.2
HOLY WODY 138 319   212   156   6.0  11.2   8.7
I57A I60A  92 274   191   163   4.1   6.4   7.7
I57A I62A  90 273   347   176   1.8   1.7   1.2
I57A I64A  88 272   484   157   6.3   4.2  10.5
I57A  ICQ  43 229   891   182   2.0   6.0   3.4
I57A J59A 119 300   107   182  12.6  12.5  16.8
I57A J62A 103 286   321   176   5.5   5.1   5.7
I57A J63A 100 283   377   168   6.3   2.4   5.5
I57A JOSY  84 271   773    72   3.2   1.7   2.3
I57A K60A 135 316   205   170   9.2   9.8  16.4
I57A K62A 116 298   312   174  11.4  12.4  12.8
I57A L63A 123 306   403   172   7.8  12.9  12.8
I57A L65A 113 297   504   156   8.4   0.3   6.4
I57A LATQ  29 211   444   182  15.6   9.0  16.2
I57A  LMN  72 260   883   181   7.2  12.6  17.2
I57A LSQQ 350 169   578   182  10.4   8.7  11.6
I57A MALY  74 262   993   162   9.0   5.4   9.2
I57A N62A 151 332   380   148   9.9   7.6  15.0
I57A NATG  50 239  1201   181   6.8   0.3   8.1
I57A PLVO 318 137   166   180  13.9   9.7  12.5
I57A QM16  74 260   628   140   3.7   2.0   3.1
I57A QM38  40 224   559   182   6.4   9.9  11.6
I57A QM50  30 213   585    91   6.5   6.2  11.1
I57A QM60  16 198   608    91   9.4   6.6   9.7
I57A QMM5  32 217   925   182   7.5   7.4  10.5
I57A SHEY  78 268  1094   157   7.6   3.6   5.8
I57A SUSY  73 260   832   158   2.2   3.7   1.9
I57A VLDQ 342 160   500   182  16.1   7.2  14.2
I57A  WES 115 298   393   182   5.3   5.5  10.1
I60A I62A  88 269   157   190   9.1   2.6   5.6
I60A I63A  83 265   219   183   5.9   5.5   7.3
I60A I64A  87 270   294   164  12.7   4.1   5.1
I60A  ICQ  34 218   781   190  16.4   0.7  10.4
I60A J59A 247  66   107   190   7.6   8.2   9.0
I60A J62A 119 300   138   179   6.4   5.5   6.2
I60A J63A 109 290   190   172   4.9  10.7   9.0
I60A K60A 200  19   145   163   5.9   9.4   8.2
I60A K62A 146 327   157   190  13.8  12.0  13.8
I60A L63A 147 329   259   180  10.0  11.4  17.9
I60A L65A 126 308   332   180  10.1  14.9  12.2
I60A LATQ   6 186   395   190   6.7   8.5  14.9
I60A  LMN  69 255   707   190   5.6   7.6  10.7
I60A LSQQ 335 153   645   190  11.5  17.3  15.4
I60A M66A 137 319   387   181   8.2   8.3  11.5
I60A MALY  71 258   815   162   4.0   6.0   4.1
I60A N62A 183   3   324   175  11.9  10.6  13.0
I60A NATG  44 232  1069   179  10.6   6.6   7.5
I60A PLVO 295 112   329   188   6.1   4.0   8.5
I60A QM16  68 252   451   140   1.5   3.8   1.3
I60A QM38  23 205   466   163  10.1  11.8  16.1
I60A QM50  13 195   523    91   2.1   6.3   1.6
I60A QMM5  22 205   849   163  16.3  11.1  15.4
I60A SHEY  77 265   910   157   7.9   4.6   5.9
I60A SUSY  69 254   656   158   6.2   7.7  11.0
I60A VLDQ 326 143   594   163  10.8  11.3  13.3
I60A  WES 135 316   228   190   7.4   7.5   9.4
I60A WODY  76 262   700   156   4.9  10.6   8.6
I62A I63A  72 252    64   218   5.5   4.1   2.5
I62A I64A  87 268   137   164   6.2   5.6   6.5
I62A  ICQ  25 208   700   238  10.1   6.7  12.9
I62A J59A 261  79   260   238  10.7   8.8  11.2
I62A J62A 208  28    82   192   4.1   4.4  12.2
I62A J63A 162 343    69   184   9.3  10.2  10.9
I62A JOSY  82 266   429    72   3.9   6.7   4.6
I62A K60A 237  55   250   170   5.9  14.3  12.9
I62A K62A 209  28   153   236   5.9   8.3  11.6
I62A L63A 186   6   225   189   7.8  11.0  12.5
I62A L65A 152 333   230   180   8.8  11.1  11.7
I62A LATQ 344 163   406   238   7.1  10.3  10.7
I62A  LMN  65 249   561   237   3.8   6.1   4.2
I62A LSQQ 325 141   721   238  15.6   6.7  12.4
I62A M66A 161 342   307   181  14.8  10.2  15.2
I62A MALY  69 254   666   162   5.4  16.3  10.0
I62A N62A 209  28   371   210  12.5   7.4  13.0
I62A NATG  39 225   962   227   6.2   8.7  12.3
I62A PLVO 288 104   475   236   5.9  10.7  18.3
I62A QM16  60 242   307   140  10.6   3.2   8.4
I62A QM38   5 185   424   176   4.3   9.4   9.9
I62A QM50 357 177   505    91   8.6   8.0   8.2
I62A QMM5  13 195   798   176   9.2   0.1   5.1
I62A SHEY  76 263   756   157   1.0  10.4   6.3
I62A SUSY  64 248   510   158   2.4   5.3   7.4
I62A VLDQ 316 132   690   176   8.9   7.1   9.8
I62A  WES 180 360   165   238  12.6  10.9  16.1
I62A WODY  73 258   548   156   6.3  10.2   9.7
I63A I64A 101 281    77   163   3.9   5.9   5.4
I63A  ICQ  21 204   659   218   8.3   7.0   8.7
I63A J59A 260  77   323   218   1.8   8.1   9.6
I63A J62A 228  47   135   172   3.6   9.9   7.0
I63A J63A 205  25    95   165   6.9   8.0  11.5
I63A K60A 240  58   312   156   4.5  10.7  13.4
I63A L63A 199  19   257   173  13.6   8.5  11.9
I63A L65A 169 349   229   180  11.1  11.4  12.2
I63A LATQ 336 154   408   218  18.4  11.4  15.4
I63A  LMN  64 248   498   218   6.6   8.3  11.1
I63A LSQQ 321 136   742   218  10.1   9.2  11.8
I63A M66A 173 353   312   181   8.3   9.3  13.4
I63A MALY  69 254   602   156  10.4  12.4  17.3
I63A N62A 215  33   420   210   2.9   6.9   6.7
I63A NATG  38 223   909   207   6.0  14.1   9.6
I63A PLVO 284 100   528   216   6.8   5.8  10.6
I63A QM16  57 239   245   140   7.8   5.5   7.8
I63A QM38 357 177   403   156   9.9  12.9  13.9
I63A QMM5   9 191   767   156   4.4   2.5  13.5
I63A SUSY  64 247   447   156   3.5   8.8   7.7
I63A VLDQ 312 127   720   156  12.4  13.3  16.0
I63A  WES 198  18   195   218  13.3  15.4  15.5
I63A WODY  74 258   484   156   5.9  13.2  12.2
I64A J62A 247  66   192   164   7.7   7.9   8.5
I64A J63A 239  58   137   157   7.8  10.4   9.6
I64A K60A 249  66   374   157  13.2  13.3  16.0
I64A K62A 237  56   253   164   1.3   8.6  11.7
I64A L63A 216  35   280   164   9.7   9.7  14.4
I64A L65A 189   9   213   163   8.4  17.0  14.4
I64A LATQ 329 146   456   164  13.7   4.9  15.0
I64A LSQQ 318 133   802   164   6.1   3.9  10.3
I64A M66A 188   8   298   162  14.8   8.9  11.9
I64A N62A 225  42   458   155   3.4  10.2  12.2
I64A NATG  34 219   876   156   3.2   1.4   4.7
I64A QM16  42 224   196   140   5.5   7.4   6.7
I64A QM38 348 167   428   157  17.3  11.5  17.9
I64A QMM5   4 185   772   157  13.1   8.9  16.8
I64A SHEY  75 260   623   157   8.1   6.3   6.8
I64A SUSY  58 240   388   157   5.9  10.6   9.0
I64A VLDQ 310 124   787   157  11.2   1.6   4.6
I64A  WES 219  38   219   164   4.9   7.1   6.4
 ICQ J59A 222  37   872   244  11.4   7.9  13.4
 ICQ J62A 208  25   782   192  10.0   0.9   6.1
 ICQ J63A 204  22   753   184   5.0   6.9   7.2
 ICQ JOSY 170 351   592    72  15.3  13.0  17.0
 ICQ K60A 216  31   922   170   6.5  13.8  15.2
 ICQ K62A 209  25   853   236   8.4   3.9   7.5
 ICQ L65A 196  14   860   180   5.9   6.4  11.9
 ICQ LATQ 242  58   472   244   4.1  11.6   7.1
 ICQ  LMN 155 336   448   243  13.5  12.9  21.0
 ICQ LSQQ 270  82   708   244   8.3   4.3   8.5
 ICQ M66A 195  13   945   181   3.4   3.1   5.1
 ICQ MALY 143 326   508   162   2.9   6.5   4.9
 ICQ N62A 209  25  1071   210   8.7   8.6  11.7
 ICQ NATG  73 257   332   233   7.8   5.8   8.3
 ICQ PLVO 240  53   892   242   9.3   6.4   8.8
 ICQ QM38 233  51   335   182   6.0  11.6   8.6
 ICQ QM50 251  67   344    91   3.9   0.9   1.2
 ICQ QM60 267  83   442    91   7.0   0.5   7.0
 ICQ QMM5 324 143   183   182  16.4  10.8  14.7
 ICQ SHEY 139 323   630   157   0.4   7.9   4.3
 ICQ SUSY 161 343   445   158  16.5   8.0  11.0
 ICQ VLDQ 263  75   783   182   8.1   7.3   9.6
 ICQ  WES 203  20   853   244   7.7  12.5  15.6
 ICQ WODY 157 339   530   156  12.5  18.5  18.0
J59A J62A  96 278   220   192   9.7   9.2  12.7
J59A J63A  93 275   278   184  11.1   6.8  10.3
J59A K60A 152 332   107   170   7.1  10.1  10.2
J59A K62A 115 296   205   236   3.2  11.3  11.3
J59A L63A 126 308   297   189   9.4  14.1  13.6
J59A L65A 112 295   398   180   6.2   4.9   5.0
J59A LATQ  17 198   456   244  12.6  11.6  12.2
J59A LSQQ 344 162   650   244   9.4  20.9  16.9
J59A M66A 123 306   435   181   4.6  13.0  10.9
J59A MALY  70 258   921   162   2.3  13.2   7.7
J59A N62A 163 343   294   210  13.2  12.1  15.1
J59A NATG  45 234  1168   233  12.2  10.8  11.7
J59A PLVO 311 130   270   242  12.1  11.6  13.2
J59A QM16  67 252   557   140   2.0   1.5   5.6
J59A QM38  30 213   548   182  11.6   5.6   9.7
J59A QM50  21 203   592    91  15.1   3.1   8.5
J59A QMM5  26 210   927   182   6.2  10.0   9.2
J59A SUSY  68 254   762   158   2.4   6.2   2.2
J59A VLDQ 335 153   583   182  16.0  16.2  18.9
J59A  WES 114 296   286   244   9.0   8.6   9.0
J59A WODY  74 260   806   156   3.9   6.0   6.4
J62A J63A  84 265    60   184   5.1   7.2   6.6
J62A JOSY  74 258   481    72   1.9   6.9   4.4
J62A K60A 249  68   183   170   9.9   6.8  10.1
J62A K62A 209  29    71   190   7.2   8.2   9.9
J62A L63A 174 354   152   188  11.2   8.4  11.8
J62A L65A 132 313   196   172  10.2   8.4  11.0
J62A LATQ 351 170   468   192  15.7  10.5  15.3
J62A  LMN  60 245   628   191   6.7   4.2   1.6
J62A LSQQ 330 146   761   192  15.0   6.3  17.4
J62A M66A 147 328   259   171  10.0  10.1  14.0
J62A MALY  64 250   730   162   4.3   7.7   9.3
J62A PLVO 297 114   467   190   7.5  10.0  13.3
J62A QM16  53 236   379   140   6.8   2.3   3.1
J62A QM38   8 189   500   176   8.9  14.3  11.6
J62A QM50   1 181   576    91   1.3   8.4  11.6
J62A QMM5  14 196   877   176  10.0   7.3  11.9
J62A SUSY  59 244   578   158   4.8   3.9   3.0
J62A VLDQ 322 138   720   176  15.5   8.1  14.6
J62A  WES 157 337   102   192   9.5  11.6  11.2
J62A WODY  68 253   608   156   2.0   8.1   6.6
J63A JOSY  73 257   422    65   2.5  13.4  14.3
J63A K60A 253  71   241   163   8.2   9.3  11.7
J63A K62A 235  54   116   183   9.7   1.1   4.9
J63A L63A 196  15   163   181   3.2  10.1   6.9
J63A L65A 148 329   162   165   7.3  13.5  13.7
J63A LATQ 344 163   475   184   5.8   4.6   5.1
J63A LSQQ 327 142   787   184  12.3   7.1  14.7
J63A M66A 161 341   237   164   2.9   7.6   9.4
J63A MALY  63 248   674   155   2.1   2.7   3.0
J63A N62A 218  36   327   157   6.3   7.2   6.1
J63A NATG  36 222  1001   173  11.6   5.0   7.6
J63A PLVO 294 110   518   182   7.9   3.0   6.6
J63A QM38   2 182   489   168  17.0   8.1  16.1
J63A QM50 356 175   572    91  11.1  12.2  13.1
J63A QM60 346 164   677    91  12.0   0.4   4.5
J63A QMM5  11 192   859   168   8.1  12.6  12.2
J63A SUSY  57 241   524   151   9.2   3.4   8.7
J63A VLDQ 319 134   753   168   7.3   4.2   9.3
J63A  WES 191  11   101   184  11.2   9.7  11.6
JOSY K60A 257  71   663    72   6.1   5.9   9.7
JOSY K62A 253  68   534    72   6.7   2.2   7.6
JOSY L63A 242  58   528    72   5.7   3.5   6.5
JOSY L65A 234  52   412    65   5.4   6.0   4.0
JOSY LATQ 306 121   630    72   6.7  13.7  12.0
JOSY  LMN  28 209   201    72   6.8   6.4   9.4
JOSY M66A 227  44   475    64   1.5   7.4   2.9
JOSY MALY  50 232   270    71  15.4   0.6   9.6
JOSY NATG  19 201   712    72  10.6   6.7   6.5
JOSY PLVO 279  92   881    72   7.6   2.7   7.9
JOSY QM38 317 134   533    72   7.3   7.3   7.9
JOSY QMM5 345 163   761    72   3.4  10.5   9.2
JOSY SUSY  16 196   168    67   5.7   7.4   6.7
JOSY VLDQ 300 111  1004    72  11.3   6.5   3.9
JOSY  WES 246  62   478    72   4.7   9.4   7.8
K60A K62A  87 268   136   170   9.1   4.7   9.0
K60A L63A 113 295   206   170   3.1  10.4  11.7
K60A L65A 100 283   323   156  11.3   8.0  11.5
K60A LATQ   9 190   537   170   3.6   7.4   5.4
K60A  LMN  61 247   809   170   2.0   9.6   6.7
K60A LSQQ 343 160   755   170  12.9  12.2  19.1
K60A M66A 115 297   346   155   8.3   5.1   8.3
K60A MALY  64 251   912   162   2.0   7.5   6.8
K60A N62A 169 350   190   148   5.9  17.6  11.7
K60A NATG  41 229  1202   169   1.0   2.0   4.0
K60A PLVO 317 135   372   168  18.6   6.9  13.5
K60A QM38  22 204   611   170  19.5   5.0  16.8
K60A QM50  14 196   667    91  10.8   9.1  10.5
K60A QM60   3 184   729    91   4.5   1.7   5.4
K60A QMM5  21 205   993   170   6.6   4.7   9.9
K60A SHEY  70 258   996   157   9.2   8.3   9.3
K60A SUSY  60 246   759   158   8.3   7.5  10.0
K60A VLDQ 335 153   689   170  12.7  14.7  18.5
K60A  WES  96 278   213   170   9.9   6.8   8.4
K60A WODY  66 253   791   156   0.9  11.0   3.8
K62A L63A 150 330   103   189   6.5  12.3  10.2
K62A L65A 111 292   193   180   6.2  15.2  10.5
K62A LATQ 355 175   526   236   4.6  10.8   8.9
K62A  LMN  57 242   691   235   5.9   4.0   5.1
K62A LSQQ 334 151   800   236  15.4  18.1  23.1
K62A M66A 131 313   234   181  13.1  11.5  14.6
K62A N62A 208  28   218   210   4.6   6.0   6.0
K62A NATG  37 224  1113   225   5.4   8.8  12.9
K62A PLVO 306 122   470   234   6.4   3.5   9.0
K62A QM16  49 232   445   140  15.3   2.2  11.0
K62A QM38  11 192   567   174   7.0   4.7   4.8
K62A QM50   4 184   640    91   1.0   1.1   1.4
K62A QM60 354 173   728    91   5.3   4.1   8.9
K62A QMM5  15 197   946   174  17.6   6.9  10.0
K62A SHEY  68 255   867   157   4.4   8.7  11.9
K62A SUSY  56 240   641   158   5.3   1.1   3.1
K62A VLDQ 327 143   750   174  11.1   2.1  10.1
K62A  WES 112 293    81   236   6.9   5.9   7.5
K62A WODY  63 249   665   156   7.8   8.4   9.5
L63A L65A  81 262   130   173   7.1  10.0   9.6
L63A LATQ 352 171   620   189  15.2   1.3  11.6
L63A  LMN  49 233   704   188  11.3   9.0  10.8
L63A LSQQ 334 150   903   189   9.8  11.9  11.3
L63A M66A 118 299   140   172  10.2   7.2   8.6
L63A MALY  54 240   794   162   2.3   4.4   2.8
L63A N62A 237  56   187   165   3.4  10.2   5.7
L63A NATG  33 219  1156   178   3.1  10.7   7.0
L63A PLVO 310 127   566   187  14.6   2.2  14.4
L63A QM16  37 220   475   140   6.3   3.4   3.7
L63A QM38   5 186   649   172   3.5  12.9   8.3
L63A QM50 360 180   727    91   0.8   3.7   9.1
L63A QMM5  11 193  1021   172   6.9  10.4  11.1
L63A SUSY  47 231   656   158   6.8   4.6   1.5
L63A VLDQ 328 143   853   172   9.6   7.2   9.9
L63A  WES  22 202    63   189   9.5   8.9  10.1
L63A WODY  55 240   667   156   3.2   5.9   3.9
L65A LATQ 341 159   633   180  13.0  14.6  15.6
L65A  LMN  43 227   598   180  10.6   8.5   9.6
L65A LSQQ 328 143   949   180  11.8  15.1  20.4
L65A M66A 185   5    86   179   9.3   9.6   9.4
L65A MALY  50 234   681   156   9.2   3.2   5.4
L65A N62A 248  66   310   172   7.1  15.9  11.9
L65A NATG  29 214  1074   169   7.0  10.3   7.8
L65A PLVO 303 118   658   178   8.2   7.7   6.5
L65A QM16  25 206   392   140   5.5   7.5   6.0
L65A QM38 355 174   631   156  13.3   2.5   8.6
L65A QM50 350 169   720    91   8.3   6.8   8.3
L65A QMM5   5 186   984   156   5.4   8.2   6.0
L65A SHEY  59 245   737   156   1.9   8.0   2.9
L65A SUSY  41 224   553   156   5.1   3.9   7.3
L65A VLDQ 321 136   914   156  10.2  11.4  12.8
L65A  WES 291 110   112   180   8.8   3.5  10.6
L65A WODY  50 234   553   156   6.3   3.0   6.3
LATQ  LMN 103 288   634   243   7.0   1.3   8.9
LATQ LSQQ 302 119   363   244  14.5  12.1  16.3
LATQ M66A 162 344   712   181   9.8   7.0  12.2
LATQ MALY 100 287   743   162   0.9   1.7   7.0
LATQ N62A 185   4   719   210   4.2  18.4  11.9
LATQ NATG  63 250   799   233   0.8   3.5   1.8
LATQ PLVO 233  50   421   242   5.1  12.2  16.1
LATQ QM16 121 305   444   140  10.6   5.0   8.5
LATQ QM38  77 258   149   182  10.2   5.5  15.4
LATQ QM50  36 217   141    91   9.8   9.9  12.5
LATQ SUSY 106 291   593   158   7.0   1.3   7.9
LATQ  WES 168 349   567   244   9.1  10.9  12.7
LATQ WODY 109 295   675   156   9.8  10.7  16.9
 LMN LSQQ 296 107   983   243   2.1   5.5   5.4
 LMN M66A 222  38   668   181  11.2   8.3   9.5
 LMN MALY  93 274   113   162   1.4   5.2   4.5
 LMN NATG  16 198   515   232   1.3  12.0  10.5
 LMN QM16 255  73   256   140   4.5   0.4   5.4
 LMN QM38 296 111   504   181  11.3   5.8  11.4
 LMN QMM5 333 150   629   181  12.0   9.8  13.5
 LMN SHEY 109 291   235   157   7.1  12.6  12.7
 LMN SUSY 253  72    51   158   3.3   3.4   3.7
 LMN VLDQ 289 100  1017   181   6.5   8.8  14.0
 LMN  WES 236  51   648   243   3.8   4.0   8.0
 LMN WODY 172 352    85   156   8.0   6.8   7.7
LSQQ M66A 146 331  1019   181  12.5   3.7  13.7
LSQQ MALY 104 294  1088   162  18.7   6.6  17.6
LSQQ N62A 162 344   944   210  12.8  15.1  16.4
LSQQ NATG  77 268  1030   233   7.0   6.4  10.7
LSQQ PLVO 181   1   447   242   7.4  12.5  12.3
LSQQ QM16 119 305   807   140   7.6   4.9  15.2
LSQQ QM38 106 291   479   182  11.6  10.7  11.3
LSQQ QM60  86 269   266    91   3.0   4.3   4.7
LSQQ QMM5  68 254   619   182   5.0   9.4   8.8
LSQQ SUSY 109 297   946   158   4.4   2.1   6.8
LSQQ VLDQ 211  30   112   182   4.1  10.5   6.6
LSQQ  WES 147 331   862   244  16.1  20.6  20.2
LSQQ WODY 111 300  1032   156   8.3   0.6   3.5
M66A MALY  45 230   744   155   3.4   2.6   4.7
M66A N62A 264  82   282   174   7.9   4.3   9.7
M66A PLVO 309 124   703   179   3.9  12.4   9.6
M66A QM16  21 203   473   140   5.1   8.7  11.3
M66A QM38 356 175   715   155   3.6   8.2   8.7
M66A QM50 352 171   804    91   2.0   8.3   6.4
M66A QMM5   5 186  1070   155   3.0   6.7  12.5
M66A SHEY  54 240   789   155   2.9   8.6   8.7
M66A  WES 322 141   159   181  11.6  10.3  13.3
M66A WODY  44 228   616   155   5.7   8.9   9.7
MALY N62A 240  53   981   148   2.2  18.2  10.0
MALY QM50 298 112   694    91   3.4   1.6   5.3
MALY QMM5 326 142   691   162  10.9   6.4  11.4
MALY SHEY 124 305   130   157   5.6  10.0   9.4
MALY SUSY 268  86   162   158   9.7   5.3   9.6
MALY VLDQ 289  98  1126   162   2.1   3.5   1.0
MALY WODY 233  52   128   156   4.4   6.8   8.3
N62A PLVO 328 146   543   208  13.6  12.8  16.5
N62A QM16  42 225   654   139   2.3   0.2   4.8
N62A QM38  15 196   778   148   4.4   5.1  10.9
N62A QM50   9 190   843    90   6.0   4.9   3.5
N62A QM60   1 181   915    90   8.8   1.3   3.6
N62A QMM5  17 200  1159   148   5.2  10.6  10.6
N62A SHEY  60 247  1044   148   1.9   7.9   5.9
N62A SUSY  48 234   840   148   6.5   9.3   8.2
N62A VLDQ 339 156   875   148  15.1   9.2  14.4
N62A  WES  47 229   241   210   6.6   7.2   8.8
N62A WODY  54 240   853   148   4.0   3.1   0.6
NATG PLVO 247  56  1217   231   5.5   1.7  15.0
NATG QM16 216  32   683   139   2.4  11.2   9.6
NATG QM38 247  61   656   181   7.6   0.7   5.5
NATG QM50 255  69   676    90   6.5   1.5   6.3
NATG QMM5 281  96   429   181   8.7   5.6   9.3
NATG SHEY 174 354   576   156  16.7  10.1  17.6
NATG SUSY 202  20   544   157   6.3   6.3   8.3
NATG VLDQ 264  72  1111   181   4.1   4.6   2.4
NATG  WES 220  34  1094   233  13.9   6.2  14.0
NATG WODY 194  13   593   155  12.6   3.7  12.4
PLVO QM16  85 272   718   138   5.9   7.4   7.4
PLVO QM38  56 241   561   180  13.0   1.5   9.2
PLVO QM50  46 230   558    89   9.6   2.7   6.8
PLVO QM60  30 213   539    89   2.8   7.6   2.2
PLVO QMM5  41 227   893   180  13.8  12.1  15.7
PLVO SHEY  84 275  1186   155   3.0   3.6   7.1
PLVO VLDQ 352 171   354   180  12.4   4.6  10.2
PLVO  WES 120 304   549   242  12.6  11.5  11.6
PLVO WODY  85 274   977   154   1.6   8.8   6.6
QM16 QM38 322 140   353   140  11.7   1.8   7.3
QM16 QM50 323 140   454    91   9.5   2.0   6.1
QM16 QMM5 355 174   630   140  12.5   1.6  11.1
QM16 SHEY  89 273   469   140   4.0   5.5   7.8
QM16 SUSY  73 255   205   140   3.8   3.9   5.5
QM16 VLDQ 297 110   819   140   6.3   1.2   9.0
QM16  WES 222  40   415   140   5.9   8.8  12.6
QM16 WODY  92 274   259   140   7.1   9.1   8.7
QM38 QM50 324 143   101    91  11.5  12.3  12.2
QM38 QM60 313 131   248    91   6.3   7.7   3.5
QM38 QMM5  22 204   383   182   9.2  13.5  12.3
QM38 SHEY 109 296   738   157   4.5   0.9   3.9
QM38 SUSY 116 300   468   158   6.8   9.9   9.3
QM38 VLDQ 279  94   519   182   7.8  20.0  21.5
QM38  WES 184   3   589   182  12.7  12.4  18.6
QM38 WODY 119 303   555   156   3.9   7.2   9.7
QM50 QM60 305 124   149    91   2.7   0.1   1.9
QM50 QMM5  36 218   341    91  15.3  10.7  14.6
QM50 SUSY 120 305   560    91   2.1  10.2   8.5
QM50 VLDQ 269  85   453    91   8.1   6.3  10.5
QM50  WES 178 358   670    91  14.8   6.7  11.1
QM50 WODY 122 307   649    91   4.5   9.7  13.1
QM60 QMM5  58 242   375    91  12.3   8.1  14.6
QM60 SUSY 120 306   708    91   6.3   1.8   5.5
QM60  WES 168 349   770    91   3.7   5.6   3.0
QMM5 SHEY 139 324   813   157  11.3   7.6  12.7
QMM5 SUSY 155 338   622   158   8.5   6.3   9.4
QMM5 VLDQ 249  62   712   182   8.5  12.0   9.3
QMM5  WES 193  11   960   182   5.6   2.8   4.4
QMM5 WODY 153 336   709   156   6.6   9.8  13.5
SHEY SUSY 285 102   277   157   0.2  13.2   7.5
SHEY VLDQ 291 100  1251   157   0.8   0.7   2.9
SHEY  WES 251  65   811   157  11.7   5.4  10.9
SHEY WODY 270  88   211   156   7.6   6.2   7.6
SUSY VLDQ 291 102   976   158   4.8   7.0   6.6
SUSY WODY 139 319    91   156   6.3   5.7   6.1
VLDQ  WES 140 324   819   182   9.2   9.2  14.9
VLDQ WODY 104 294  1058   156   6.5   5.1   2.9
 WES WODY  58 243   615   156   1.7   9.8   4.4
