 A11  A64  19 200    69    56   3.1   5.9   5.2
 A11 BATG  88 271   313    56   0.6   2.8   7.6
 A11 CHEG  90 277   725    43   5.5   9.3  14.0
 A11 D56A 268  85   346    56   5.8   2.7   2.2
 A11 D59A 259  77   127    56   3.8   3.1   2.8
 A11 D60A 237  56    66    56   2.0   4.2   3.9
 A11 D62A 101 282    89    56   1.3   5.3   6.1
 A11 D63A  97 279   160    56   6.2   7.9   8.0
 A11 E55A 261  77   455    56   0.1   7.9   5.3
 A11 E62A 143 324    86    56   7.7   7.4   8.2
 A11 EDEY 105 291   638    56   3.9   7.6   5.8
 A11 F60A 224  43   195    56   7.8   8.4   6.1
 A11 F61A 204  23   154    56   1.7   7.0   4.1
 A11 F62A 173 353   151    56  11.1   7.9  10.0
 A11 F64A 137 318   209    56   6.9   9.4   9.9
 A11 G57A 239  56   440    56   1.5   6.2   2.5
 A11 G59A 225  43   333    56   8.1   9.0  12.9
 A11 G61A 206  25   241    56   4.7   7.5  11.1
 A11 G62A 187   6   227    56   4.6  11.6   9.8
 A11 G63A 169 350   241    56  10.2  12.3  13.8
 A11  GBN 104 290   699    56   4.6   3.9   3.8
 A11  GGN 131 314   350    56   1.7   3.1   4.4
 A11 H62A 194  14   306    56   3.6   3.0   6.8
 A11 H63A 177 358   287    56   3.8  10.4  14.2
 A11 H64A 165 346   299    56   7.4   8.7   8.3
 A11 H65A 151 333   321    56   0.4   4.3  15.3
 A11  HAL 117 302   588    56   5.0   1.3  10.0
 A11 HANN 119 301   303    56   9.7   5.0   8.9
 A11 I57A 231  47   563    39   0.1  13.7   7.2
 A11 I60A 214  32   448    50   0.7   8.3   8.5
 A11 I62A 194  13   385    56   5.5   6.7   7.4
 A11 I63A 185   5   356    56   1.0   3.1   2.3
 A11 I64A 173 353   372    56   8.4   0.0   7.3
 A11  ICQ  39 222   333    56   6.6  12.1  14.6
 A11 J62A 196  15   464    56   4.4   6.2   3.6
 A11 J63A 189   9   446    56   4.2   9.4   7.4
 A11 L63A 191  10   608    56   4.3   8.9  11.2
 A11 L65A 179 359   579    56   3.3   8.5  12.0
 A11 LATQ 276  94   196    56  12.1   6.6  12.7
 A11  LMN 109 292   441    56   0.8   3.7   1.2
 A11 LSQQ 294 109   543    56   7.5   5.3   6.3
 A11 MALY 105 290   549    56   3.0   2.1   1.5
 A11 QM16 142 323   285    56   5.1   3.0   4.3
 A11 QM38 314 134    69    56  10.7   5.3   7.4
 A11 QM50 320 139   170    28  14.2   4.7   9.6
 A11 QMM5  14 195   413    34   4.8   1.8  11.8
 A11 VLDQ 283  98   577    56   0.7   1.9   2.3
 A11  WES 190   9   547    56  15.7   8.5  13.0
 A64 BATG 101 283   295    56   2.0   2.5   5.4
 A64 D56A 259  75   377    56   2.6  10.2   4.3
 A64 D59A 239  57   173    56   8.8   9.3  17.8
 A64 D62A 142 323   104    56   6.2   9.4   9.3
 A64 D63A 122 304   161    56   3.3   7.9  10.2
 A64 DRLN  76 265   927    56   4.8   4.8   4.7
 A64 E55A 254  70   492    56   6.5   3.2   3.8
 A64 E58A 239  57   304    56   0.9   3.4  10.1
 A64 E62A 168 348   137    56   7.2   4.5   8.6
 A64 E64A 134 316   221    56   7.4  15.3  14.3
 A64 EDEY 112 297   637    56   2.5   4.2   2.6
 A64 EMMW 151 332   394    56   1.8  11.0  10.3
 A64 F57A 240  57   429    56   3.7   7.8   4.9
 A64 F60A 218  36   259    56   4.3   8.4   7.1
 A64 F61A 203  22   222    56   4.1   6.6  11.7
 A64 F62A 182   1   215    56   9.1   7.9  11.7
 A64 F64A 151 332   248    56   8.4   8.8  11.5
 A64 G57A 234  50   495    56   0.6   3.4   4.1
 A64 G62A 190   9   294    56   6.6   2.0   6.0
 A64 G63A 176 356   302    56   5.8   6.2   7.4
 A64  GBN 110 296   695    56   1.0   1.6   1.2
 A64  GGN 141 323   381    56   4.7   8.6  12.9
 A64 H61A 204  22   399    56   4.1   7.4   8.0
 A64 H62A 196  15   375    56   5.8   3.5   8.5
 A64 H63A 182   2   352    56   5.4   8.1  11.1
 A64 H64A 171 352   358    56   8.1   6.5   7.2
 A64 H65A 159 341   370    56   4.9   6.0   8.7
 A64  HAL 124 308   601    56   1.6  10.3   8.5
 A64 HANN 131 313   322    56   3.1   2.9   3.1
 A64 HOLY 118 300   297    56   3.7   8.3   7.2
 A64 I60A 212  30   515    50   3.1   3.8   3.2
 A64 I62A 195  14   453    56   3.2   0.8   4.4
 A64 I63A 188   7   423    56   9.2   6.1  10.0
 A64 I64A 177 357   435    56   2.4   8.1   7.4
 A64  ICQ  45 227   270    56   6.8   2.6   4.1
 A64 J59A 218  35   603    56   8.5   8.6  10.5
 A64 K62A 199  17   602    56   1.2   4.7   5.5
 A64 L63A 192  11   677    56   6.7   3.7  11.6
 A64 L65A 181   1   644    56   4.9   3.8  10.1
 A64  LMN 118 301   445    56   3.9   5.7  10.4
 A64 LSQQ 287 102   542    56   7.4  10.8   9.6
 A64 M66A 182   1   730    56   0.9   2.0   1.3
 A64 N62A 202  19   817    56   1.6   7.5   3.4
 A64 PLVO 243  58   633    56   8.1   6.5  13.1
 A64 QM38 257  76    74    56   2.6   4.0   4.6
 A64 QM60 302 119   295    28   4.6   2.4   5.8
 A64 QMM5  13 194   345    34   8.0   0.6  15.8
 A64 SHEY 113 299   677    56   3.7   4.4   6.6
 A64 WODY 125 309   503    56   1.6   2.9   7.7
ALLY BATG 349 169   400    28  16.0  23.8  22.8
ALLY D59A 307 122   640    28   8.9  14.0  11.0
ALLY D62A 322 139   483    28   5.7   8.3  11.7
ALLY D63A 328 146   435    28  13.6   4.1  10.1
ALLY DRLN  41 226   845    28   5.1   3.7  12.4
ALLY E55A 293 105   913    28   3.6  20.5   7.0
ALLY E64A 325 143   367    28  12.3   5.2   8.2
ALLY F57A 290 103   793    28   3.9   6.1   0.4
ALLY F60A 297 112   595    28   0.7   8.2  12.3
ALLY F62A 304 120   453    28   2.4   3.7   4.9
ALLY F64A 314 131   349    28   4.3   1.8   6.5
ALLY G61A 291 106   539    28   8.1   6.8  13.5
ALLY G62A 293 109   462    28   1.1   8.4  11.6
ALLY  GBN  56 238   339    28   7.7   6.6   7.2
ALLY  GGN 318 137   207    28  12.4   1.4   7.6
ALLY H61A 281  97   553    28   8.6   1.2   5.3
ALLY H64A 288 105   344    28   2.6  11.6   3.4
ALLY  HAL  50 231   156    28   3.8  13.5  10.8
ALLY HOLY 341 160   327    28   2.4  15.8   9.2
ALLY I62A 274  90   502    28   4.9   2.0   7.1
ALLY  ICQ 346 165   664    28   5.6  11.2   8.5
ALLY J59A 271  84   760    28   8.7   6.6   1.5
ALLY J63A 266  82   486    28   6.2   5.9  14.5
ALLY JOSY 309 128    94    28   7.2   4.9   9.4
ALLY K60A 263  77   725    28  10.2   4.3   9.6
ALLY K62A 261  76   592    28   6.5   8.3  18.1
ALLY L65A 247  63   447    28   1.6   3.1   2.5
ALLY LATQ 307 121   723    28  11.3  18.1  16.8
ALLY  LMN   5 186   236    28   4.9  12.5  14.7
ALLY MALY  31 212   266    28   1.0   6.2   1.3
ALLY N62A 248  63   757    28  10.2   8.1   8.5
ALLY NATG  13 194   748    28   4.8   5.4   6.1
ALLY PLVO 283  94   964    28   0.4   3.0   1.7
ALLY SHEY  57 239   292    28   0.6   7.9   4.1
ALLY SUSY 353 173   221    28   6.9   4.1   6.8
ALLY VLDQ 301 112  1097    28   2.6  11.4   9.3
ALLY  WES 256  71   529    28   4.5   9.3   9.3
ALLY WODY  13 193   155    28   4.9  11.9   8.5
BATG CHEG  95 279   412    43   0.7   0.9   1.9
BATG D62A 266  83   228    56   8.3   5.0   8.8
BATG D63A 261  80   157    56   5.6   7.1   9.7
BATG E55A 267  80   767    56   7.3   5.2   8.5
BATG E62A 256  73   274    56   2.6   3.0   5.5
BATG E64A 235  54   165    56   6.3   3.9   6.0
BATG F57A 259  73   681    56   1.0   8.5   5.7
BATG F60A 254  70   474    56   4.4   0.0   3.6
BATG F61A 251  67   404    56   2.1   5.9  10.1
BATG F62A 244  61   336    56   2.3   4.6   5.5
BATG F64A 229  47   236    56   9.7  13.8  17.0
BATG G62A 238  55   414    56   1.1   6.2   1.6
BATG G63A 230  48   365    56   2.9  11.3   4.6
BATG  GBN 119 302   407    56   7.1   7.7   6.5
BATG  GGN 194  14   247    56  10.5   7.3  10.7
BATG H61A 238  54   548    56   5.1   0.1   2.8
BATG H62A 235  51   496    56   1.0   3.3   2.9
BATG H64A 221  39   382    56  12.6  10.5  15.1
BATG H65A 211  30   333    56   7.7   2.3   4.8
BATG  HAL 146 328   350    56  10.0   8.0   9.8
BATG HANN 200  19   164    56   2.5   6.5   4.5
BATG HOLY 200  20    89    56   3.2   6.8   6.2
BATG I57A 247  60   835    39   3.1   1.7   5.5
BATG I62A 229  46   559    56   3.3   4.6   3.6
BATG  ICQ 341 160   265    56  11.0  11.9  14.6
BATG J59A 240  54   785    56   3.1   6.5   5.7
BATG J62A 227  43   637    56   3.0   7.2  12.2
BATG J63A 223  40   593    56   9.6   1.2   6.1
BATG JOSY 179 359   335    28  14.5  13.6  18.1
BATG K60A 233  47   805    56   2.0   5.8   4.2
BATG K62A 226  41   707    56   1.6   2.8   0.4
BATG L63A 218  34   745    56   4.3   8.4   4.7
BATG L65A 210  27   663    56   7.0   3.7   4.2
BATG LATQ 274  89   508    56   5.6   1.7   4.1
BATG  LMN 148 329   185    56   9.0  10.6  15.5
BATG LSQQ 288 100   835    56   8.3  11.0  14.6
BATG MALY 127 309   265    56   4.7   7.7   9.9
BATG NATG  34 217   411    56   5.7   3.5   3.7
BATG PLVO 258  70   886    56  10.9   3.7   7.1
BATG QM16 213  32   272    56   6.6   1.2   0.8
BATG QM38 279  95   364    56   3.5   2.1   7.2
BATG QM60 294 109   580    28  14.5   0.8   4.7
BATG QMM5 334 152   444    34  10.2   6.0   8.6
BATG SUSY 164 345   180    56  12.2  19.7  15.8
BATG WODY 155 336   265    56   2.0   4.1   3.4
CHEG D56A 277  86  1071    43   3.3   7.2   3.7
CHEG D62A 276  90   638    43   2.7   5.1   4.6
CHEG D63A 275  90   566    43   0.8   8.2   1.9
CHEG DRLN  40 222   361    43   9.0   0.3   6.3
CHEG E55A 274  83  1177    43   4.1   2.9  11.0
CHEG E58A 272  83   966    43   7.6  16.3  17.4
CHEG EMMW 249  64   577    43   5.0  10.7   8.4
CHEG G57A 265  75  1124    43   2.7   1.7   1.5
CHEG  GBN 203  22   169    43   4.5   1.8   2.4
CHEG H63A 255  69   766    43  11.1   0.8   6.3
CHEG HOLY 268  84   444    43   2.0   4.3   4.0
CHEG I57A 260  70  1214    39   5.0   2.7   0.8
CHEG I60A 256  67  1041    37   3.1   5.1   1.8
CHEG I62A 253  65   896    43   8.8   2.5   0.7
CHEG I63A 252  65   833    43   3.6   5.2   4.9
CHEG  ICQ 304 119   576    43   7.2   9.1  12.1
CHEG K62A 247  59  1023    43   6.0   0.2   2.7
CHEG L65A 238  51   915    43   4.1  11.3   1.9
CHEG MALY 242  60   235    43   1.6   5.9   5.7
CHEG NATG 339 157   418    43   4.0  14.2  11.3
CHEG PLVO 267  75  1285    43   0.6   0.0   2.2
CHEG QM16 255  70   591    43   1.0  11.1   1.0
CHEG QMM5 310 124   746    34   9.9   7.3  10.4
CHEG VLDQ 283  90  1294    43   3.3   5.1   5.1
CHEG WODY 240  57   363    43   5.2   9.5   9.7
D56A D59A  90 272   222    56   6.3   3.0   6.0
D56A D60A  92 274   292    56   4.3  10.7   8.5
D56A E55A 237  56   119    56   4.1   3.7   4.3
D56A E58A 123 304   136    56   5.3   7.4   6.2
D56A E62A  95 279   402    56   2.7   9.1   7.8
D56A E64A  95 280   534    56   4.8   2.4   5.6
D56A F57A 178 358   138    56   5.8   9.8   8.1
D56A F60A 118 300   246    56   8.0   7.4  11.1
D56A F61A 111 294   313    56   5.9   5.0   7.7
D56A F62A 107 291   389    56  12.2   7.3   9.2
D56A G57A 185   5   217    56   1.5   6.3  14.4
D56A G59A 150 331   250    56   8.6   7.9   7.3
D56A G61A 127 309   317    56  11.9  18.4  22.5
D56A G63A 117 300   452    56   4.7   4.6  11.2
D56A  GGN 106 292   648    56   5.9   6.6   4.5
D56A H61A 141 323   357    56  12.2   4.3   7.8
D56A H62A 133 316   392    56   5.2   9.8   8.3
D56A H63A 124 308   452    56  10.2   9.5  10.9
D56A H64A 120 304   506    56   0.2  15.9   9.8
D56A H65A 115 300   569    56   8.7   4.3   7.2
D56A HOLY  92 278   636    56   1.7   5.7   0.1
D56A I57A 192  11   353    39  15.6   9.1   6.8
D56A I60A 162 343   374    50  11.3  15.2  14.8
D56A I62A 142 324   443    56   4.2   7.1   8.1
D56A I63A 134 317   466    56   2.7   3.3   1.8
D56A I64A 129 313   530    56   3.6  11.7   7.8
D56A  ICQ  61 246   620    56   0.1   0.0   0.2
D56A J59A 177 357   399    56   6.2  14.9  13.6
D56A J62A 150 332   484    56   6.1  10.5   7.4
D56A J63A 144 327   509    56   3.2  10.2  10.8
D56A JOSY 111 298   748    28   3.3   3.4   7.7
D56A K60A 172 352   497    56   1.3  10.0   8.6
D56A K62A 157 339   526    56   9.4   4.2   8.3
D56A L63A 155 338   628    56   9.3   2.0   9.7
D56A L65A 144 328   671    56   1.4   7.3   5.0
D56A LATQ  75 257   154    56   1.9   8.0   7.7
D56A LSQQ 324 143   278    56  17.3  10.2  16.7
D56A M66A 148 332   742    56   3.2   1.9   7.1
D56A N62A 171 352   687    56   2.7  16.9  11.0
D56A PLVO 220  38   286    56   2.0   3.4   3.7
D56A QM38  75 258   303    56   0.9   7.5   5.9
D56A SUSY  98 285   732    56   0.9   6.6   1.3
D56A VLDQ 300 118   259    56   6.5   5.7   7.7
D56A  WES 151 333   585    56   7.5   4.0   3.0
D59A D60A  98 279    70    56   3.6   2.7   9.2
D59A D62A  87 269   212    56   8.3   1.3   4.0
D59A DRLN  72 262  1094    56   3.1   4.3   0.2
D59A E58A 238  57   131    56   3.5   7.5   6.8
D59A E62A 103 285   182    56   6.4   6.9   6.7
D59A E64A 101 284   313    56   8.1   0.5   4.2
D59A EMMW 125 308   425    56   6.0   9.8   9.1
D59A F60A 184   4   116    56   9.2   4.6   7.6
D59A F61A 150 331   132    56   8.0   8.2  13.7
D59A F62A 130 311   189    56   6.4   8.8   9.3
D59A G57A 230  48   323    56   7.5   6.9   7.4
D59A G61A 173 353   193    56   6.4   6.3  10.7
D59A G62A 153 334   223    56   8.6   9.6  15.2
D59A G63A 140 322   271    56   7.6   8.0   8.2
D59A  GBN  99 286   816    56   4.7   6.6   5.2
D59A H61A 182   1   276    56   5.8  10.0  12.2
D59A H62A 169 349   276    56  12.0  14.7  15.5
D59A H63A 151 332   296    56  12.8  11.3  15.2
D59A H64A 141 323   332    56   5.2   8.2  11.0
D59A H65A 131 314   379    56  12.3   4.2   9.1
D59A HANN 106 290   409    56   6.9   4.8   5.6
D59A I60A 198  17   370    50   6.2   3.1   8.4
D59A I62A 173 354   350    56   5.6  16.1  14.5
D59A I63A 163 344   343    56   8.3   6.2  10.2
D59A I64A 153 334   384    56   4.2  12.9   8.4
D59A  ICQ  49 232   439    56   7.8   2.6   7.5
D59A J59A 209  27   446    56   7.8   6.8  11.1
D59A J62A 180 360   420    56   3.1   9.0   9.3
D59A J63A 172 352   419    56   5.0   6.4  11.8
D59A JOSY 122 306   547    28  17.2   3.4  11.5
D59A K60A 199  18   514    56   0.3   8.3   8.8
D59A K62A 184   4   484    56   1.1  11.1   9.0
D59A L65A 165 346   571    56   8.6   7.1  10.3
D59A LATQ 301 120    83    56   5.5   5.8   7.3
D59A  LMN 101 286   555    56   3.5   7.1   6.4
D59A M66A 167 349   653    56   1.9   7.8   8.6
D59A MALY  99 285   666    56   4.7   7.4   1.7
D59A QM38  45 225   105    56   5.4   4.6   5.7
D59A QM50   5 185   156    28  14.6   5.5   9.8
D59A QM60 336 154   265    28  10.7   8.3   6.6
D59A QMM5  26 209   481    34   6.8  10.6   7.1
D59A  WES 175 356   515    56   2.8  12.4   8.9
D60A D62A  82 263   144    56   8.1   8.1   8.1
D60A D63A  85 267   215    56   0.8  12.1   4.4
D60A E58A 252  71   190    56   5.7   3.5   4.7
D60A E62A 106 287   112    56   2.5   6.9   7.6
D60A E64A 102 284   243    56   5.7   3.6   8.2
D60A EDEY 101 287   684    56   4.4   7.4   5.4
D60A EMMW 131 314   364    56   7.4  10.7   8.2
D60A F57A 248  66   315    56   5.3   2.3   3.7
D60A F60A 217  37   131    56   2.2   3.9   2.3
D60A F61A 183   3   105    56   5.4   5.5   6.1
D60A F62A 147 327   135    56   5.6  12.2   8.8
D60A F64A 120 301   230    56   5.6   8.6   8.3
D60A G57A 239  56   373    56   1.8   9.2   6.6
D60A G62A 171 351   191    56  12.5   8.8  13.7
D60A G63A 153 334   224    56  10.3  11.3  15.3
D60A  GBN 100 286   745    56   5.4   4.2   4.7
D60A H61A 197  16   277    56   6.1   3.8   6.0
D60A H62A 184   4   261    56   7.7  14.3  12.2
D60A H63A 164 345   260    56   9.2   5.6  10.3
D60A H64A 152 333   285    56   6.5   5.7   7.4
D60A H65A 139 321   323    56   6.9   6.3   7.7
D60A HANN 108 291   340    56   4.0   8.7   6.9
D60A I57A 230  47   497    39   2.1   2.2   2.6
D60A I62A 186   5   339    56   7.1  16.8  13.4
D60A I63A 175 355   319    56   9.8  15.5  14.0
D60A I64A 163 344   348    56  11.5  10.4  11.9
D60A  ICQ  42 224   397    56   1.3   0.9   2.3
D60A J63A 182   2   404    56   4.3   4.5   4.1
D60A JOSY 126 309   483    28  12.9   3.8   7.1
D60A K60A 207  25   532    56   6.1   2.5   3.9
D60A K62A 193  12   483    56   3.7   7.4   4.4
D60A L63A 186   5   564    56   9.1   4.7   9.8
D60A L65A 172 353   547    56   8.7   5.0   6.9
D60A M66A 174 355   631    56   3.2   1.2   4.7
D60A NATG  55 241   706    56   3.8   6.1   3.9
D60A PLVO 249  64   520    56   4.1  13.7   8.7
D60A QM38   4 184    85    56   6.0   5.8   7.4
D60A QM50 342 161   175    28   9.7   3.1   9.5
D60A QM60 325 143   308    28   8.1   1.0   8.4
D60A QMM5  19 200   464    34   5.6  11.8   8.1
D60A SHEY 103 289   719    56   3.8   1.5   2.1
D60A  WES 184   3   504    56   1.3   5.0   9.1
D62A DRLN  70 259   891    56   4.9   1.9   4.1
D62A E55A 265  80   540    56   1.5   7.4   3.8
D62A E58A 258  75   333    56   3.3   2.5   1.2
D62A E62A 215  35    63    56   3.6   3.0   6.0
D62A E64A 128 309   119    56   7.3   8.1   8.3
D62A EDEY 107 292   550    56   7.5   7.0   0.7
D62A EMMW 154 335   291    56   8.8   9.1  10.3
D62A F57A 254  70   456    56   8.9   5.8   9.1
D62A F61A 231  50   193    56   3.9   7.6   0.9
D62A F62A 208  28   149    56   1.6   3.2   6.6
D62A F64A 158 339   146    56   4.1   6.5   5.9
D62A G62A 209  28   237    56   1.7  10.6   7.4
D62A  GBN 105 290   610    56   7.1   6.4   7.5
D62A  GGN 141 323   277    56   9.2   8.7  16.1
D62A H61A 219  37   362    56   2.8  10.0   7.1
D62A H63A 196  16   280    56   1.5   8.2   7.0
D62A H64A 183   3   272    56   9.1   9.6  10.8
D62A H65A 166 347   272    56   7.3  10.9  12.9
D62A  HAL 121 305   503    56   0.9   6.9   4.9
D62A I60A 224  41   489    50   3.6   2.2   1.7
D62A I64A 188   7   354    56   3.3   1.6   4.8
D62A  ICQ  25 207   302    56   8.6   1.4   6.4
D62A J59A 229  45   587    56   7.8  10.2   8.9
D62A J63A 201  20   452    56  10.0   6.8   8.9
D62A JOSY 142 324   393    28  17.3  13.7  27.8
D62A K60A 219  36   626    56   9.3   7.8   8.8
D62A L63A 200  18   615    56   6.5   1.8   3.9
D62A L65A 188   8   567    56   2.4   5.3   7.9
D62A LSQQ 293 107   630    56   7.2   8.2   8.6
D62A M66A 188   7   653    56   4.8   4.6   3.7
D62A PLVO 253  67   661    56   1.1   2.7   3.6
D62A QM38 297 115   151    56   8.6   4.2   5.2
D62A QM50 308 126   245    28   7.1   0.5  20.1
D62A QM60 308 124   394    28   5.0   4.6   6.4
D62A QMM5   2 183   419    34   1.7   2.1   6.4
D62A SHEY 109 294   587    56   9.0   2.4   4.2
D62A SUSY 117 300   317    56   3.1   2.1   5.8
D62A VLDQ 284  97   665    56   0.1   2.0   1.9
D62A  WES 200  18   552    56   1.4   6.3   0.3
D62A WODY 121 305   405    56   1.2   3.9   5.4
D63A DRLN  69 257   826    56   7.8   3.1   1.8
D63A E55A 267  81   611    56   3.8   2.2   3.8
D63A E58A 261  78   402    56   1.9   8.1   6.9
D63A E62A 247  66   118    56   5.4   8.4   7.4
D63A E64A 163 343    72    56   4.6   6.3   5.7
D63A EMMW 169 349   264    56  10.9   6.0   8.7
D63A F57A 257  73   524    56   8.2   7.5  10.7
D63A F60A 249  67   318    56   2.3  10.5  11.6
D63A F61A 243  61   251    56   7.4   7.5  10.3
D63A F64A 188   8   132    56   8.9   9.9  10.1
D63A G57A 251  66   574    56   5.5   5.2  12.1
D63A G59A 243  59   449    56   6.6   1.6   2.3
D63A G62A 224  42   276    56   5.2   5.1   5.5
D63A G63A 209  28   244    56  11.2   4.6   8.3
D63A  GBN 107 292   540    56   1.7   9.2   5.9
D63A  GGN 155 336   235    56   8.8   6.6  10.7
D63A H61A 228  45   408    56   0.9   7.7   4.4
D63A H62A 222  40   362    56  10.5   9.0  11.3
D63A H63A 210  29   304    56   2.4   5.4  10.6
D63A H64A 198  18   280    56   6.1  10.7  10.9
D63A H65A 182   2   260    56  12.1  15.1  16.4
D63A  HAL 126 309   441    56  15.1   9.0  14.0
D63A HANN 141 322   165    56   4.6  10.6   8.9
D63A HOLY 114 295   138    56   4.7   6.7   4.7
D63A I57A 242  57   683    39   2.5   7.4   2.6
D63A I62A 217  35   433    56   5.9   2.4   4.5
D63A I64A 200  18   366    56   4.0   3.6   8.1
D63A  ICQ  12 193   283    56   5.0   8.8   7.2
D63A J59A 234  49   640    56   3.4  10.0   4.5
D63A JOSY 151 333   349    28  14.8   0.9   7.2
D63A K62A 215  32   585    56   3.0   7.9   6.3
D63A L65A 196  15   577    56   8.3   3.3   7.3
D63A LATQ 278  94   356    56   9.5   3.3  10.8
D63A LSQQ 292 105   698    56   4.1   7.3   6.7
D63A MALY 109 292   391    56   0.7   0.5   4.3
D63A N62A 214  31   803    56   3.8   3.6   8.0
D63A NATG  45 229   532    56   6.7   7.7   9.5
D63A QM16 177 357   204    56   2.2   9.3  14.6
D63A QM38 290 108   219    56   8.6   6.1   7.8
D63A QM50 301 118   307    28  19.3  11.4  15.9
D63A QM60 303 119   456    28   5.5  12.6   1.9
D63A QMM5 353 173   426    34   7.9  17.8  15.3
D63A SUSY 125 306   253    56   2.7   8.3   7.7
DRLN E55A 264  71  1419    56   4.3   0.4   0.6
DRLN E58A 261  69  1222    56   3.6   8.3   5.2
DRLN E62A 256  68   943    56   7.4   2.1   2.7
DRLN EDEY 222  39   559    56   5.2   6.7   6.8
DRLN F57A 260  67  1346    56   7.6   3.5  10.5
DRLN F61A 255  65  1076    56   9.1   5.4   9.9
DRLN F64A 249  61   898    56   0.7   0.7   4.3
DRLN G61A 253  62  1147    56   1.2   0.2   0.0
DRLN G63A 248  59  1026    56   1.9   0.3   1.1
DRLN  GBN 217  34   524    56   0.2   7.0   3.2
DRLN  GGN 240  54   843    56   3.2   6.0   0.7
DRLN H61A 250  59  1216    56   6.2   1.2   6.2
DRLN H62A 249  59  1161    56   9.8   4.0   9.6
DRLN H63A 247  57  1080    56  13.3   8.1   5.2
DRLN H64A 244  56  1027    56   3.8   7.0   7.3
DRLN HANN 245  58   791    56   4.6  10.6   7.4
DRLN I60A 249  58  1349    50   2.1   6.2   2.9
DRLN I62A 246  56  1215    56  10.9   0.2   3.8
DRLN I63A 245  55  1154    56   7.4   3.9   5.2
DRLN J59A 250  58  1454    56   3.2   1.7  13.8
DRLN JOSY 233  46   854    28  12.3   4.7   4.1
DRLN L63A 238  48  1370    56   5.7   6.6   5.5
DRLN L65A 235  46  1263    56   6.9   9.7  13.4
DRLN  LMN 238  53   667    56   7.7   3.1   6.9
DRLN N62A 240  48  1555    56   4.9   6.1   6.8
DRLN PLVO 260  65  1552    56  10.3   4.5   5.3
DRLN QMM5 287  98   827    34   4.6  10.0   7.7
DRLN WODY 232  47   712    56   1.1   9.8  11.0
E55A E58A  91 273   214    56   1.6   5.6   3.6
E55A E62A  86 270   501    56   6.6   5.8   7.0
E55A EMMW 103 289   698    56   4.8   2.1   7.8
E55A F57A 124 305   127    56   7.3   7.6   7.4
E55A F60A  98 281   321    56   6.0   8.0   9.0
E55A F61A  96 280   394    56   1.4   4.5   1.3
E55A F62A  95 280   474    56  10.6   9.1  13.8
E55A F64A  94 279   599    56   5.7   9.3   6.4
E55A G57A 151 331   172    56   7.7   9.3  10.1
E55A G59A 123 305   271    56   3.0   6.5   4.7
E55A G62A 106 290   451    56   8.6  10.6  10.3
E55A  GBN  91 281  1132    56   0.3   6.7   7.5
E55A H61A 122 305   388    56   3.7   5.8   5.5
E55A H62A 117 300   436    56   4.7   3.5   6.9
E55A H63A 111 295   510    56  12.2   2.7  10.4
E55A HANN  92 278   720    56   3.6   1.1   2.7
E55A I57A 173 354   281    39  13.3  11.1  18.6
E55A I60A 142 324   362    50  13.9  16.1  20.5
E55A I62A 126 309   469    56   8.4   5.9   7.5
E55A I63A 120 304   506    56   5.9   2.0   7.1
E55A I64A 117 301   578    56   7.0  12.6  12.5
E55A J59A 159 340   354    56  11.1   7.4   9.6
E55A J62A 135 318   491    56   6.5   7.8   9.9
E55A J63A 130 314   528    56   3.6   6.0   7.4
E55A K60A 157 339   460    56   8.0   5.8   7.9
E55A K62A 143 326   519    56   3.6  12.9  10.3
E55A L63A 144 327   622    56  12.2   2.1   8.3
E55A LATQ  66 249   270    56  11.1  12.4  16.4
E55A  LMN  90 278   871    56   2.2   6.0   3.2
E55A LSQQ 347 166   298    56  11.3  13.8  22.6
E55A M66A 138 322   748    56   2.8   4.9   4.1
E55A MALY  90 279   983    56   0.9   8.4   1.2
E55A N62A 160 342   648    56  12.5   6.6  10.8
E55A NATG  62 252  1068    56   6.8   6.1   9.9
E55A PLVO 207  26   176    56   7.0   3.2   4.7
E55A QM38  69 253   418    56   9.2   7.7  10.5
E55A QM50  55 238   396    28   9.6   2.1   5.9
E55A QMM5  45 230   724    34   6.8  11.3  11.1
E55A SUSY  92 279   825    56   3.3   1.4  10.7
E55A VLDQ 327 146   232    56  10.3   9.4  11.4
E55A  WES 138 322   589    56   2.8  10.3   8.5
E55A WODY  96 284   898    56   4.6   5.8   4.9
E58A EDEY  93 281   856    56  11.9   8.1   8.1
E58A EMMW 110 294   491    56   1.8   6.4   4.7
E58A F57A 241  60   126    56  12.4   5.3   8.6
E58A F60A 113 294   112    56   2.7   2.3   4.7
E58A F61A 103 285   182    56   5.8   6.7   7.5
E58A F62A 100 283   261    56   8.7   5.3   9.0
E58A F64A  97 280   385    56   6.6   6.3   9.3
E58A G57A 224  43   194    56   5.0   9.8  13.1
E58A G59A 177 357   144    56   8.4   3.4   9.6
E58A G61A 131 312   182    56   6.1   3.7   5.2
E58A G62A 120 302   249    56   1.2   5.0   6.5
E58A  GBN  92 281   919    56   1.7  13.5  10.2
E58A H61A 152 333   231    56   7.8   7.2  10.9
E58A H62A 140 321   260    56   0.9   7.3   5.6
E58A H63A 126 308   317    56   1.0  13.4   7.5
E58A H65A 114 297   435    56   4.3   2.9  11.3
E58A HANN  94 279   506    56   3.1   8.5   7.0
E58A I57A 216  34   329    39   3.6   6.9   2.4
E58A I60A 180   0   281    50  13.0   8.9  12.3
E58A I62A 150 332   317    56   9.2  16.8  13.6
E58A I63A 140 322   334    56   7.1   9.8  16.0
E58A I64A 132 315   395    56   4.9   3.2   3.7
E58A J59A 197  16   337    56   2.3   2.6   5.8
E58A J62A 161 342   368    56  10.2   8.5  11.9
E58A J63A 152 334   385    56   9.6  10.4  11.4
E58A JOSY 110 295   616    28   4.9   6.6   5.6
E58A K60A 187   6   420    56  14.1   7.3  13.7
E58A K62A 168 349   420    56   3.9  14.8  11.2
E58A L63A 164 346   518    56   7.0  16.7  15.7
E58A L65A 151 333   547    56   9.8  10.3  12.0
E58A LATQ  18 199   119    56   7.0   3.3   8.4
E58A  LMN  92 278   657    56   1.8   4.3   5.1
E58A LSQQ 318 136   408    56  10.0   8.2  12.1
E58A M66A 155 337   622    56   8.8   6.4   6.2
E58A N62A 182   1   605    56   0.4  11.1   7.2
E58A QM38  51 233   234    56   4.5   8.8   7.0
E58A QM50  28 209   257    28   5.6  12.0   6.1
E58A SHEY  95 283   888    56   4.3   4.0   6.0
E58A SUSY  94 280   611    56   3.1   5.3   4.0
E58A VLDQ 302 119   395    56  13.3   7.2  12.8
E58A  WES 160 341   470    56  17.7   8.0  13.4
E58A WODY  99 285   685    56   6.2   4.4  11.4
E62A E64A  99 280   132    56   4.8   6.0   9.6
E62A EMMW 142 324   267    56   1.6   4.5   8.0
E62A F61A 238  57   134    56   5.3   6.6   7.9
E62A F62A 203  23    87    56   8.4   5.5   7.0
E62A F64A 132 313   124    56   7.1   7.2   7.6
E62A G59A 240  58   332    56   3.0   6.5   4.2
E62A G61A 227  46   215    56   7.1   5.5   6.4
E62A G62A 207  26   174    56   4.8  11.0   9.5
E62A G63A 183   3   167    56   8.3   8.1   8.6
E62A  GBN  99 285   634    56   4.2  12.7  10.1
E62A  GGN 128 310   267    56   3.3   4.4   5.3
E62A H62A 210  29   261    56   5.4   8.6   6.0
E62A H63A 191  10   221    56   3.2   9.4   6.6
E62A H64A 174 354   221    56  15.1   9.6  12.4
E62A H65A 155 336   236    56   3.6   9.4  15.2
E62A  HAL 113 298   512    56   9.1   1.2   9.2
E62A HANN 110 292   228    56   6.3  10.1   7.6
E62A HOLY  91 274   235    56   1.9   9.6   7.8
E62A I60A 225  42   427    50   4.9  12.2   9.0
E62A I62A 206  24   337    56   1.2   3.6   7.1
E62A  ICQ  27 208   364    56   4.0  12.6  11.2
E62A J62A 206  25   418    56   1.4  10.0   6.8
E62A J63A 199  18   391    56  15.1   9.4  11.9
E62A JOSY 132 315   379    28   8.6   7.8  10.4
E62A K60A 219  36   564    56   3.3   3.3   4.4
E62A L63A 198  17   554    56   6.5   6.3   9.3
E62A LATQ 290 108   262    56   9.2   6.1   8.2
E62A  LMN 101 285   374    56   2.6   7.9   2.7
E62A MALY  99 283   485    56   5.0   1.0   1.2
E62A NATG  48 233   642    56  12.2   2.3   7.4
E62A QM16 142 323   199    56   2.6   3.2   0.1
E62A QM38 320 139   155    56   9.9   4.8  11.0
E62A QM50 322 140   256    28   6.2   4.8   7.3
E62A QM60 316 133   402    28   1.3  10.1   0.8
E62A QMM5   6 187   473    34  13.4   6.1   6.6
E62A SHEY 103 288   608    56   1.2   5.6   6.8
E62A SUSY 106 289   331    56   2.5   8.3   1.3
E62A WODY 112 296   413    56   3.2   4.1   5.3
E64A EDEY 102 286   441    56   2.7   5.3   7.4
E64A EMMW 171 351   192    56   5.6   9.4   7.8
E64A F57A 265  80   535    56   2.5   6.2   0.5
E64A F60A 263  80   322    56  16.2   7.4  11.5
E64A F62A 251  70   175    56   5.6   7.3   9.6
E64A F64A 213  33    74    56   5.9   6.4   6.6
E64A G57A 258  73   575    56   8.8   1.5   5.5
E64A G61A 248  65   314    56   2.4   5.7   8.9
E64A G62A 239  57   249    56   2.2   0.9   3.3
E64A G63A 225  43   201    56   4.6   4.8  12.1
E64A  GBN 101 285   503    56   3.4   9.9   6.7
E64A  GGN 152 332   164    56   6.5   7.3  12.7
E64A H62A 233  51   331    56   8.6   4.7   6.8
E64A H63A 222  41   260    56   0.1   8.2   7.3
E64A H64A 209  28   225    56   5.5   7.1   5.9
E64A H65A 190  10   194    56   6.8   4.7   6.6
E64A HANN 126 306   101    56   7.4   9.5  11.6
E64A HOLY  83 264   105    56   8.5   7.3   7.8
E64A I57A 249  63   674    39   3.7   4.9   1.4
E64A I62A 226  43   395    56   7.6   2.5   8.1
E64A I63A 220  38   340    56   7.9   3.8   7.6
E64A I64A 208  26   312    56   0.8   1.7   1.1
E64A  ICQ   7 187   348    56   2.4   4.8   6.2
E64A J59A 240  56   620    56   5.2   6.8  13.2
E64A J62A 223  40   474    56   8.4   6.9   9.5
E64A JOSY 149 330   279    28   5.1   7.6  10.6
E64A K60A 231  47   640    56   2.9   6.3   3.8
E64A K62A 222  38   544    56   5.7   6.9   4.4
E64A L63A 212  30   590    56   1.6   6.6   9.7
E64A L65A 201  19   519    56   2.9   7.6   8.9
E64A LATQ 288 104   392    56   2.5   5.9   2.2
E64A  LMN 104 286   242    56   5.8   7.1   6.9
E64A MALY 100 283   353    56   2.1   4.6   5.3
E64A N62A 219  35   760    56   8.1   4.5   5.3
E64A QM16 184   4   135    56   5.1   6.9   8.6
E64A QM38 302 120   269    56   5.5   1.6   6.2
E64A QM50 309 126   364    28   9.2   4.1  19.6
E64A QMM5 352 171   497    34  10.1   7.9  18.1
E64A SHEY 105 290   476    56   5.2   1.6   7.1
E64A SUSY 112 294   201    56   4.9   4.2   5.3
E64A VLDQ 288 101   776    56   1.1   5.7   6.3
E64A  WES 213  31   527    56   5.2  12.3   7.8
E64A WODY 120 302   287    56   4.4   0.5  10.8
EDEY F57A 277  88   965    56   6.0   5.2   4.3
EDEY F60A 278  91   752    56   6.4  13.6  10.9
EDEY F64A 278  94   472    56   2.8  11.2   7.2
EDEY G57A 272  83   994    56   1.9   5.0   2.3
EDEY G59A 271  83   853    56   1.2   8.5   6.1
EDEY G61A 272  85   721    56   6.0   7.7   6.2
EDEY G62A 271  85   644    56   3.0   5.4   3.1
EDEY  GBN  93 274    63    56   1.5   3.8   3.1
EDEY  GGN 266  83   357    56   6.1   7.0  12.7
EDEY H61A 266  79   764    56   1.4  12.9  12.2
EDEY H62A 265  79   703    56   8.5   3.3   4.1
EDEY  HAL 229  48   134    56   3.7   8.1   9.1
EDEY HANN 280  96   350    56   4.0   8.3   6.6
EDEY HOLY 292 109   343    56   5.7   5.9   5.2
EDEY I57A 266  76  1069    39   6.8   1.6   7.4
EDEY I63A 260  74   672    56   1.8   1.7   3.3
EDEY I64A 256  71   604    56   8.9   1.6   6.0
EDEY J62A 255  69   796    56   9.1   5.7   9.9
EDEY K62A 252  65   852    56   7.7   2.3   8.2
EDEY L63A 245  59   848    56   3.9   3.2   4.6
EDEY LATQ 289 101   832    56   5.9   9.1   9.7
EDEY MALY 296 116    90    56   1.5   3.8   4.4
EDEY NATG 356 176   540    56   5.3   1.6   7.1
EDEY PLVO 273  83  1158    56   5.1   1.0   3.9
EDEY QM38 294 108   699    56   8.1   4.1   2.2
EDEY QM50 298 111   784    28   9.8   3.9   9.2
EDEY QM60 300 112   929    28   4.5   3.4   0.2
EDEY QMM5 324 139   770    34   3.0   1.8   7.2
EDEY SHEY 143 323    43    56   2.1   3.7   3.4
EDEY WODY 259  77   188    56   5.8   6.0   9.2
EMMW F60A 293 110   379    56   9.9   5.0  10.9
EMMW F62A 305 123   237    56   4.6   5.3   7.3
EMMW F64A 332 151   146    56  10.8   2.0   9.2
EMMW G57A 277  92   596    56   7.7  11.4  11.8
EMMW G59A 277  93   454    56   8.1   3.7   6.8
EMMW G62A 284 102   249    56   4.8   6.5   3.1
EMMW G63A 286 104   177    56   4.7   5.4   8.7
EMMW  GBN  78 263   475    56   4.6   7.9   8.5
EMMW  GGN  47 227    67    56   6.9   5.1   7.6
EMMW H61A 268  85   355    56  10.0   1.0   8.2
EMMW H63A 269  88   204    56   7.1   4.9   6.2
EMMW H65A 269  89    63    56   2.8   3.1   5.1
EMMW  HAL  90 273   307    56   0.6   1.7   3.8
EMMW HANN  22 203   141    56   6.5  10.0   9.5
EMMW HOLY  21 201   216    56   3.0   3.3   6.2
EMMW I57A 265  80   660    39   8.4   3.0   6.9
EMMW I62A 255  72   323    56   4.5   3.6   5.6
EMMW I63A 255  73   259    56   2.9  12.8   6.1
EMMW I64A 244  63   195    56  10.1   7.0  12.5
EMMW  ICQ   1 182   535    56   1.5   1.8   1.6
EMMW J59A 259  74   581    56   8.6   4.5   7.2
EMMW J62A 246  63   386    56   5.7   8.1   9.5
EMMW J63A 243  60   331    56   0.3   7.6   4.1
EMMW K60A 248  64   568    56   5.8   1.4   3.4
EMMW LATQ 308 124   508    56  17.2   5.4  21.5
EMMW MALY  68 251   344    56   7.4   7.4  10.9
EMMW N62A 232  48   646    56   1.4  11.8   5.5
EMMW PLVO 276  89   760    56   9.3   2.6   5.9
EMMW QM16 325 145    68    56   6.4   3.3   4.2
EMMW QM38 323 140   421    56  17.8   5.8  19.8
EMMW QM60 320 136   668    28  10.5   9.6  13.0
EMMW QMM5 352 171   690    34   4.8  17.7  12.7
EMMW SHEY  82 266   434    56   4.6   7.0  10.8
EMMW SUSY  54 236   195    56   5.8  14.0  10.2
EMMW VLDQ 300 112   880    56  13.2  11.7  16.9
EMMW  WES 232  49   405    56   2.6   6.8   3.2
EMMW WODY  78 260   225    56   3.9  11.7   6.6
F57A F60A  84 266   213    56   1.4   6.9   5.3
F57A F61A  85 268   288    56  10.2   1.1   7.4
F57A F62A  87 270   367    56   4.8   8.2  11.6
F57A F64A  87 272   493    56   4.4   8.6  10.7
F57A G57A 196  16    82    56   9.9   4.2   6.1
F57A G59A 124 305   144    56   0.1   3.4   1.8
F57A G62A 100 283   332    56   3.0  10.4   7.0
F57A G63A  99 283   404    56   3.8   7.5  11.0
F57A H62A 115 298   310    56   2.3   2.9   1.2
F57A H63A 108 291   387    56   3.5   6.2   7.4
F57A H64A 105 289   449    56   3.9   5.2   7.2
F57A H65A 101 286   521    56   5.0   1.8   7.5
F57A HOLY  80 266   640    56   1.5  12.1   7.1
F57A I57A 200  20   222    39   5.5  10.8   9.7
F57A I60A 153 334   245    50  12.8  11.2  13.2
F57A I62A 128 310   342    56   1.5   9.6   9.9
F57A I63A 120 303   379    56   4.0   5.7   5.4
F57A I64A 116 300   452    56   4.6   8.1   7.5
F57A J59A 177 357   261    56   6.0   8.2  12.8
F57A J62A 140 322   367    56   5.7  10.5  11.7
F57A J63A 133 316   402    56   9.7  12.5  12.8
F57A JOSY 101 287   705    28  10.8  17.7  25.5
F57A K60A 169 350   361    56   7.1  10.3  17.7
F57A K62A 150 332   401    56   6.8  13.3  10.4
F57A L63A 149 332   504    56   6.4  10.9  12.3
F57A L65A 137 320   562    56   4.1   2.6   1.5
F57A LATQ  39 221   228    56   3.9   7.8   7.3
F57A LSQQ 335 154   400    56   9.9   7.3  12.1
F57A M66A 142 325   626    56   1.1   2.7   3.1
F57A N62A 169 350   551    56   3.3   7.7   6.4
F57A NATG  56 245  1014    56   3.3   8.0   8.8
F57A PLVO 246  64   205    56   6.9   5.3   6.5
F57A QM38  53 236   359    56   8.9  11.1  10.7
F57A QM50  37 220   369    28   5.4   7.8   1.3
F57A QMM5  36 220   710    34   4.7   7.3   5.8
F57A VLDQ 320 137   352    56  11.7   4.3  12.4
F57A  WES 143 326   467    56   7.7  10.6  18.7
F60A F61A  89 270    74    56   4.8   2.0   7.6
F60A F62A  92 274   154    56   7.1   0.2   3.4
F60A F64A  91 274   280    56   2.2   5.1   3.0
F60A G57A 249  67   256    56   4.5   9.1  11.3
F60A G59A 225  44   138    56   0.7  11.9   4.6
F60A G61A 156 337    83    56   6.0  11.8   8.3
F60A G62A 126 307   139    56   5.1   9.4   7.7
F60A G63A 117 298   205    56   6.9   5.0  10.0
F60A H61A 179 359   161    56  10.6  13.3  12.6
F60A H62A 158 338   167    56  12.2   7.9  13.1
F60A H63A 133 315   209    56   6.6  15.2  10.8
F60A H64A 124 306   260    56   3.9   7.8   8.9
F60A H65A 115 297   323    56   3.6  10.9   7.2
F60A  HAL 100 286   672    56   9.4   5.1   4.7
F60A HANN  90 273   402    56   6.6   8.2  11.6
F60A I60A 205  24   259    50   1.9   0.6   1.0
F60A I62A 168 348   238    56  15.0  12.4  15.5
F60A I63A 153 334   239    56   6.0  13.5   9.8
F60A I64A 140 322   292    56  11.8   6.9  13.3
F60A  ICQ  40 223   528    56  14.6   7.4  16.3
F60A J62A 178 358   305    56   5.3   9.3  13.5
F60A J63A 167 347   307    56  11.0   6.2   8.5
F60A JOSY 110 294   504    28   4.2   3.0   6.6
F60A L63A 176 357   457    56   3.7   4.4   8.4
F60A L65A 160 341   463    56   6.8  12.4   9.6
F60A LATQ 338 158   170    56   8.8  13.5  12.0
F60A  LMN  89 274   554    56   5.4   7.0  10.8
F60A LSQQ 314 130   511    56  11.1  11.2  11.8
F60A M66A 164 345   543    56   8.0   4.3   8.1
F60A N62A 193  12   573    56   7.3   8.8  10.7
F60A PLVO 257  74   413    56   5.6   6.6   6.3
F60A QM50   5 185   272    28   8.5  12.2  11.3
F60A QM60 344 163   371    28   8.9  15.1  12.3
F60A QMM5  22 204   590    34   6.2   5.4  10.8
F60A VLDQ 301 117   505    56   6.6   8.1  14.5
F60A  WES 173 353   401    56   8.7   8.2  11.4
F61A F62A  96 277    80    56   3.6   5.0   5.0
F61A G57A 254  71   327    56   3.8   3.8   8.5
F61A G61A 209  28    87    56   6.8   4.6   5.6
F61A G62A 157 337    91    56   6.2   9.4   7.8
F61A G63A 131 312   144    56   7.4   6.5  10.6
F61A  GBN  91 278   741    56  12.1   1.9  12.7
F61A  GGN 105 288   338    56   4.4   4.6   5.8
F61A H61A 205  24   177    56   1.8   4.5   3.6
F61A H62A 185   5   156    56   6.0   5.5   8.3
F61A H63A 152 333   164    56   4.4  10.4   8.6
F61A H64A 136 317   203    56   6.8  10.4   8.7
F61A H65A 122 304   258    56   4.1   0.0   6.3
F61A  HAL 102 287   599    56   6.5   0.7   6.8
F61A HANN  90 273   328    56   1.1   2.9   4.3
F61A HOLY  78 262   354    56   0.2  12.3   8.3
F61A I62A 187   7   235    56   9.1   5.0   7.0
F61A I63A 171 352   216    56   5.4  15.8  10.9
F61A I64A 154 335   252    56   7.5   2.6   9.9
F61A  ICQ  34 217   483    56   5.2   4.4  12.2
F61A J59A 226  44   394    56   9.2   3.8  10.7
F61A J62A 192  12   312    56   7.7  10.6  10.9
F61A JOSY 114 298   435    28  11.7   5.7  11.5
F61A K60A 213  31   439    56   4.0   2.9   8.4
F61A L63A 186   6   459    56   7.2   6.7  12.0
F61A L65A 170 351   445    56   7.3  11.2  10.3
F61A LATQ 319 138   208    56  10.1   8.6  10.4
F61A LSQQ 309 125   566    56   3.3   5.2   2.0
F61A M66A 172 353   528    56   7.8  10.5  11.6
F61A MALY  89 275   593    56   2.5   5.9   7.8
F61A NATG  49 235   774    56  11.2   9.4   9.4
F61A PLVO 260  76   486    56   2.5   7.3   7.1
F61A QM16 109 291   252    56   7.4   5.3   7.9
F61A QM38   3 183   189    56   9.7   6.7  11.2
F61A QM50 350 169   275    28  11.3  10.1  14.6
F61A QM60 334 153   396    28  11.8   2.2  11.4
F61A SHEY  94 281   709    56   5.1  10.2  11.2
F61A SUSY  92 276   433    56   4.4   0.6   3.3
F61A  WES 184   4   400    56  10.0   7.8   9.8
F61A WODY  99 283   504    56   2.6   1.3   0.0
F62A F64A  91 272   126    56   4.5   4.8   9.8
F62A G59A 251  69   267    56   5.1   2.5   4.6
F62A G61A 241  60   140    56   2.8  10.7   6.9
F62A G62A 211  30    87    56   7.2   6.0   6.8
F62A G63A 163 343    91    56   7.0   8.5   9.5
F62A  GBN  92 278   661    56   6.6   6.7   8.3
F62A H61A 226  45   217    56   8.3  10.0   9.7
F62A H62A 213  32   174    56   3.1   2.7   4.2
F62A H63A 182   2   137    56   6.0   9.0   9.3
F62A H64A 157 338   151    56   6.8   8.7  12.0
F62A H65A 134 315   190    56   7.6  10.3  10.0
F62A  HAL 103 288   519    56   6.1   3.6   1.8
F62A HOLY  74 257   279    56   2.4   8.2   8.1
F62A I60A 230  48   348    50   4.9  11.1  14.2
F62A I62A 206  25   249    56   3.7   9.3   9.5
F62A I64A 173 353   221    56   4.4   7.1  10.2
F62A J63A 197  16   304    56   3.7   3.5   8.3
F62A JOSY 119 302   360    28  13.2   4.8   4.9
F62A K60A 222  39   480    56   6.2   7.2  10.3
F62A K62A 208  26   402    56   1.7   7.6   6.2
F62A L65A 181   1   430    56   8.8   6.1   6.1
F62A LATQ 308 126   272    56   9.8   3.5   7.0
F62A  LMN  89 273   401    56   8.0   6.4   5.3
F62A MALY  89 274   514    56   0.3   8.4   8.1
F62A N62A 208  26   620    56   7.1  12.3   8.9
F62A NATG  45 230   722    56  10.4   3.9   4.4
F62A PLVO 263  78   564    56   8.2   6.7   8.8
F62A QM16 115 297   175    56   2.8   3.1   4.0
F62A QM38 341 161   209    56   7.4  11.7  15.0
F62A QM50 336 155   307    28   9.9   2.2   9.4
F62A QM60 326 144   443    28   4.6   7.2  11.2
F62A  WES 196  15   405    56   0.6   3.0   1.7
F64A G57A 263  78   525    56   1.2   4.1   2.5
F64A G59A 259  75   388    56   2.6   2.8   6.1
F64A G61A 257  74   256    56   6.7   1.3   5.3
F64A G62A 248  66   185    56   8.4   7.9  17.4
F64A G63A 230  50   129    56  10.6   2.8   5.6
F64A  GBN  93 278   535    56   7.2   1.9   2.1
F64A  GGN 125 306   144    56   5.4   3.7   6.5
F64A H61A 243  61   318    56   5.6   1.9   8.0
F64A H62A 238  56   263    56   4.9   4.7   9.5
F64A H64A 207  26   152    56   7.2   5.5   6.3
F64A H65A 176 356   130    56   3.3   7.3   5.6
F64A HANN  88 270   123    56   3.0   4.7   8.0
F64A HOLY  62 244   163    56   6.4   4.6   8.5
F64A I60A 242  58   450    50   5.6   4.0   5.8
F64A I62A 228  46   323    56   6.6   6.7   7.5
F64A I64A 206  25   239    56   2.0   6.1   5.1
F64A  ICQ  11 192   415    56   7.1   8.0   7.2
F64A J62A 224  42   402    56   3.3   1.4   2.1
F64A JOSY 133 315   256    28   3.4   4.3   8.1
F64A K60A 233  49   571    56   0.1   5.4   3.0
F64A L65A 198  17   447    56   5.8   8.0   9.4
F64A LATQ 298 115   379    56   9.3   7.2  11.2
F64A  LMN  89 271   275    56   1.7   4.9   6.2
F64A LSQQ 302 115   741    56   6.7   5.3   5.7
F64A M66A 196  15   531    56   3.1  13.7  10.5
F64A NATG  38 222   642    56   7.8   0.3   3.0
F64A QM16 157 337    79    56   2.0   8.1   5.0
F64A QM38 317 136   278    56  12.7   1.4   6.4
F64A QM60 316 133   525    28   7.4   1.6   3.9
F64A QMM5 357 176   555    34   1.6   7.3  10.6
F64A SHEY  97 282   504    56   2.0   4.4   9.1
F64A SUSY  93 275   227    56   2.3   0.7   1.9
F64A VLDQ 293 106   760    56   0.5   7.6   6.3
G57A G62A  86 269   350    56   3.2   6.1   6.6
G57A H62A 100 282   308    56   4.2   4.3   3.6
G57A H64A  94 278   458    56   6.7   6.6   6.7
G57A H65A  92 277   534    56   9.6   7.0   9.4
G57A HANN  79 265   648    56   0.9  13.7   5.7
G57A HOLY  74 260   681    56   8.3  10.6   5.0
G57A I57A 203  22   140    39   5.8   5.5   6.7
G57A I60A 135 317   194    50   8.3  10.1  12.0
G57A I63A 107 290   369    56   2.5   9.5   8.9
G57A I64A 105 289   445    56   1.7   3.7   7.1
G57A  ICQ  47 233   762    56   6.8   0.4   5.3
G57A J59A 168 348   186    56   6.1  10.5  10.3
G57A J62A 128 311   328    56   7.4   7.2   9.5
G57A JOSY  94 281   717    28   7.7   4.9   1.7
G57A K60A 162 343   290    56  14.4   9.2  13.1
G57A K62A 140 322   350    56   6.2   3.2   5.0
G57A L63A 142 324   452    56   3.4   7.6  11.5
G57A LATQ  33 215   305    56   7.3   4.8   7.1
G57A  LMN  80 268   800    56   1.0   2.5   2.1
G57A LSQQ 342 160   465    56  11.1  16.8  15.1
G57A N62A 165 346   480    56  11.3  15.0  16.8
G57A NATG  53 242  1078    56   9.3   4.4   9.4
G57A PLVO 268  87   165    56   9.8   7.3   9.7
G57A QM16  86 271   553    56  10.5   1.0   5.8
G57A QM38  47 230   427    56   8.2   6.2   9.6
G57A QM50  33 216   446    28   8.1   9.6  14.3
G57A QM60  15 196   469    28   7.0   7.1  11.7
G57A QMM5  34 218   787    34   1.8   2.7   2.1
G57A SHEY  85 274  1022    56   4.4   3.5   3.8
G57A SUSY  81 268   751    56   6.8   3.0   6.4
G57A VLDQ 329 147   403    56  12.8  13.7  20.4
G57A  WES 134 317   422    56   8.8  10.2   8.2
G59A G61A  80 261   132    56   1.5   3.6   3.5
G59A G62A  85 267   209    56   5.9   5.5   7.7
G59A  GBN  84 272   916    56   8.1   3.6   8.2
G59A  GGN  87 272   499    56   0.8   6.3   1.0
G59A H61A 122 302   117    56   5.2   4.4   4.8
G59A H63A 100 282   253    56   5.7   0.8   4.2
G59A I57A 238  56   234    39   5.4  11.3  15.5
G59A I60A 184   4   138    50   6.0   3.6   5.5
G59A I63A 118 300   236    56   1.1   4.0   3.3
G59A  ICQ  40 224   666    56   6.3  10.2   5.1
G59A J62A 152 332   233    56   6.0   9.5  11.7
G59A K62A 164 345   279    56  11.3   5.6   9.3
G59A L63A 160 341   379    56   5.9   5.5  12.1
G59A L65A 142 324   423    56  10.5   3.3   4.7
G59A LATQ   7 187   258    56   7.5   7.8  10.8
G59A  LMN  80 266   660    56   9.3   3.4   6.7
G59A LSQQ 328 145   528    56   2.0   2.2   8.1
G59A N62A 183   3   462    56   7.9   5.1   4.3
G59A NATG  50 237   969    56   2.2   2.0   2.2
G59A PLVO 271  88   307    56   7.9   1.7   8.6
G59A QM38  31 213   339    56   3.7   3.7   3.1
G59A QMM5  25 209   719    34   9.5   2.6  10.6
G59A SUSY  81 266   611    56   5.3   4.4   3.8
G59A VLDQ 316 133   492    56   5.2   3.2   6.8
G59A  WES 153 334   335    56   9.1  11.4  10.8
G61A G62A  95 276    78    56   2.7   8.7   4.9
G61A G63A  96 278   151    56   2.9   3.9   3.4
G61A H61A 201  20    90    56   6.1   5.1   5.6
G61A H62A 159 340    84    56   7.0   5.8   6.4
G61A H64A 111 292   195    56   0.3   3.9   1.5
G61A H65A 103 285   267    56   6.3   3.7   5.1
G61A HANN  78 262   377    56   2.9   4.4   4.5
G61A I57A 247  64   360    39   7.1   0.7   3.5
G61A I60A 222  41   213    50   3.0   2.1   4.1
G61A I62A 174 355   157    56  15.5   8.4  13.4
G61A I63A 151 332   156    56   3.9   8.0   6.6
G61A I64A 135 316   213    56   0.2  17.3   6.5
G61A  ICQ  33 216   570    56   6.4   3.2   5.3
G61A J62A 186   6   230    56   7.7   6.2   9.0
G61A J63A 171 351   225    56   8.7   9.3  15.4
G61A K60A 213  32   352    56   5.4   3.8  10.7
G61A K62A 191  11   296    56  10.7   2.9   6.0
G61A L63A 181   1   380    56   6.7  10.6  10.7
G61A L65A 161 342   380    56  13.8   8.7  16.9
G61A LATQ 338 157   253    56  12.4   9.0  12.6
G61A LSQQ 317 133   589    56  12.4   6.6  10.5
G61A MALY  82 268   641    56   0.3   3.8   2.1
G61A N62A 199  17   509    56   3.8   3.2   2.7
G61A NATG  46 233   857    56   0.9   0.1   0.6
G61A QM16  90 273   281    56   1.8   2.2   3.0
G61A QM38  11 191   271    56   8.0   8.8   8.5
G61A QM50 358 178   348    28  12.3  20.1  19.2
G61A QM60 343 162   453    28  17.9   7.3  12.1
G61A SHEY  88 275   749    56   4.3   8.1   1.2
G61A SUSY  82 266   479    56   4.3   4.7   1.3
G61A  WES 177 357   322    56   3.5   6.7   8.4
G61A WODY  90 275   540    56   2.5   2.0   7.4
G62A G63A  99 279    73    56   8.5   6.1   9.6
G62A H61A 235  55   135    56   9.8  13.3  15.2
G62A H62A 215  34    87    56   5.1   3.9   4.7
G62A H63A 147 328    73    56   7.0   7.1   7.8
G62A H64A 121 302   122    56   4.5   4.9   5.5
G62A H65A 107 289   189    56   4.4   2.6   3.7
G62A HANN  75 257   303    56   4.9   4.3   8.2
G62A HOLY  64 247   348    56   7.3  12.0  10.5
G62A I60A 236  54   267    50   0.2   4.0   2.9
G62A I62A 203  23   162    56   1.9   7.0   9.8
G62A I63A 182   2   130    56   4.8   5.4   6.5
G62A I64A 153 334   161    56   6.7   9.9   8.0
G62A J62A 205  24   244    56   6.2   2.6  10.1
G62A J63A 192  11   220    56   7.5   4.3   5.4
G62A JOSY 105 288   373    28   8.5   3.9   8.8
G62A K60A 224  42   395    56   3.6   2.5   4.4
G62A K62A 206  25   315    56   4.7   4.3   8.4
G62A L63A 194  13   383    56   5.2   1.6   7.5
G62A LATQ 325 143   297    56   9.1   7.0  12.3
G62A  LMN  79 263   453    56   4.0   7.6   6.7
G62A LSQQ 313 129   649    56  13.4   4.5   7.8
G62A M66A 176 356   441    56   1.7   7.4   2.0
G62A MALY  81 266   564    56   0.7   6.5   4.5
G62A N62A 208  26   533    56   3.2   7.7   6.2
G62A NATG  43 229   807    56   6.5   7.9   9.7
G62A PLVO 270  85   515    56  12.7   4.6   8.7
G62A QM38 355 175   274    56   5.0   7.0   5.7
G62A QM50 347 166   365    28  17.8   7.2  17.9
G62A QMM5  11 192   639    34   6.7   3.2   1.3
G62A SHEY  88 274   672    56   1.9   5.0   6.3
G62A SUSY  80 264   403    56   2.0   7.9   5.7
G62A VLDQ 303 118   643    56   2.9   7.3   3.5
G62A  WES 192  11   321    56  10.9  11.8  13.8
G62A WODY  90 274   462    56   0.2   2.8   6.1
G63A  GBN  84 270   637    56   4.2   1.9   3.2
G63A H61A 251  69   194    56   7.0   8.8  10.6
G63A H62A 244  63   136    56   4.6   0.6   4.3
G63A H63A 213  33    60    56   2.7   8.5   5.7
G63A H64A 149 329    61    56   5.8   3.6   5.3
G63A H65A 113 294   118    56   3.4   7.3   7.7
G63A  HAL  94 278   479    56   2.6   5.7   5.7
G63A HANN  68 250   239    56   5.4   7.8   6.7
G63A HOLY  56 239   291    56   4.2   2.0   7.5
G63A I60A 246  63   325    50   2.7   3.2   6.2
G63A I62A 225  44   194    56   1.0   7.0   9.4
G63A I63A 213  33   141    56   5.2   3.2   6.8
G63A I64A 181   1   133    56   5.4   9.6   7.5
G63A J59A 247  63   431    56   4.6   3.1   5.3
G63A J62A 221  39   274    56   1.4   4.9   9.8
G63A J63A 210  29   235    56   3.4   6.9   5.4
G63A K60A 233  50   441    56  10.9   7.3   9.7
G63A K62A 219  37   344    56   7.3   9.5  10.3
G63A L65A 186   6   345    56   6.6   2.3   4.8
G63A LATQ 317 135   351    56  11.3  10.3  13.9
G63A  LMN  76 259   385    56   2.1   5.0   3.8
G63A LSQQ 311 125   710    56   5.8   4.4   2.1
G63A PLVO 272  87   587    56   3.6   1.7   2.0
G63A QM16  85 266   132    56   4.0   0.8   6.4
G63A QM38 342 161   300    56   8.7  13.5  14.1
G63A QM50 338 156   398    28   8.2  14.5  12.6
G63A QMM5   5 186   640    34   0.3   3.5   3.5
G63A SHEY  87 273   600    56   6.1   1.0   3.8
G63A SUSY  77 260   334    56   0.3   6.3   4.9
G63A VLDQ 302 116   710    56   3.3   7.5   6.3
G63A  WES 205  24   333    56   8.5   4.2   9.1
G63A WODY  89 272   390    56   3.1   5.5   7.4
 GBN  GGN 267  84   419    56   8.0   7.0   8.8
 GBN H63A 266  80   676    56   6.6   8.1   7.3
 GBN H64A 265  79   613    56   2.9   2.3   7.8
 GBN  HAL 243  62   185    56   1.7   4.3   3.0
 GBN HANN 279  95   413    56   5.4   6.5   9.2
 GBN HOLY 290 106   403    56   5.7   0.3   4.5
 GBN I60A 264  75   950    50   2.7  10.5  12.3
 GBN I62A 261  74   797    56   9.8   3.1   8.5
 GBN I63A 261  75   734    56   6.0   4.4   2.4
 GBN  ICQ 319 134   630    56   4.8   0.4   4.2
 GBN J59A 263  74  1055    56   6.6   7.6   7.6
 GBN J62A 257  70   856    56   6.5   4.9   8.8
 GBN JOSY 252  69   378    28   0.7   8.4   4.6
 GBN L63A 248  61   904    56   5.7  11.9  11.2
 GBN LATQ 288 100   893    56   6.1   3.0   1.0
 GBN  LMN 282 100   262    56   5.9   3.4   5.0
 GBN LSQQ 295 103  1237    56   3.7   9.4   6.8
 GBN M66A 240  54   837    56   0.9   2.1   1.0
 GBN MALY 287 106   150    56   6.0   5.3   4.4
 GBN NATG 350 169   551    56  12.2   3.5  10.6
 GBN PLVO 274  83  1221    56   1.9  10.7   7.8
 GBN QM50 297 110   841    28   8.9   5.3   4.1
 GBN SHEY 231  50    48    56   5.0   5.7   6.8
 GBN  WES 250  64   856    56   1.2   0.7   0.0
 GBN WODY 263  81   250    56   4.8   3.4   4.0
 GGN H61A 262  79   408    56   6.6   2.7   2.9
 GGN  HAL 101 283   262    56   5.0   4.9   4.2
 GGN HANN   4 184    85    56   3.7   4.7   3.8
 GGN HOLY  10 191   159    56   8.2   5.7   7.2
 GGN I62A 250  67   383    56   7.3   5.4  10.6
 GGN I63A 250  67   320    56   8.6   8.7  11.2
 GGN  ICQ 356 176   491    56   8.8  13.6  14.5
 GGN J59A 256  71   638    56   9.5   4.8   7.1
 GGN J62A 244  60   450    56   2.4   1.6   7.9
 GGN JOSY 145 326   116    28   3.4  11.7   6.7
 GGN K60A 246  61   631    56  12.7   2.6   7.8
 GGN K62A 240  56   512    56   0.1   0.3   1.5
 GGN L65A 218  36   430    56   1.8   5.3   8.3
 GGN  LMN  62 244   179    56   6.4   3.4   6.6
 GGN MALY  73 256   283    56   3.2   3.2   6.3
 GGN QM16 277  96    88    56   4.4   4.4   4.6
 GGN QM38 314 131   419    56   4.8   2.0   7.0
 GGN QM50 317 133   519    28   3.7   1.6   5.1
 GGN QMM5 348 166   653    34   4.2   5.7  10.6
 GGN SUSY  58 239   129    56   4.2   4.9   5.3
 GGN VLDQ 296 108   902    56   4.8   2.4   7.0
H61A H63A  84 265   151    56   2.9   3.9   3.2
H61A H64A  86 267   215    56   1.9   2.5   3.7
H61A  HAL  86 272   662    56   2.9   0.5   4.3
H61A HOLY  61 244   481    56   7.4   1.6   1.8
H61A I57A 259  76   305    39   1.8   3.6   2.5
H61A I60A 236  55   133    50   3.1   2.7   1.9
H61A I62A 147 327    86    56   9.0   5.5   8.0
H61A I63A 116 297   120    56   1.2   4.9   5.7
H61A  ICQ  31 214   659    56   6.1   3.6   6.4
H61A J59A 241  59   238    56   5.3   0.8   7.0
H61A J62A 176 356   144    56   7.8   6.4   8.7
H61A J63A 153 334   154    56   2.8   8.1  10.4
H61A K62A 187   7   208    56   3.9   6.4   7.2
H61A L63A 175 355   297    56  11.5   5.9   9.0
H61A L65A 151 332   316    56   8.7   6.4  15.7
H61A LATQ 349 168   325    56   8.7   9.3  10.9
H61A LSQQ 324 141   634    56   5.1   0.2   6.4
H61A M66A 157 339   391    56   8.2   9.7  13.6
H61A N62A 198  17   419    56   1.4   7.8   6.9
H61A PLVO 280  96   411    56   1.8  11.8   8.4
H61A QM16  75 258   323    56  12.3   0.2   3.0
H61A QM38  13 194   360    56   6.1   7.0   8.5
H61A QM50   3 183   432    28  11.6  10.6  15.9
H61A QM60 349 168   527    28   6.6  11.4  12.4
H61A SHEY  82 269   789    56   3.8   8.8   8.1
H61A SUSY  73 258   528    56   1.3  10.8   5.1
H61A VLDQ 314 130   606    56   8.2   3.7   6.5
H61A  WES 168 349   243    56   7.3   6.1   6.6
H61A WODY  81 266   578    56   2.0   5.0   8.5
H62A H63A  83 264    89    56   7.7   4.2   7.6
H62A H64A  87 268   154    56   6.0   7.4   7.1
H62A  HAL  87 272   600    56   5.7   1.6   3.4
H62A HANN  66 249   374    56   7.9   4.8   8.4
H62A I60A 245  64   189    50   5.0   4.8   5.3
H62A I62A 191  10    79    56   5.5   6.1   5.9
H62A I63A 142 322    74    56   5.5   3.4   6.0
H62A J59A 246  64   295    56   9.4   1.9   5.0
H62A J62A 200  19   159    56   8.0   5.9   6.9
H62A J63A 177 358   144    56   6.7   9.1   8.9
H62A K62A 203  22   229    56   3.7   1.9   5.8
H62A L63A 187   7   303    56   5.9  10.5   6.6
H62A L65A 162 343   297    56   8.4   8.6   9.4
H62A LATQ 339 157   337    56  14.7  10.5  13.4
H62A M66A 167 348   378    56   9.0   2.8   5.5
H62A N62A 206  24   447    56   4.7   2.2   0.8
H62A NATG  42 228   893    56   1.2   0.7   1.6
H62A PLVO 278  94   471    56   8.0   2.0   4.9
H62A QM38   4 184   345    56  12.7   5.4   9.1
H62A QM50 355 175   428    28   9.6   6.2  15.2
H62A QM60 343 161   537    28  18.3   1.1   7.8
H62A SUSY  72 256   468    56   9.5   6.5  10.3
H62A VLDQ 311 126   647    56  10.3  10.7   9.3
H62A  WES 183   3   244    56   4.9  14.3  13.3
H63A H64A  92 272    65    56   2.4   5.7   7.5
H63A H65A  88 269   142    56   5.7   6.3   6.9
H63A  HAL  88 273   511    56   0.8   4.4   3.5
H63A HOLY  52 235   347    56   2.2   1.4   1.8
H63A I57A 262  78   456    39   3.8   4.9   9.6
H63A I62A 230  49   136    56   0.8   8.4   4.6
H63A I63A 213  32    81    56   6.5   2.1   3.8
H63A I64A 159 339    88    56   5.8   7.8   7.6
H63A J59A 251  68   382    56   4.1  12.0   9.6
H63A J62A 222  41   214    56   2.3   6.4   4.4
H63A J63A 209  28   175    56   3.3   9.6   6.9
H63A JOSY  96 279   323    28   3.6   0.0  10.4
H63A K60A 235  53   385    56   1.3   2.4   2.0
H63A L65A 180   0   292    56   1.7   7.8   4.4
H63A LATQ 326 144   370    56   8.6   1.0   5.3
H63A  LMN  70 254   431    56   3.5   6.0   4.8
H63A MALY  74 259   539    56   1.1   2.2   1.6
H63A QM16  69 250   175    56   3.0   5.1   3.1
H63A QM38 350 169   341    56   4.8  12.5   8.4
H63A QM50 344 163   435    28   7.4   4.8  13.9
H63A QM60 335 152   560    28   8.9   5.8   2.8
H63A QMM5   7 188   694    34  11.0  13.6  17.2
H63A SUSY  70 254   380    56   7.9   6.6   7.9
H63A  WES 203  22   273    56   2.5   5.6   4.2
H63A WODY  82 265   427    56  16.9   3.6   8.0
H64A H65A  85 266    77    56   2.5   4.6   6.6
H64A  HAL  88 272   447    56  11.4   5.4   7.3
H64A HANN  54 235   237    56   3.6   8.9   8.5
H64A HOLY  45 227   300    56   7.6   3.9   7.3
H64A I62A 244  63   189    56   9.3   4.8  12.9
H64A I63A 239  58   127    56   3.0   2.8   3.6
H64A I64A 203  22    87    56   4.1   4.7   5.5
H64A  ICQ  15 196   562    56   8.1   6.8  10.1
H64A J63A 225  44   212    56   2.7   2.6   2.7
H64A K60A 241  58   439    56   4.1   8.5   8.9
H64A L63A 213  31   365    56   2.9   7.1   7.9
H64A LATQ 319 137   411    56   2.7   0.6   3.1
H64A  LMN  67 250   372    56  10.1   2.2   7.3
H64A M66A 192  11   383    56   8.2   4.9  10.3
H64A MALY  72 257   478    56   1.3   4.3  13.4
H64A N62A 222  39   539    56   8.6   3.7   9.8
H64A PLVO 277  91   622    56   8.4   5.3   8.9
H64A QM38 340 159   360    56   5.0   6.3   9.6
H64A QMM5   2 183   690    34   3.3   5.2   1.8
H64A SHEY  82 267   574    56   4.2   4.5   6.3
H64A SUSY  67 249   321    56   8.5   4.0  10.6
H64A VLDQ 304 118   765    56  13.1  12.6  16.0
H64A  WES 215  33   303    56   1.9   1.1   0.9
H65A  HAL  89 273   369    56   1.7   2.9   6.8
H65A HANN  41 222   176    56   4.4   5.4   6.6
H65A I57A 264  79   597    39   8.3   5.7  11.3
H65A I60A 259  75   414    50   5.2   3.0   2.9
H65A I62A 251  69   263    56   4.7   6.2   9.6
H65A I64A 233  52   140    56   1.5   2.5   2.5
H65A J62A 242  59   329    56   3.6   1.3   0.7
H65A J63A 236  54   276    56   2.8   1.3   2.0
H65A JOSY 104 286   184    28  19.3  13.0  15.4
H65A K60A 245  61   510    56   7.5   0.0   2.9
H65A L63A 222  40   417    56   4.1  10.3  14.1
H65A L65A 207  26   330    56   9.2   5.8  10.9
H65A LATQ 312 129   461    56   7.0   3.2  10.9
H65A LSQQ 309 123   823    56   3.3   4.7   4.4
H65A N62A 227  44   597    56   3.0   3.0   5.2
H65A PLVO 276  90   698    56  10.6   4.8  14.3
H65A QM16  22 202    62    56   5.6   7.8   7.2
H65A QM38 330 148   387    56  13.1   0.8   6.2
H65A QM50 329 146   489    28   8.7   6.2   9.4
H65A QMM5 357 176   685    34   1.8  16.1   9.3
H65A SHEY  82 267   497    56   6.0   1.8   7.4
H65A  WES 225  43   357    56  10.7   7.6   8.8
 HAL HANN 300 118   285    56   6.6   4.5  11.3
 HAL HOLY 314 132   307    56  10.1   8.3  10.6
 HAL I57A 270  81   966    39   0.2   4.8   3.3
 HAL I60A 267  80   779    50   1.3   5.3   4.4
 HAL I62A 265  80   624    56   3.2   0.7   0.7
 HAL I63A 266  81   561    56   9.3   3.5  11.3
 HAL I64A 263  79   489    56   8.8   1.0   7.7
 HAL J62A 260  74   678    56   1.7   5.9   7.7
 HAL J63A 259  73   619    56   6.7   1.1   3.4
 HAL JOSY 259  77   197    28   7.7   3.5   6.6
 HAL K62A 256  70   731    56   0.8   0.9   4.6
 HAL L63A 247  62   720    56   3.2   6.4   4.8
 HAL LATQ 296 110   774    56   2.6   4.5   6.7
 HAL  LMN 325 144   165    56   8.1   6.4  14.4
 HAL LSQQ 300 111  1131    56   7.7   5.0   6.5
 HAL M66A 237  53   652    56   7.7   0.4   0.9
 HAL MALY   8 188   130    56   1.4   5.6   3.3
 HAL N62A 246  60   906    56   4.2   1.2   7.5
 HAL QM38 304 118   654    56   9.0   9.0   7.3
 HAL QM50 307 121   747    28  14.0   1.3  13.2
 HAL QMM5 332 149   792    34   7.0   1.3   7.5
 HAL SHEY  66 247   138    56   5.5   4.8   7.3
 HAL SUSY 310 129   188    56   9.8   8.8  12.0
 HAL VLDQ 295 105  1156    56   5.4   5.0   9.3
 HAL  WES 251  66   673    56   7.2  13.7  11.6
 HAL WODY 302 121    99    56   9.2   1.7   6.7
HANN HOLY  18 198    75    56   9.5   6.3   8.2
HANN I57A 256  70   734    39  11.7   2.7   5.8
HANN I60A 249  64   563    50  16.5   0.6   8.3
HANN I62A 240  57   424    56   1.3   7.3   2.2
HANN I64A 227  45   314    56   4.0   8.9   7.0
HANN  ICQ 355 174   407    56   8.2  13.0  16.1
HANN J62A 235  52   498    56   9.2   5.2   7.6
HANN JOSY 161 342   189    28   9.4  13.0  15.4
HANN K62A 233  49   564    56   2.6   5.6   3.2
HANN LSQQ 298 111   846    56   3.3   3.7   7.8
HANN M66A 209  27   581    56   6.0   2.5   5.3
HANN N62A 227  42   772    56   6.1   0.7   7.2
HANN NATG  30 213   572    56   6.0   3.3   5.3
HANN PLVO 267  80   811    56   5.2   3.1   9.4
HANN QM38 304 121   370    56   6.0   5.1   8.8
HANN QM50 309 125   465    28   3.9   5.3   8.9
HANN QM60 309 124   615    28   4.9   3.1   8.0
HANN QMM5 345 164   572    34   3.8   8.4   9.1
HANN SHEY 101 284   383    56   2.6   7.1   6.1
HANN VLDQ 291 103   873    56   4.7   2.0   4.8
HANN WODY 117 299   186    56   2.7   9.5   7.6
HOLY I62A 234  51   483    56   3.5   5.1   4.1
HOLY I63A 231  48   424    56   5.7   4.0   5.4
HOLY  ICQ 350 169   339    56   2.6  10.5   8.6
HOLY J62A 231  47   559    56   4.0   0.2   1.4
HOLY JOSY 172 352   254    28   9.0   9.3  14.8
HOLY K60A 236  51   732    56   5.8   9.2   9.1
HOLY LSQQ 293 106   836    56   3.4   5.0   8.7
HOLY MALY 108 290   254    56   0.1   3.6   2.6
HOLY NATG  32 214   498    56   7.7   1.7   9.8
HOLY QM50 300 116   444    28  16.1   4.4  13.3
HOLY QM60 302 117   592    28   1.9   0.7   3.2
HOLY QMM5 341 159   510    34   4.2   0.7  10.0
HOLY SUSY 138 319   120    56   5.4   8.6   7.6
HOLY VLDQ 286  98   872    56   8.8   9.4   8.3
HOLY WODY 138 319   212    56   5.0   4.5   5.6
I57A I60A  92 274   191    33   0.4   3.2   2.9
I57A I62A  90 273   347    39   4.3   0.3   6.7
I57A J59A 119 300   107    39   5.8  11.2   8.6
I57A J62A 103 286   321    39   4.5  12.1  16.5
I57A K60A 135 316   205    39  12.0  14.7  16.6
I57A K62A 116 298   312    39   2.6   6.2   8.1
I57A LSQQ 350 169   578    39  14.4   6.3   9.8
I57A M66A 121 305   542    39   5.1   8.8  13.3
I57A N62A 151 332   380    39  10.4  11.4  13.5
I57A PLVO 318 137   166    39   8.8  11.8  15.6
I57A QM16  74 260   628    39   2.4   4.8   4.3
I57A QM38  40 224   559    39   5.9   4.1   5.6
I57A VLDQ 342 160   500    39   2.3   9.7   7.6
I57A  WES 115 298   393    39   3.4   8.6   7.9
I57A WODY  78 265   883    39   0.7   4.2   3.5
I60A I62A  88 269   157    50   0.8   5.4   3.1
I60A  ICQ  34 218   781    50   4.1   1.0   8.6
I60A J59A 247  66   107    50   0.9   5.2   7.5
I60A J62A 119 300   138    50   5.2   4.9   5.6
I60A JOSY  83 268   585    22   9.7  11.3   7.8
I60A K60A 200  19   145    50   4.5   5.0   8.6
I60A K62A 146 327   157    50  15.6   8.1  12.3
I60A L63A 147 329   259    50   9.4  14.9  15.1
I60A L65A 126 308   332    50   3.8   2.8   3.8
I60A LSQQ 335 153   645    50  13.4  16.1  16.4
I60A N62A 183   3   324    50   9.1   9.1   9.6
I60A PLVO 295 112   329    50   3.0   4.4   4.1
I60A QM38  23 205   466    50   2.3   3.1   2.1
I60A QM60 360 180   592    28   2.2   9.9   9.0
I60A QMM5  22 205   849    28   1.2  12.4  10.0
I60A SHEY  77 265   910    50   1.7   3.5   5.4
I60A SUSY  69 254   656    50   4.6   5.6   8.6
I60A VLDQ 326 143   594    50   9.3   6.5  10.7
I60A  WES 135 316   228    50  10.0   3.9   8.9
I62A I63A  72 252    64    56   3.3   3.4   2.8
I62A  ICQ  25 208   700    56   5.1   4.7   9.0
I62A J59A 261  79   260    56   6.6   4.4   9.0
I62A J62A 208  28    82    56   5.1   8.1   7.0
I62A J63A 162 343    69    56   1.5   6.3   4.8
I62A K60A 237  55   250    56   8.1   0.9   6.0
I62A K62A 209  28   153    56   8.8   2.0   7.2
I62A L65A 152 333   230    56   6.2   6.4  10.4
I62A LATQ 344 163   406    56  12.2   8.7  15.5
I62A LSQQ 325 141   721    56   7.6   6.6  12.4
I62A M66A 161 342   307    56   0.1  13.1  13.2
I62A MALY  69 254   666    56   4.7   2.0   5.2
I62A NATG  39 225   962    56   4.0   4.9  11.4
I62A PLVO 288 104   475    56   6.7   2.9   3.9
I62A QM16  60 242   307    56   9.5   5.6   8.2
I62A QM38   5 185   424    56  12.2   6.4  12.7
I62A QM50 357 177   505    28   3.9  15.7   9.1
I62A QM60 346 165   608    28   3.6   1.9   4.8
I62A SHEY  76 263   756    56   4.2   5.7   4.6
I62A VLDQ 316 132   690    56   4.2   6.0   8.7
I62A  WES 180 360   165    56   6.2  10.0   7.8
I62A WODY  73 258   548    56   2.3   4.2   1.7
I63A I64A 101 281    77    56   4.3   3.3   4.1
I63A J63A 205  25    95    56   6.6   3.8   7.4
I63A JOSY  85 268   366    28   5.4   2.5   6.4
I63A K62A 222  40   204    56   1.5   3.2  10.0
I63A L63A 199  19   257    56   7.9   2.6   9.3
I63A L65A 169 349   229    56   4.9  10.3   8.8
I63A LATQ 336 154   408    56   7.9   4.1   7.5
I63A LSQQ 321 136   742    56  15.1   1.2   5.5
I63A MALY  69 254   602    56   4.0   7.9   5.5
I63A N62A 215  33   420    56   8.2   7.2   9.3
I63A NATG  38 223   909    56   2.2   7.0   4.8
I63A QM16  57 239   245    56   2.6   1.4   2.8
I63A QM50 351 170   491    28   4.7   8.8   7.9
I63A QM60 341 159   607    28  17.4   5.3  15.0
I63A SUSY  64 247   447    56   1.0   3.0   6.6
I63A VLDQ 312 127   720    56  10.1   3.2   3.1
I63A WODY  74 258   484    56   3.3   3.3   2.5
I64A J59A 264  81   396    56   3.8   6.6   6.5
I64A J62A 247  66   192    56   1.6   5.8   6.0
I64A J63A 239  58   137    56   3.8   5.1   4.4
I64A K60A 249  66   374    56   4.5   8.7   8.1
I64A L65A 189   9   213    56   0.7   8.1   4.4
I64A LATQ 329 146   456    56  11.0   1.4   6.7
I64A LSQQ 318 133   802    56   6.4   8.3   6.7
I64A N62A 225  42   458    56   4.2   5.1   4.0
I64A NATG  34 219   876    56   7.8   6.6   8.5
I64A PLVO 284  99   605    56  15.0   5.6  13.4
I64A QM38 348 167   428    56   6.9  13.4  11.8
I64A QM50 343 162   523    28  16.0   4.6  16.7
I64A QMM5   4 185   772    34  10.2  10.4  12.0
I64A SUSY  58 240   388    56   0.5   1.3   4.3
I64A  WES 219  38   219    56   2.4   3.3   2.9
I64A WODY  70 253   416    56   3.0   5.4   5.8
 ICQ J59A 222  37   872    56   6.0   5.3   2.8
 ICQ J63A 204  22   753    56   4.9   1.4   1.8
 ICQ JOSY 170 351   592    28   5.6   1.4   6.6
 ICQ K60A 216  31   922    56   2.4   4.8   2.4
 ICQ K62A 209  25   853    56   9.3   4.6   6.1
 ICQ L63A 203  20   915    56   1.5   7.8   6.9
 ICQ L65A 196  14   860    56   6.8   1.9   5.8
 ICQ LATQ 242  58   472    56   1.9   9.4   4.9
 ICQ  LMN 155 336   448    56  12.6  11.1  16.1
 ICQ LSQQ 270  82   708    56   0.4   4.1   2.5
 ICQ MALY 143 326   508    56   5.7   1.7   2.7
 ICQ NATG  73 257   332    56   3.9   4.2   6.2
 ICQ QM16 186   6   482    56   3.4   0.7   5.3
 ICQ QM38 233  51   335    56   3.3   6.3  10.4
 ICQ QM50 251  67   344    28   1.9   0.1   1.4
 ICQ QMM5 324 143   183    34   8.1  10.2  11.6
 ICQ SHEY 139 323   630    56   7.0   1.5   6.1
 ICQ SUSY 161 343   445    56   7.7   3.3   5.4
 ICQ WODY 157 339   530    56   6.2   6.0   5.7
J59A J62A  96 278   220    56  12.6   6.6  10.9
J59A JOSY  80 266   688    28   8.8   4.4   8.6
J59A K60A 152 332   107    56  11.4   7.8   9.7
J59A K62A 115 296   205    56   6.9   4.8  10.8
J59A L63A 126 308   297    56   6.4  11.2  17.9
J59A LATQ  17 198   456    56   2.9   0.3   4.5
J59A LSQQ 344 162   650    56  16.4  11.6  18.7
J59A N62A 163 343   294    56  16.5  13.6  15.8
J59A PLVO 311 130   270    56   9.1   7.2   8.9
J59A QM38  30 213   548    56   6.5   7.0   5.1
J59A SHEY  75 264  1015    56   0.2   6.3   4.9
J59A SUSY  68 254   762    56  10.9   2.6   4.5
J59A VLDQ 335 153   583    56  11.7   8.7  12.8
J59A  WES 114 296   286    56   4.4  11.5   7.7
J62A K60A 249  68   183    56   4.3   1.7  10.2
J62A K62A 209  29    71    56   6.1   8.6   9.2
J62A L63A 174 354   152    56   8.9   9.7  10.3
J62A L65A 132 313   196    56   4.9   5.8   5.6
J62A LATQ 351 170   468    56   7.8  13.4  14.9
J62A  LMN  60 245   628    56  11.7   1.1   6.8
J62A LSQQ 330 146   761    56   7.6   4.0  11.1
J62A M66A 147 328   259    56   4.9  13.9   8.4
J62A PLVO 297 114   467    56   4.3   0.6   9.9
J62A QM16  53 236   379    56   6.2   7.2   7.4
J62A QM38   8 189   500    56   2.3   9.7   6.5
J62A QM50   1 181   576    28   1.5  16.3   8.6
J62A QMM5  14 196   877    34   5.5   2.4   8.1
J62A SHEY  72 258   813    56   1.6   1.3   3.4
J62A SUSY  59 244   578    56   5.5   3.5   9.3
J62A VLDQ 322 138   720    56   4.1   8.8  13.0
J62A  WES 157 337   102    56   6.3   6.5   7.2
J63A JOSY  73 257   422    28   8.9   6.3  20.0
J63A K60A 253  71   241    56   5.7   4.2   7.4
J63A K62A 235  54   116    56   3.4   3.0   3.6
J63A L65A 148 329   162    56   7.2   8.7   7.8
J63A LATQ 344 163   475    56  11.4   4.5  10.6
J63A  LMN  58 242   574    56   0.8   2.6   2.4
J63A LSQQ 327 142   787    56   2.5   1.7   7.4
J63A MALY  63 248   674    56   1.8   5.3   4.9
J63A NATG  36 222  1001    56   3.1   9.1  11.9
J63A QM16  48 230   329    56   2.2   8.8   5.5
J63A QM38   2 182   489    56   6.7   3.0   5.7
J63A QM50 356 175   572    28   7.7   5.5  13.9
J63A QMM5  11 192   859    34   4.3   1.1   1.7
J63A SHEY  71 257   755    56   4.6   6.9   1.9
J63A SUSY  57 241   524    56   3.9   2.4   5.6
J63A  WES 191  11   101    56   9.8   3.2   5.7
JOSY K60A 257  71   663    28   9.2   6.7   4.5
JOSY K62A 253  68   534    28   6.3  11.8   9.5
JOSY L63A 242  58   528    28   1.1   6.6   6.4
JOSY L65A 234  52   412    28   4.1  16.2   8.0
JOSY  LMN  28 209   201    28  12.1   6.7   9.7
JOSY MALY  50 232   270    28   4.7   4.6   3.8
JOSY N62A 241  56   715    28   6.7  11.4  13.7
JOSY NATG  19 201   712    28  15.7   0.2   8.6
JOSY PLVO 279  92   881    28  12.5   0.4   2.7
JOSY QMM5 345 163   761    28  14.7  12.2  14.7
JOSY SUSY  16 196   168    28   0.5   8.8   7.8
JOSY VLDQ 300 111  1004    28  12.9   1.6  11.1
K60A K62A  87 268   136    56   1.3   2.1   4.4
K60A L63A 113 295   206    56   6.1   5.0   7.3
K60A LATQ   9 190   537    56   5.0   3.9   4.4
K60A  LMN  61 247   809    56   5.5   3.5   4.4
K60A LSQQ 343 160   755    56  13.3   4.6   7.5
K60A M66A 115 297   346    56   4.2   7.6   5.4
K60A N62A 169 350   190    56   8.3  12.4  10.2
K60A NATG  41 229  1202    56   5.1  10.6   4.8
K60A PLVO 317 135   372    56   6.1   4.1   8.0
K60A QM38  22 204   611    56   1.6   5.6   2.8
K60A QM50  14 196   667    28  10.8   9.8  13.6
K60A QMM5  21 205   993    34   3.0   2.8   7.2
K60A SUSY  60 246   759    56   1.4   6.4   5.0
K60A VLDQ 335 153   689    56   8.6  12.0  16.8
K60A  WES  96 278   213    56   1.5  11.5   7.2
K62A L63A 150 330   103    56   6.5   9.8  10.6
K62A L65A 111 292   193    56   7.4   7.4   5.7
K62A LATQ 355 175   526    56   9.0   3.4  11.0
K62A  LMN  57 242   691    56   2.7   6.0  11.1
K62A LSQQ 334 151   800    56   6.7   2.1   5.0
K62A M66A 131 313   234    56   0.9   8.6   7.2
K62A N62A 208  28   218    56   0.6   2.3   0.7
K62A NATG  37 224  1113    56   0.7   0.7   5.8
K62A PLVO 306 122   470    56   1.4   3.8   6.0
K62A QM16  49 232   445    56   4.5   4.6  10.0
K62A QM50   4 184   640    28   6.2   0.4   6.9
K62A SHEY  68 255   867    56   5.5   0.4   8.6
K62A SUSY  56 240   641    56   6.0   4.1   1.8
K62A VLDQ 327 143   750    56   8.8   5.6   5.7
K62A  WES 112 293    81    56   6.0   3.4   6.5
K62A WODY  63 249   665    56   0.0   4.1   0.1
L63A  LMN  49 233   704    56   5.8   6.2   7.6
L63A LSQQ 334 150   903    56   1.3   2.2   4.3
L63A M66A 118 299   140    56   2.5   4.0   2.5
L63A N62A 237  56   187    56  11.0   6.3  10.2
L63A PLVO 310 127   566    56   6.1   4.7   9.1
L63A QM38   5 186   649    56  11.0   6.4  11.6
L63A QM50 360 180   727    28   9.3   4.5  17.4
L63A QM60 351 170   823    28  10.8   8.2   2.2
L63A SHEY  62 248   858    56   8.0   6.2   9.3
L63A VLDQ 328 143   853    56   8.7   8.1   6.1
L63A  WES  22 202    63    56   6.8   4.2   5.6
L63A WODY  55 240   667    56   9.1   5.9  17.4
L65A LATQ 341 159   633    56  12.0   5.9  13.0
L65A M66A 185   5    86    56   2.7   3.8   7.8
L65A N62A 248  66   310    56   8.5   1.8   6.2
L65A NATG  29 214  1074    56   0.6   7.5   3.9
L65A QM16  25 206   392    56   5.9   2.6   1.4
L65A QM38 355 174   631    56   4.9   0.1   5.0
L65A QM50 350 169   720    28  10.5  12.0  13.2
L65A QM60 343 161   834    28  10.5   2.8   7.9
L65A QMM5   5 186   984    34   8.6   5.4   7.6
L65A SHEY  59 245   737    56   8.9   2.8   5.4
L65A SUSY  41 224   553    56   7.5   5.9   6.6
L65A VLDQ 321 136   914    56   6.3   1.9   5.5
L65A  WES 291 110   112    56   4.2   2.9   7.9
LATQ  LMN 103 288   634    56   0.7   6.2   6.9
LATQ LSQQ 302 119   363    56  12.3   2.2   8.8
LATQ M66A 162 344   712    56   5.2   9.9   7.4
LATQ PLVO 233  50   421    56   4.2   9.0   9.3
LATQ QM38  77 258   149    56   6.4  10.3  12.2
LATQ QM60 348 168   203    28  20.4   5.7  13.8
LATQ QMM5  36 219   482    34   8.5   9.9  10.3
LATQ VLDQ 285 102   383    56  12.0   0.4   4.9
LATQ  WES 168 349   567    56   5.9  10.8  10.7
 LMN M66A 222  38   668    56   2.3   1.3   1.0
 LMN MALY  93 274   113    56   5.6   3.2   3.4
 LMN N62A 235  49   889    56   2.5   0.9   2.1
 LMN NATG  16 198   515    56   6.6   2.6   6.1
 LMN PLVO 269  80   963    56   1.2   0.8   2.5
 LMN QM50 301 116   592    28   4.3   4.8   9.5
 LMN QM60 303 117   740    28   6.3   3.2   4.6
 LMN SHEY 109 291   235    56   7.4   0.3   3.7
 LMN VLDQ 289 100  1017    56   6.5   5.2   9.6
 LMN WODY 172 352    85    56   5.5   7.6   8.8
LSQQ M66A 146 331  1019    56   3.2   5.7   4.3
LSQQ MALY 104 294  1088    56   8.8   5.7   8.2
LSQQ PLVO 181   1   447    56   7.1   9.1  10.5
LSQQ QM38 106 291   479    56   4.6  11.3   9.8
LSQQ QM50  98 282   398    28   2.1   2.8   0.7
LSQQ QMM5  68 254   619    34   4.0   7.0  11.9
LSQQ SUSY 109 297   946    56   4.0   5.8   5.3
LSQQ VLDQ 211  30   112    56   1.4   1.7   1.1
LSQQ  WES 147 331   862    56   1.0   8.3   6.8
M66A MALY  45 230   744    56   3.1   8.8   4.7
M66A N62A 264  82   282    56   8.0   4.5   5.6
M66A QM38 356 175   715    56   9.5   7.5   9.5
M66A QM50 352 171   804    28  11.5   3.4  12.3
M66A QM60 345 163   914    28   3.6   5.1  14.0
M66A VLDQ 325 139   978    56   9.9   4.3   9.9
M66A  WES 322 141   159    56   7.5   0.6   4.4
MALY N62A 240  53   981    56   3.7  10.5   8.5
MALY NATG   4 185   501    56   5.8   8.6   9.0
MALY SHEY 124 305   130    56   0.1   2.7   4.5
MALY VLDQ 289  98  1126    56   7.5   1.0   3.0
MALY  WES 242  57   741    56   1.3   4.0   6.2
MALY WODY 233  52   128    56   5.5   5.4  10.3
N62A NATG  35 223  1329    56   7.4   5.8   6.1
N62A PLVO 328 146   543    56   5.0   7.7   9.5
N62A QM38  15 196   778    56   2.3   5.8   0.1
N62A QMM5  17 200  1159    34   3.5   5.0   6.9
N62A SHEY  60 247  1044    56   7.5   5.0  10.1
N62A SUSY  48 234   840    56   7.2   0.3   2.0
N62A VLDQ 339 156   875    56  10.7   4.7   8.6
N62A  WES  47 229   241    56   4.0  13.9   7.4
N62A WODY  54 240   853    56   0.9   1.0   0.4
NATG PLVO 247  56  1217    56   6.9   2.9   2.9
NATG QM16 216  32   683    56   0.5   5.2   5.0
NATG QM38 247  61   656    56   7.1  11.3  14.3
NATG QM50 255  69   676    28   9.5   8.2   7.5
NATG SHEY 174 354   576    56   9.0   8.9  11.3
NATG SUSY 202  20   544    56   1.8   5.9   6.2
NATG WODY 194  13   593    56   4.5   8.3   7.6
PLVO QM50  46 230   558    28   0.8   4.8   9.4
PLVO SUSY  81 269   914    56   0.9   7.8  10.6
PLVO VLDQ 352 171   354    56   7.0  12.4  11.3
PLVO  WES 120 304   549    56   5.2   5.3   4.4
PLVO WODY  85 274   977    56   7.9   2.0   5.3
QM16 QM38 322 140   353    56   3.3   0.7   0.0
QM16 SUSY  73 255   205    56   4.5   4.6   5.0
QM16 VLDQ 297 110   819    56   0.7   2.8   1.4
QM16  WES 222  40   415    56   3.2   1.2   3.9
QM38 QM50 324 143   101    28  10.8   3.8  11.9
QM38 QMM5  22 204   383    34   8.3  24.1  18.0
QM38 VLDQ 279  94   519    56   1.5  11.8   8.0
QM38  WES 184   3   589    56   1.2   6.6   6.0
QM38 WODY 119 303   555    56   0.3   5.1   6.4
QM50 VLDQ 269  85   453    28  11.6   2.4   8.2
QM50  WES 178 358   670    28   1.4   8.2   9.4
QM60 SHEY 113 302   969    28  13.5   6.1  12.2
QM60 WODY 121 308   798    28   1.2  13.8  14.0
QMM5 VLDQ 249  62   712    34  11.0   9.0  15.9
QMM5 WODY 153 336   709    34   5.8   5.2   0.7
SHEY VLDQ 291 100  1251    56   0.4   2.3   5.1
SHEY  WES 251  65   811    56  10.9   5.8   5.5
SHEY WODY 270  88   211    56   3.7   3.6   4.5
SUSY WODY 139 319    91    56   3.7   6.2   5.3
VLDQ  WES 140 324   819    56   8.5   3.3   7.2
 WES WODY  58 243   615    56   2.9   2.5   5.9
