 A11  A64  19 200    69    62   6.3   5.4   7.0
 A11 ALLY 132 316   557    31   6.6   1.5   5.2
 A11 BATG  88 271   313    62  13.2   5.0  10.7
 A11 CHEG  90 277   725    31  14.4   0.9  12.7
 A11 D56A 268  85   346    62   3.1  13.1  11.4
 A11 D59A 259  77   127    62   4.5  10.7   8.3
 A11 D60A 237  56    66    62   4.5   6.4   6.0
 A11 D62A 101 282    89    62   9.3   2.1   7.9
 A11 D63A  97 279   160    62  11.9   3.0  12.8
 A11 DRLN  72 261   968    62  13.3   2.3   8.5
 A11 E55A 261  77   455    62   1.5  12.8  10.6
 A11 E58A 249  67   254    62   4.7   8.8   7.6
 A11 E62A 143 324    86    33  11.4   0.5   8.9
 A11 E64A 116 298   203    62  13.0   4.4  10.7
 A11 EMMW 142 324   353    62  16.5   2.2  15.2
 A11 F57A 247  64   380    62   2.9   9.1   8.5
 A11 F60A 224  43   195    62   6.4   9.4   8.8
 A11 F61A 204  23   154    62   6.9   4.0   5.7
 A11 F62A 173 353   151    62  15.0   2.2  12.5
 A11 F64A 137 318   209    62  15.2   3.1  12.9
 A11 G57A 239  56   440    62   2.8  14.6  10.7
 A11 G59A 225  43   333    62   4.1   6.8   5.6
 A11 G61A 206  25   241    62  10.5   7.4  11.6
 A11 G62A 187   6   227    62  10.9   5.2  10.4
 A11 G63A 169 350   241    62  16.9   6.4  15.4
 A11  GGN 131 314   350    62  11.8   3.8  11.3
 A11 H61A 205  23   331    62   7.2   6.1   7.4
 A11 H62A 194  14   306    62  10.6   4.5   9.2
 A11 H63A 177 358   287    62  16.7   4.7  16.3
 A11 H64A 165 346   299    62  20.0   5.0  16.2
 A11 H65A 151 333   321    62  19.3   2.6  17.5
 A11  HAL 117 302   588    62  12.1   1.9   9.9
 A11 HANN 119 301   303    62  14.4   4.7  12.4
 A11 HOLY 104 287   295    62  10.3   3.8   9.3
 A11 I57A 231  47   563    54   0.3   6.4   4.6
 A11 I60A 214  32   448    59   6.0   8.6   8.3
 A11 I62A 194  13   385    62   8.3   7.5   8.8
 A11 I63A 185   5   356    62  11.0   4.0  10.5
 A11 I64A 173 353   372    62  19.3   3.5  16.6
 A11  ICQ  39 222   333    62   9.9   3.3   7.4
 A11 J59A 220  37   539    62   3.0   4.9   3.6
 A11 J62A 196  15   464    62   6.5   4.6   6.9
 A11 J63A 189   9   446    62  11.3   3.2   7.9
 A11 K60A 211  28   591    62   5.0   4.5   5.0
 A11 K62A 198  17   534    62   8.0   6.3   7.7
 A11 L63A 191  10   608    62  11.0   5.3   9.1
 A11 L65A 179 359   579    62  12.8   2.6  11.3
 A11 LATQ 276  94   196    62   1.5  10.0   9.7
 A11 M66A 180 360   665    62   8.0   0.5   4.4
 A11 MALY 105 290   549    62  11.1   0.8   7.5
 A11 N62A 202  19   748    62   4.3   3.6   6.2
 A11 NATG  55 241   639    47   5.9   0.4   5.1
 A11 PLVO 248  63   585    62   1.2  10.1   6.2
 A11 QM16 142 323   285    62  13.2   2.0  11.1
 A11 QM38 314 134    69    62   4.4   9.3   8.5
 A11 QM50 320 139   170    31   2.4  12.9  12.3
 A11 QMM5  14 195   413    47   2.1  12.8   8.9
 A11 SHEY 107 293   676    62  13.8   0.4  10.3
 A11 SUSY 113 297   403    62  18.4   2.9  14.7
 A11  WES 190   9   547    62   9.6   5.0  10.1
 A11 WODY 117 301   489    62  16.5   1.5  13.4
 A64 ALLY 139 322   587    31   9.7   2.1   8.4
 A64 BATG 101 283   295    62  13.5   3.6  14.2
 A64 CHEG  96 283   706    31  11.2   1.8   8.3
 A64 D59A 239  57   173    62   3.5  11.3   8.2
 A64 D60A 218  37   128    62   5.2   6.9   8.0
 A64 D62A 142 323   104    62  11.5   2.1   9.3
 A64 D63A 122 304   161    62  10.4   0.6   8.5
 A64 DRLN  76 265   927    62  13.9   2.5  12.2
 A64 E55A 254  70   492    62   2.7   8.9   6.5
 A64 E58A 239  57   304    62   4.8  11.2  11.5
 A64 E62A 168 348   137    33  13.9   3.8  13.0
 A64 E64A 134 316   221    62  14.0   4.1  11.8
 A64 EDEY 112 297   637    62   1.4   0.6   1.4
 A64 EMMW 151 332   394    62  13.0   1.4  10.5
 A64 F57A 240  57   429    62   3.3  12.8  11.3
 A64 F60A 218  36   259    62   3.2   9.4   5.4
 A64 F61A 203  22   222    62   9.1   7.2   6.7
 A64 F62A 182   1   215    62  11.6   5.2   9.4
 A64 F64A 151 332   248    62  16.3   3.4  14.1
 A64 G57A 234  50   495    62   0.9   9.2   6.4
 A64 G59A 221  38   396    62   3.6   7.7   6.5
 A64 G61A 205  23   309    62   9.9   7.9  10.2
 A64 G62A 190   9   294    62   6.6   4.6   7.8
 A64 G63A 176 356   302    62  12.7   3.9  11.3
 A64  GGN 141 323   381    62  10.2   1.7   9.2
 A64 H61A 204  22   399    62   7.2   6.9   6.5
 A64 H62A 196  15   375    62   9.9   4.5   9.7
 A64 H63A 182   2   352    62  11.5   5.1  10.2
 A64 H64A 171 352   358    62  13.6   0.9  10.4
 A64 H65A 159 341   370    62  19.9   2.2  17.3
 A64  HAL 124 308   601    62  16.6   1.1  12.1
 A64 HANN 131 313   322    62  11.4   2.6  10.7
 A64 HOLY 118 300   297    62  16.5   2.4  16.0
 A64 I57A 228  44   622    54   2.8   7.7   6.6
 A64 I60A 212  30   515    59   6.0   9.0   8.3
 A64 I62A 195  14   453    62   8.7   5.5   9.8
 A64 I63A 188   7   423    62  11.6   6.2  10.6
 A64 I64A 177 357   435    62  15.6   5.6  13.1
 A64  ICQ  45 227   270    62   8.2   9.8   8.7
 A64 J59A 218  35   603    62   2.8  11.4   9.7
 A64 J62A 197  16   533    62   7.3   8.8   8.5
 A64 J63A 191  10   514    62   6.9   3.0   5.0
 A64 K60A 210  27   658    62   3.0   6.7   6.0
 A64 K62A 199  17   602    62   6.1   4.0   6.8
 A64 L63A 192  11   677    62   6.6   4.2   8.0
 A64 L65A 181   1   644    62   7.7   2.9   4.6
 A64 LATQ 258  76   223    62   2.3   7.9   5.6
 A64  LMN 118 301   445    62  14.6   0.8  12.2
 A64 LSQQ 287 102   542    45   0.1  14.6  12.3
 A64 M66A 182   1   730    62   8.9   0.4   4.9
 A64 N62A 202  19   817    62   4.3   4.3   5.9
 A64 NATG  60 245   585    47   9.0   4.5   7.1
 A64 PLVO 243  58   633    62   3.9   9.2   8.7
 A64 QM38 257  76    74    62   5.6  11.3   9.6
 A64 QM50 297 115   147    31   0.4  10.7   9.0
 A64 QM60 302 119   295    31   0.7  11.4   7.6
 A64 QMM5  13 194   345    47   4.7  10.9  10.9
 A64 SHEY 113 299   677    62  10.4   2.2   8.4
 A64  WES 191  10   615    62   4.6   0.5   4.3
 A64 WODY 125 309   503    62  15.5   1.6  12.8
ALLY BATG 349 169   400    31   3.8  12.3  10.2
ALLY CHEG  44 227   486    31   2.7   6.6   5.0
ALLY D59A 307 122   640    31   1.7   5.3   5.3
ALLY D60A 310 126   577    31   1.1  10.5   8.1
ALLY D62A 322 139   483    31   1.5  13.5  10.8
ALLY DRLN  41 226   845    31   1.9   2.1   4.6
ALLY E55A 293 105   913    31   1.5   8.9   7.1
ALLY E58A 297 111   707    31   1.4   7.0   6.6
ALLY E62A 314 131   472    31   2.6  10.2   9.5
ALLY EDEY  48 230   290    31   6.9  12.8  12.1
ALLY EMMW 300 119   217    31   2.5   6.3   7.3
ALLY F61A 300 116   528    31   0.6   8.3   5.5
ALLY F62A 304 120   453    31   2.8   6.3   6.5
ALLY G59A 286 100   661    31   3.9   6.9   5.7
ALLY G61A 291 106   539    31   0.2   9.4   7.4
ALLY  GBN  56 238   339    31  12.8  11.6  14.7
ALLY  GGN 318 137   207    31   0.4  11.2  10.7
ALLY H62A 283  99   493    31   1.6  12.9  10.9
ALLY H64A 288 105   344    31   0.5  10.7   6.9
ALLY H65A 294 112   273    31   2.9   9.1   8.7
ALLY  HAL  50 231   156    31   9.0  11.5  11.1
ALLY I63A 276  93   442    31   3.5   8.9   6.5
ALLY I64A 275  92   366    31   2.6  10.0   7.8
ALLY  ICQ 346 165   664    31   1.6   5.4   4.8
ALLY J59A 271  84   760    31   0.7  12.0   7.4
ALLY J62A 266  82   546    31   2.7   7.6   5.6
ALLY J63A 266  82   486    31   1.1   4.3   2.4
ALLY JOSY 309 128    94    31   2.5  10.1   8.9
ALLY K60A 263  77   725    31   4.1   5.7   4.5
ALLY K62A 261  76   592    31   1.8   8.2   7.7
ALLY L63A 251  66   572    31   1.5   7.7   6.4
ALLY L65A 247  63   447    31   2.3   6.0   4.7
ALLY LATQ 307 121   723    31   1.3   4.6   3.2
ALLY  LMN   5 186   236    31   4.6   7.2   7.4
ALLY LSQQ 307 118  1086    30   0.6   8.7   6.5
ALLY M66A 238  55   498    31   2.2   4.4   3.3
ALLY MALY  31 212   266    31   4.3  13.9  11.6
ALLY N62A 248  63   757    31   2.2   9.6   6.7
ALLY PLVO 283  94   964    31   2.1  13.7  11.3
ALLY QM16 307 125   279    31   1.0   0.0   1.9
ALLY QM38 316 132   626    31   0.0  10.8   7.2
ALLY QMM5 342 159   837    31   1.8   6.5   4.7
ALLY SHEY  57 239   292    31  11.5   9.0  12.6
ALLY SUSY 353 173   221    31   4.0  12.0  10.3
ALLY VLDQ 301 112  1097    31   1.9   4.4   4.9
ALLY  WES 256  71   529    31   0.6   7.0   5.4
ALLY WODY  13 193   155    31   5.9  12.7  11.0
BATG CHEG  95 279   412    31  13.0   2.6  10.2
BATG D56A 271  85   660    62   2.3  11.8   9.2
BATG D59A 268  84   439    62   1.5  14.2  11.6
BATG D60A 266  82   371    62   0.8  13.4   8.8
BATG D62A 266  83   228    62   5.0  12.4  10.6
BATG D63A 261  80   157    62   5.0   9.4   7.9
BATG DRLN  68 254   672    62   6.1   2.0   6.7
BATG E58A 262  77   560    62   0.8  12.1   9.9
BATG E62A 256  73   274    33   5.8   7.1   7.9
BATG E64A 235  54   165    62   6.3   9.4   9.2
BATG EMMW 201  20   305    62  11.6   7.8  10.3
BATG F60A 254  70   474    62   7.7  11.7  10.8
BATG F61A 251  67   404    62   4.2  10.9   7.9
BATG F62A 244  61   336    62   7.3   8.2  11.0
BATG F64A 229  47   236    62  10.5   9.6   9.5
BATG G59A 249  64   601    62   1.0   5.2   3.4
BATG G61A 244  60   476    62   4.6  10.4   9.4
BATG G62A 238  55   414    62   3.6   8.3   6.7
BATG G63A 230  48   365    62   8.5  12.6  11.8
BATG  GBN 119 302   407    62  13.1   0.2  10.7
BATG  GGN 194  14   247    62  20.7   9.4  17.5
BATG H61A 238  54   548    62   3.0  10.7   9.7
BATG H62A 235  51   496    62   4.4   8.6   7.3
BATG H63A 228  45   423    62   6.1  10.3   9.6
BATG H64A 221  39   382    62   9.9  11.7  12.3
BATG H65A 211  30   333    62   9.6   6.6   8.9
BATG  HAL 146 328   350    62  15.9   2.4  14.1
BATG HANN 200  19   164    62  11.7   7.1  11.4
BATG HOLY 200  20    89    62  10.2   7.2   9.2
BATG I57A 247  60   835    54   2.8  10.5   9.5
BATG I60A 239  53   681    59   5.2  10.0   8.8
BATG I62A 229  46   559    62   7.4  11.0  11.2
BATG I63A 226  43   503    62   6.6  10.2   8.9
BATG I64A 218  36   466    62   9.6   9.6  10.3
BATG  ICQ 341 160   265    62   4.1  16.4  15.3
BATG J59A 240  54   785    62   5.1   9.1   6.6
BATG J62A 227  43   637    62   8.0  11.4  13.1
BATG J63A 223  40   593    62   6.0   8.0   8.1
BATG JOSY 179 359   335    31  12.6   5.8  10.7
BATG K60A 233  47   805    62   2.8   8.2   5.6
BATG K62A 226  41   707    62   6.1  10.4  10.8
BATG L63A 218  34   745    62   5.6   6.5   7.2
BATG L65A 210  27   663    62   9.1   7.8  10.1
BATG LATQ 274  89   508    62   2.4  10.3   6.8
BATG  LMN 148 329   185    62  14.9   4.5  13.9
BATG M66A 207  25   743    62   8.4   3.3   6.0
BATG MALY 127 309   265    62  10.8   0.2   7.7
BATG N62A 223  38   920    62   0.3   2.5   2.4
BATG NATG  34 217   411    47   6.9  10.0   9.7
BATG QM16 213  32   272    62  12.3   8.3  11.4
BATG QM38 279  95   364    62   3.6  15.5  13.9
BATG QMM5 334 152   444    47   1.4  10.8   8.6
BATG SHEY 126 309   394    62  12.5   2.5   9.5
BATG SUSY 164 345   180    62  12.7   4.2  10.1
BATG  WES 219  36   684    62   4.4   4.9   6.1
BATG WODY 155 336   265    62  12.8   4.1  10.9
CHEG D60A 275  87   781    31   1.8  12.7   9.9
CHEG D62A 276  90   638    31   3.5  16.8  13.6
CHEG D63A 275  90   566    31   5.2  15.1  12.9
CHEG DRLN  40 222   361    31   9.2   1.5   6.3
CHEG E58A 272  83   966    31   2.6   4.4   2.3
CHEG E62A 271  85   677    31   0.9   8.2   6.1
CHEG E64A 268  83   550    31   0.8  10.2   8.4
CHEG EDEY 220  39   198    31  11.1   7.3  11.0
CHEG EMMW 249  64   577    31   5.3   4.5   5.4
CHEG F61A 267  80   798    31   0.6   6.8   5.5
CHEG G62A 261  73   783    31   0.8   5.1   3.2
CHEG G63A 258  72   718    31   0.1   6.8   3.9
CHEG  GBN 203  22   169    31  10.3   6.0   9.1
CHEG  GGN 251  66   513    31   4.4   5.0   4.5
CHEG H62A 257  69   853    31   2.3   5.3   3.7
CHEG H63A 255  69   766    31   2.3   7.2   6.9
CHEG H64A 253  67   707    31   1.8   6.4   4.7
CHEG H65A 251  66   634    31   3.1   5.7   4.7
CHEG  HAL 224  42   331    31  11.8   5.8   9.5
CHEG HANN 260  75   480    31   6.1  10.1  10.0
CHEG HOLY 268  84   444    31   3.9   6.1   5.8
CHEG I57A 260  70  1214    31   0.9   4.9   2.4
CHEG I60A 256  67  1041    28   0.9   2.4   1.4
CHEG I62A 253  65   896    31   2.6   2.3   3.7
CHEG I64A 249  62   771    31   0.1   3.8   2.3
CHEG  ICQ 304 119   576    31   2.8   4.6   4.3
CHEG J62A 250  62   963    31   3.6   4.1   3.8
CHEG J63A 248  61   908    31   3.4   3.2   3.7
CHEG JOSY 238  54   504    31   5.7   5.2   5.1
CHEG K60A 251  61  1144    31   2.7   3.8   4.0
CHEG K62A 247  59  1023    31   0.9   5.8   3.8
CHEG  LMN 253  70   335    31   3.5   3.8   1.6
CHEG MALY 242  60   235    31   8.2   9.2   9.2
CHEG N62A 242  53  1216    31   1.0   5.3   3.9
CHEG QM38 281  93   776    31   0.0  11.6   9.0
CHEG SHEY 209  28   212    31   9.1   4.3   8.4
CHEG SUSY 253  70   386    31   6.4   4.6   3.6
CHEG VLDQ 283  90  1294    31   1.4   6.0   4.4
CHEG  WES 244  56   977    31   2.4   3.1   3.8
CHEG WODY 240  57   363    31   6.8   6.5   7.1
D56A D59A  90 272   222    62  13.7   1.3  11.0
D56A D60A  92 274   292    62  12.6   1.8  11.9
D56A DRLN  73 266  1304    62   6.2   3.9   6.4
D56A E55A 237  56   119    62   3.1  10.0   7.7
D56A E58A 123 304   136    62  14.7   5.5  14.4
D56A EMMW 112 297   623    62   9.4   1.3   8.1
D56A F57A 178 358   138    62   8.7   1.9   7.4
D56A F60A 118 300   246    62  14.6   2.1  12.5
D56A F61A 111 294   313    62  15.5   2.9  14.5
D56A F62A 107 291   389    62  15.6   1.5  12.6
D56A F64A 103 287   509    62  16.6   0.1  13.4
D56A G57A 185   5   217    62   9.1   5.4   9.9
D56A G59A 150 331   250    62  15.1   1.1  13.5
D56A G61A 127 309   317    62  18.2   0.7  14.2
D56A G62A 120 303   385    62  13.2   1.4  12.7
D56A G63A 117 300   452    62  17.0   2.0  14.5
D56A  GBN  95 285  1037    62   4.3   0.3   0.3
D56A  GGN 106 292   648    62  15.7   0.7  12.7
D56A H61A 141 323   357    62  18.5   1.9  14.7
D56A H62A 133 316   392    62  24.6   3.7  24.0
D56A H64A 120 304   506    62  19.9   0.6  16.5
D56A H65A 115 300   569    62  16.0   0.1  13.4
D56A  HAL 103 291   907    62   6.0   0.9   3.5
D56A HANN  99 285   627    62   8.7   0.7   7.0
D56A HOLY  92 278   636    62  16.1   0.4  11.1
D56A I57A 192  11   353    54  11.5   3.0   8.9
D56A I60A 162 343   374    59   6.3   0.9   4.8
D56A I62A 142 324   443    62  22.6   2.0  20.4
D56A I63A 134 317   466    62  21.7   1.9  20.0
D56A I64A 129 313   530    62  24.6   2.4  22.7
D56A  ICQ  61 246   620    62  10.2   1.6   8.3
D56A J59A 177 357   399    62   6.7   5.3   6.5
D56A J62A 150 332   484    62  15.8   1.5  13.9
D56A JOSY 111 298   748    31   6.7   0.8   4.7
D56A K60A 172 352   497    62  12.6   2.4   8.4
D56A K62A 157 339   526    62  12.9   0.8   9.8
D56A L63A 155 338   628    62  12.1   0.2   9.4
D56A L65A 144 328   671    62  18.4   2.3  15.7
D56A LATQ  75 257   154    62  10.1   1.8   9.3
D56A N62A 171 352   687    62   7.8   1.7   6.0
D56A PLVO 220  38   286    62   7.9   7.1   8.2
D56A QM16 109 294   564    62   8.8   1.0   7.6
D56A QM50  56 238   277    31   9.7   1.4   7.7
D56A QM60  24 205   258    31   3.1   2.1   4.2
D56A QMM5  44 228   607    47  14.1   3.6  10.9
D56A SHEY  98 287  1009    62  12.3   0.8   8.9
D56A VLDQ 300 118   259    62   3.3  19.1  16.5
D56A  WES 151 333   585    62  14.9   3.6  14.8
D56A WODY 102 289   810    62   9.1   0.3   4.6
D59A D60A  98 279    70    62   9.1   2.7   7.7
D59A D62A  87 269   212    62  13.6   1.7  15.0
D59A D63A  88 271   284    62  12.6   1.9  11.8
D59A E55A 261  78   328    62   0.0  13.6  11.6
D59A E58A 238  57   131    62   3.9   9.0   7.1
D59A E62A 103 285   182    33   9.9   1.3   9.4
D59A E64A 101 284   313    62   9.4   2.3   6.1
D59A EDEY 100 287   754    62   2.6   0.7   2.0
D59A EMMW 125 308   425    62  14.6   0.7   9.2
D59A F57A 240  58   257    62   3.5   9.1   8.3
D59A F60A 184   4   116    62  12.7   4.3  11.0
D59A F61A 150 331   132    62  14.5   1.4  14.5
D59A F62A 130 311   189    62  13.6   4.2  13.0
D59A G57A 230  48   323    62   3.6  11.3  10.4
D59A G59A 206  25   238    62   9.5  10.5  12.6
D59A G61A 173 353   193    62  13.2   2.7  10.8
D59A G62A 153 334   223    62  20.7   0.4  17.1
D59A G63A 140 322   271    62  18.6   3.0  16.0
D59A  GBN  99 286   816    62   7.3   2.5   4.9
D59A H61A 182   1   276    62   8.7   0.7   6.5
D59A H62A 169 349   276    62  14.5   3.3  10.4
D59A H63A 151 332   296    62  21.7   0.4  19.0
D59A H64A 141 323   332    62  17.4   2.6  15.2
D59A H65A 131 314   379    62  18.7   2.5  16.5
D59A  HAL 109 295   692    62  11.1   4.6   7.7
D59A HOLY  95 279   414    62  13.7   4.5  11.4
D59A I57A 223  40   454    54   3.3   8.3   6.8
D59A I60A 198  17   370    59   5.4   8.0   9.4
D59A I62A 173 354   350    62  12.1   6.0  11.8
D59A I63A 163 344   343    62  16.7   1.3  12.0
D59A  ICQ  49 232   439    62  13.4   4.4   9.8
D59A J59A 209  27   446    62   3.6   7.2   4.7
D59A J62A 180 360   420    62  10.8   3.0   8.4
D59A J63A 172 352   419    62  13.2   1.0   9.0
D59A JOSY 122 306   547    31   6.8   2.1   5.3
D59A K60A 199  18   514    62   3.6   8.8   7.4
D59A K62A 184   4   484    62   7.1   3.0   5.3
D59A L63A 178 358   572    62  12.1   4.2  10.2
D59A L65A 165 346   571    62  10.8   1.4   7.7
D59A LATQ 301 120    83    62   3.7   9.5   8.6
D59A M66A 167 349   653    62   5.9   1.9   3.6
D59A MALY  99 285   666    62  11.2   0.9   9.7
D59A N62A 192  10   688    62   6.2   4.9   5.7
D59A PLVO 244  60   461    62   6.9  10.4   9.8
D59A QM16 122 305   361    62  13.0   0.8   9.9
D59A QM38  45 225   105    62   9.2   7.1   9.2
D59A QM50   5 185   156    31   3.9   6.6   4.3
D59A QM60 336 154   265    31   0.1  16.6  13.4
D59A QMM5  26 209   481    47   7.5  11.8   9.5
D59A SHEY 102 289   789    62   8.0   1.1   8.0
D59A SUSY 104 289   513    62  10.9   1.1   9.3
D59A  WES 175 356   515    62  16.4   2.9  12.1
D60A D62A  82 263   144    62  10.0   1.3   8.4
D60A D63A  85 267   215    62  10.8   3.2   9.1
D60A DRLN  70 260  1032    62   9.4   0.8   8.0
D60A E55A 264  81   396    62   2.4  14.0  10.2
D60A E58A 252  71   190    62   2.2  10.7   9.5
D60A E62A 106 287   112    33   9.5   2.7   8.5
D60A E64A 102 284   243    62  10.3   0.9   8.5
D60A EDEY 101 287   684    62   6.4   0.8   2.4
D60A EMMW 131 314   364    62  11.0   4.4   9.7
D60A F57A 248  66   315    62   4.5   8.7   6.3
D60A F60A 217  37   131    62   2.5  10.4   9.2
D60A F61A 183   3   105    62  11.6   6.8   9.8
D60A F62A 147 327   135    62  13.1   5.2  12.2
D60A F64A 120 301   230    62  14.1   3.3  13.4
D60A G57A 239  56   373    62   3.8   8.3   8.6
D60A G59A 221  40   268    62   3.3   6.9   5.7
D60A G61A 195  14   187    62   8.5   6.1   8.0
D60A G62A 171 351   191    62  11.8   5.3  11.6
D60A G63A 153 334   224    62  17.0   3.6  14.7
D60A  GBN 100 286   745    62   5.2   2.0   3.6
D60A  GGN 121 304   374    62  15.2   2.4  15.0
D60A H61A 197  16   277    62   9.1   6.2   8.0
D60A H62A 184   4   261    62   9.6   3.2   8.5
D60A H63A 164 345   260    62  13.3   3.8  14.4
D60A H65A 139 321   323    62  15.2   2.4  13.3
D60A  HAL 111 297   624    62   7.2   2.4   6.5
D60A HANN 108 291   340    62  10.8   3.6  10.3
D60A HOLY  96 279   344    62  11.2   1.5   9.9
D60A I57A 230  47   497    54   5.3  15.4  12.9
D60A I60A 209  28   388    59   8.1   5.1   7.3
D60A I62A 186   5   339    62   9.4   4.0   8.3
D60A I63A 175 355   319    62  15.2   0.4  12.2
D60A I64A 163 344   348    62  17.6   4.1  17.9
D60A  ICQ  42 224   397    62   9.4   4.8   6.3
D60A J62A 190   9   416    62  10.8   5.6   9.9
D60A J63A 182   2   404    62  11.5   2.7   9.7
D60A JOSY 126 309   483    31   8.8   1.4   6.5
D60A K60A 207  25   532    62   5.1   5.3   5.6
D60A K62A 193  12   483    62   7.9   4.2   6.8
D60A L63A 186   5   564    62  10.8   6.9   9.1
D60A L65A 172 353   547    62  13.7   2.3   9.6
D60A LATQ 291 110   150    62   2.1   8.8   6.9
D60A  LMN 102 286   485    62  12.0   0.0   7.7
D60A LSQQ 300 116   511    45   1.3  12.1  11.1
D60A M66A 174 355   631    62  12.8   2.0  10.8
D60A MALY  99 285   595    62   9.7   2.3   7.2
D60A N62A 198  16   695    62   4.3   3.2   4.0
D60A NATG  55 241   706    47   1.8   1.3   0.4
D60A PLVO 249  64   520    62   1.7  11.7   8.2
D60A QM16 128 311   298    62  11.3   0.6   9.7
D60A QM38   4 184    85    62   4.2   7.6   6.5
D60A QM50 342 161   175    31   0.5  15.9  12.8
D60A QM60 325 143   308    31   0.4  14.8  13.1
D60A QMM5  19 200   464    47   5.6   7.4   5.5
D60A SHEY 103 289   719    62   7.9   0.5   8.4
D60A SUSY 105 289   443    62   4.9   2.3   3.6
D60A  WES 184   3   504    62   8.9   8.0   8.8
D62A D63A  94 274    72    62  10.3   3.1   7.7
D62A DRLN  70 259   891    62   4.4   2.5   4.1
D62A E58A 258  75   333    62   2.0  11.0  10.5
D62A E62A 215  35    63    33   3.7   4.5   3.9
D62A E64A 128 309   119    62  11.5   4.3  10.4
D62A F57A 254  70   456    62   0.1  11.2   8.2
D62A F60A 242  60   255    62   0.6   9.0   5.3
D62A F61A 231  50   193    62   5.0   6.2   6.1
D62A F62A 208  28   149    62   6.5   7.0   6.9
D62A F64A 158 339   146    62  13.8   4.5  11.3
D62A G57A 247  62   509    62   2.1   8.7   5.2
D62A G59A 237  54   389    62   0.7   1.8   2.2
D62A G61A 225  43   277    62   9.3   9.2  10.5
D62A G62A 209  28   237    62   7.2   6.3   6.1
D62A G63A 192  11   223    62  11.5   6.9  10.9
D62A  GBN 105 290   610    62   8.5   0.0   4.0
D62A H61A 219  37   362    62   5.4   7.4   6.4
D62A H62A 211  30   323    62   5.5   7.4   8.3
D62A H63A 196  16   280    62   9.4  10.7  10.5
D62A H64A 183   3   272    62  17.4   6.1  16.2
D62A H65A 166 347   272    62  13.2   1.4  11.6
D62A  HAL 121 305   503    62  13.3   0.5  10.7
D62A HANN 126 308   220    62  14.5   1.7  10.5
D62A HOLY 106 288   207    62   8.6   1.0   6.5
D62A I60A 224  41   489    59   4.7   3.5   3.8
D62A I62A 207  26   399    62   6.1   7.1   5.7
D62A I63A 200  19   357    62   9.2   6.8   8.5
D62A I64A 188   7   354    62  16.4   6.6  16.2
D62A  ICQ  25 207   302    62   6.7  11.9  11.9
D62A J59A 229  45   587    62   0.4   7.1   5.3
D62A J62A 208  26   480    62   3.0   6.2   5.0
D62A J63A 201  20   452    62   9.2   6.7  11.3
D62A JOSY 142 324   393    31  10.9   0.8   9.4
D62A K60A 219  36   626    62   3.4   7.7   6.2
D62A K62A 208  26   551    62   5.2   7.7   6.6
D62A L63A 200  18   615    62   9.1   6.7  10.2
D62A L65A 188   8   567    62   7.3   4.3   5.5
D62A LATQ 278  95   285    62   1.0  11.2   6.5
D62A LSQQ 293 107   630    45   1.0   8.1   5.9
D62A N62A 209  26   769    62   3.3   3.0   3.5
D62A NATG  50 235   581    47   5.4   5.0   6.3
D62A PLVO 253  67   661    62   0.3   9.4   6.5
D62A QM16 157 338   225    62   7.5   0.7   5.7
D62A QM38 297 115   151    62   4.0  11.1   9.4
D62A QM50 308 126   245    31   0.4  11.3   9.9
D62A QMM5   2 183   419    47   2.0  14.8  10.6
D62A SUSY 117 300   317    62  14.0   2.8  11.3
D62A VLDQ 284  97   665    62   1.3   8.3   4.9
D62A  WES 200  18   552    62   7.7   3.6   6.2
D62A WODY 121 305   405    62  14.6   1.5  12.1
D63A DRLN  69 257   826    62   5.8   2.5   6.9
D63A E55A 267  81   611    62   1.1   9.8   9.1
D63A E58A 261  78   402    62   3.2  11.3   8.4
D63A E62A 247  66   118    33   4.7   9.2   7.6
D63A E64A 163 343    72    62  11.6   6.1  11.1
D63A EDEY 110 294   480    62   6.3   0.0   2.8
D63A EMMW 169 349   264    62  19.4   3.7  16.7
D63A F57A 257  73   524    62   2.4  15.9  10.9
D63A F60A 249  67   318    62   6.8   9.2   9.0
D63A F61A 243  61   251    62   4.8  13.9  11.5
D63A F62A 229  48   191    62   9.3  11.8  11.0
D63A F64A 188   8   132    62  11.8   4.6  10.2
D63A G57A 251  66   574    62   2.3   6.6   4.1
D63A G59A 243  59   449    62   3.0   6.1   6.4
D63A G61A 235  52   328    62   5.5  11.9  12.2
D63A G62A 224  42   276    62   7.5  12.4  10.9
D63A G63A 209  28   244    62  10.7   7.9   9.3
D63A  GBN 107 292   540    62  10.1   0.8   6.6
D63A  GGN 155 336   235    62   9.9   5.0   8.8
D63A H61A 228  45   408    62   6.4  10.3  10.5
D63A H62A 222  40   362    62  10.5  10.6  12.6
D63A H63A 210  29   304    62  10.6  11.5  11.1
D63A H64A 198  18   280    62  11.5   7.9  10.9
D63A H65A 182   2   260    62  19.2   7.7  17.5
D63A  HAL 126 309   441    62  14.5   0.4   9.2
D63A HANN 141 322   165    62  12.6   3.7  11.1
D63A HOLY 114 295   138    62  12.4   5.1  11.2
D63A I57A 242  57   683    54   1.0   8.2   5.0
D63A I60A 231  47   539    59   1.9   9.4   6.5
D63A I62A 217  35   433    62   7.1   7.5   7.3
D63A I63A 211  29   384    62   9.8   8.0   9.4
D63A I64A 200  18   366    62  11.2   5.6   9.6
D63A  ICQ  12 193   283    62   3.9  14.4  10.9
D63A J59A 234  49   640    62   3.8   8.7   6.7
D63A J62A 216  33   514    62   6.6   9.1   8.1
D63A J63A 210  28   478    62   6.6  10.0   9.3
D63A K60A 225  41   671    62   4.7   7.1   6.3
D63A K62A 215  32   585    62   9.2  10.7  11.5
D63A L63A 207  25   639    62   8.8   6.9  10.4
D63A L65A 196  15   577    62   6.9   1.5   4.8
D63A LATQ 278  94   356    62   1.1  13.4  11.5
D63A  LMN 116 299   286    62  13.0   3.0  12.2
D63A M66A 195  13   662    62   4.4   2.8   5.9
D63A MALY 109 292   391    62  13.8   1.3  11.3
D63A N62A 214  31   803    62   5.4   9.0   7.2
D63A NATG  45 229   532    47   5.6   1.0   4.1
D63A PLVO 256  69   728    62   2.4   7.7   5.0
D63A QM16 177 357   204    62  14.3   5.7  12.9
D63A QM38 290 108   219    62   0.6  11.8  10.1
D63A QM50 301 118   307    31   2.2  11.6  10.0
D63A QM60 303 119   456    31   0.7   6.4   5.1
D63A QMM5 353 173   426    47   1.2  24.9  20.6
D63A SHEY 112 296   518    62  14.8   3.1  13.2
D63A SUSY 125 306   253    62  13.9   3.0  10.3
D63A  WES 207  25   576    62   8.6   5.6   7.8
DRLN E55A 264  71  1419    62   2.6   8.7   4.8
DRLN E58A 261  69  1222    62   3.3   7.5   5.6
DRLN E62A 256  68   943    33   0.2   6.3   4.1
DRLN E64A 252  64   834    62   5.4   9.3   7.8
DRLN EDEY 222  39   559    62   1.6   4.2   2.1
DRLN EMMW 240  53   909    62   3.0   5.0   4.9
DRLN F60A 257  66  1144    62   0.8  10.1   6.8
DRLN F61A 255  65  1076    62   3.2   9.6   9.0
DRLN F64A 249  61   898    62   2.3   4.7   3.7
DRLN G57A 257  65  1399    62   0.2   6.2   1.6
DRLN G59A 255  63  1273    62   0.9   2.8   1.9
DRLN G62A 250  61  1082    62   3.4   3.9   4.2
DRLN  GBN 217  34   524    62   4.9   0.7   5.2
DRLN  GGN 240  54   843    62   0.1   4.0   2.7
DRLN H61A 250  59  1216    62   0.3   7.0   5.8
DRLN H63A 247  57  1080    62   2.7   4.5   4.2
DRLN H64A 244  56  1027    62   0.5   6.9   6.1
DRLN H65A 242  54   961    62   2.3   6.8   5.6
DRLN  HAL 224  40   691    62   1.5   3.0   4.2
DRLN HANN 245  58   791    62   3.3   9.8   9.0
DRLN I57A 254  61  1507    54   2.9   0.2   2.1
DRLN I60A 249  58  1349    59   1.1   6.3   3.6
DRLN I64A 242  53  1101    62   2.9   4.5   2.8
DRLN J59A 250  58  1454    62   0.0   5.2   3.7
DRLN J62A 244  54  1288    62   1.1   5.8   4.9
DRLN J63A 243  53  1237    62   5.9   4.5   7.1
DRLN JOSY 233  46   854    31   2.1   1.0   2.0
DRLN K60A 246  54  1465    62   0.4   3.0   0.0
DRLN K62A 243  52  1353    62   2.5   5.2   4.0
DRLN L63A 238  48  1370    62   3.8   5.1   4.9
DRLN  LMN 238  53   667    62   4.3   5.9   5.2
DRLN LSQQ 276  82  1417    45   1.1  12.0   8.8
DRLN MALY 231  47   585    62   2.5   5.6   4.4
DRLN QM38 265  75  1001    62   0.6   6.4   3.7
DRLN QM50 270  80  1042    31   0.8   4.9   3.5
DRLN QM60 276  84  1152    31   1.8   4.7   3.3
DRLN QMM5 287  98   827    47   1.8  19.2  13.2
DRLN SHEY 218  35   570    62   5.3   2.1   4.6
DRLN SUSY 240  54   715    62  10.2  10.3  12.6
DRLN  WES 240  50  1314    62   2.8   1.1   3.6
DRLN WODY 232  47   712    62   3.8   6.1   6.1
E55A E58A  91 273   214    62  10.2   2.1   9.8
E55A E62A  86 270   501    33   9.1   1.8   7.8
E55A EDEY  91 281  1070    62   3.4   0.3   1.9
E55A F57A 124 305   127    62  17.8   3.9  17.2
E55A F61A  96 280   394    62  12.2   0.4   8.9
E55A F64A  94 279   599    62   9.3   1.2   8.1
E55A G57A 151 331   172    62   8.5   3.3   6.6
E55A G59A 123 305   271    62  19.4   3.5  18.4
E55A G62A 106 290   451    62  17.0   2.5  14.7
E55A  GGN  98 285   731    62   5.6   0.5   3.0
E55A H61A 122 305   388    62  20.3   1.5  19.1
E55A H64A 108 293   570    62  19.6   0.9  16.7
E55A H65A 105 291   640    62  14.6   1.2  11.6
E55A I60A 142 324   362    59  15.8   2.5  13.2
E55A I62A 126 309   469    62  22.4   2.5  20.3
E55A I63A 120 304   506    62  24.5   1.5  19.4
E55A I64A 117 301   578    62  14.6   1.3  11.8
E55A J59A 159 340   354    62  15.3   4.3  14.2
E55A K60A 157 339   460    62  14.7   3.2  13.0
E55A K62A 143 326   519    62  18.0   0.7  14.5
E55A L63A 144 327   622    62  16.6   0.1  12.9
E55A L65A 134 318   686    62  21.9   0.3  18.5
E55A LATQ  66 249   270    62  11.7   6.2  11.1
E55A LSQQ 347 166   298    45   2.7   9.8   8.8
E55A M66A 138 322   748    62  11.5   1.2   7.0
E55A NATG  62 252  1068    47   4.8   2.7   5.3
E55A PLVO 207  26   176    62   5.6   6.4   5.4
E55A QM16  99 285   645    62   3.9   0.2   3.2
E55A QM38  69 253   418    62   7.9   2.8   7.4
E55A QM60  33 215   364    31   6.4   2.3   3.2
E55A QMM5  45 230   724    47  11.9   2.4   9.9
E55A SHEY  93 283  1102    62   7.2   1.0   4.4
E55A VLDQ 327 146   232    62   2.5  14.8  12.7
E55A  WES 138 322   589    62  16.5   1.8  15.1
E55A WODY  96 284   898    62   7.5   2.8   5.4
E58A E64A  87 271   419    62   9.5   4.6   7.5
E58A F57A 241  60   126    62   3.1   9.3   7.5
E58A F60A 113 294   112    62  11.4   2.5  10.6
E58A F61A 103 285   182    62  11.7   1.3  10.8
E58A F64A  97 280   385    62   6.8   0.3   6.0
E58A G57A 224  43   194    62   3.8  12.0  11.9
E58A G59A 177 357   144    62   9.8   1.1   7.5
E58A G61A 131 312   182    62  14.3   2.5  13.3
E58A G62A 120 302   249    62  16.5   3.4  16.7
E58A G63A 115 297   317    62  17.7   1.2  17.5
E58A  GGN 103 288   520    62  13.8   0.2  10.3
E58A H61A 152 333   231    62  16.8   3.3  15.0
E58A H62A 140 321   260    62  19.2   4.6  16.9
E58A H63A 126 308   317    62  18.5   1.5  16.0
E58A H64A 120 303   371    62  17.1   0.9  15.0
E58A H65A 114 297   435    62  19.5   2.1  16.6
E58A  HAL 101 288   781    62  10.1   1.8   7.4
E58A HANN  94 279   506    62  11.3   0.4   8.0
E58A HOLY  86 271   524    62   4.9   4.0   4.9
E58A I57A 216  34   329    54   3.8  11.0   9.0
E58A I60A 180   0   281    59   9.0   3.6   9.4
E58A I62A 150 332   317    62  15.3   1.3  13.5
E58A I63A 140 322   334    62  22.5   0.4  18.4
E58A I64A 132 315   395    62  21.3   0.0  18.7
E58A  ICQ  50 234   569    62  11.2   4.7  10.0
E58A J59A 197  16   337    62   4.1   6.3   4.9
E58A J62A 161 342   368    62  22.4   1.4  18.0
E58A J63A 152 334   385    62  19.3   1.0  16.0
E58A JOSY 110 295   616    31  10.1   1.6   7.3
E58A K60A 187   6   420    62   6.1   0.9   3.6
E58A K62A 168 349   420    62  15.5   4.1  15.2
E58A L63A 164 346   518    62  13.2   0.9   9.7
E58A L65A 151 333   547    62  15.8   2.1  13.2
E58A LATQ  18 199   119    62   7.4  10.1  10.1
E58A  LMN  92 278   657    62   9.8   2.3   6.7
E58A LSQQ 318 136   408    45   1.3  18.9  17.0
E58A M66A 155 337   622    62   9.2   1.0   6.6
E58A N62A 182   1   605    62  10.5   3.5   7.2
E58A PLVO 245  62   331    62   3.4  11.5  10.7
E58A QM16 105 289   434    62   7.9   0.0   5.8
E58A QM38  51 233   234    62  11.4   4.3   7.9
E58A QM50  28 209   257    31   5.8   3.1   3.5
E58A QM60 359 179   311    31   2.0  11.7   9.3
E58A QMM5  32 215   597    47   7.3   2.5   5.7
E58A SHEY  95 283   888    62  11.1   1.0   8.3
E58A SUSY  94 280   611    62   7.4   2.1   6.1
E58A VLDQ 302 119   395    62   3.0  21.0  18.0
E58A  WES 160 341   470    62  19.7   3.4  17.5
E58A WODY  99 285   685    62   7.4   1.7   6.5
E62A E64A  99 280   132    33   8.1   1.1   7.1
E62A EMMW 142 324   267    33  13.0   0.5  11.3
E62A F60A 250  68   201    33   4.9   6.9   6.1
E62A F61A 238  57   134    33   7.3  11.2   9.9
E62A F62A 203  23    87    33   8.5   7.0   8.8
E62A F64A 132 313   124    33  12.3   1.0  10.8
E62A G57A 250  66   456    33   3.1   3.7   3.0
E62A G59A 240  58   332    33   1.6   5.7   4.9
E62A G61A 227  46   215    33   2.2   8.3   5.0
E62A G62A 207  26   174    33   6.1   6.4   6.1
E62A G63A 183   3   167    33  14.5   5.6  12.7
E62A  GGN 128 310   267    33  10.6   1.9   8.9
E62A H62A 210  29   261    33   7.4   6.7   6.1
E62A H63A 191  10   221    33   6.1   6.9   7.6
E62A H64A 174 354   221    33  17.2   5.7  14.5
E62A H65A 155 336   236    33  14.5   2.4  12.0
E62A  HAL 113 298   512    33   6.3   0.2   3.0
E62A HANN 110 292   228    33   9.2   1.8   7.8
E62A HOLY  91 274   235    33   9.8   3.1   9.4
E62A I60A 225  42   427    30   3.8   2.8   3.2
E62A I62A 206  24   337    33   4.0   6.7   5.6
E62A I63A 197  16   297    33   7.2   1.9   5.5
E62A I64A 182   2   300    33  12.1   1.1   9.2
E62A  ICQ  27 208   364    33   4.1   7.4   7.6
E62A J62A 206  25   418    33   3.2   3.0   2.9
E62A J63A 199  18   391    33   5.1   6.6   4.6
E62A K60A 219  36   564    33   2.9   5.0   4.9
E62A K62A 207  25   489    33   4.5   6.8   5.4
E62A L63A 198  17   554    33   5.8   3.7   5.5
E62A L65A 185   5   512    33  10.0   4.0   9.0
E62A LATQ 290 108   262    33   4.3  12.4  10.5
E62A MALY  99 283   485    33  12.3   1.9   9.1
E62A N62A 208  25   707    33   4.4   3.8   2.5
E62A PLVO 256  71   612    33   1.3   5.1   3.6
E62A QM38 320 139   155    33   2.1  13.4  10.2
E62A QMM5   6 187   473    31   1.7   8.4   8.2
E62A SHEY 103 288   608    33   6.6   3.4   5.9
E62A SUSY 106 289   331    33   8.0   0.5   5.3
E62A  WES 198  16   492    33   6.4   4.7   6.0
E64A EMMW 171 351   192    62  12.5   3.1   9.6
E64A F57A 265  80   535    62   3.2  12.2   8.5
E64A F60A 263  80   322    62   1.8  10.0   6.6
E64A F61A 260  77   249    62   1.4  11.5  10.1
E64A F62A 251  70   175    62   3.3  12.0  10.2
E64A F64A 213  33    74    62   8.6   6.4   7.8
E64A G57A 258  73   575    62   1.6  11.5   9.4
E64A G59A 252  68   442    62   2.7   7.3   5.8
E64A G61A 248  65   314    62   3.0   9.2   7.1
E64A G62A 239  57   249    62   6.7  11.7  10.4
E64A G63A 225  43   201    62   6.8   8.7   7.5
E64A  GBN 101 285   503    62  15.2   3.6  12.0
E64A  GGN 152 332   164    62  14.5   5.8  13.3
E64A H61A 238  55   383    62   7.8  11.7  11.2
E64A H62A 233  51   331    62   6.9  12.1  10.8
E64A H63A 222  41   260    62   8.8   7.6   6.8
E64A H64A 209  28   225    62   7.7   9.2   8.2
E64A H65A 190  10   194    62  13.2   6.0  11.9
E64A  HAL 119 302   386    62  12.4   0.3  10.3
E64A HANN 126 306   101    62  11.3   1.9  10.1
E64A HOLY  83 264   105    62   8.7   6.4   8.6
E64A I60A 238  54   516    59   2.0  12.1  11.1
E64A I62A 226  43   395    62   8.8  11.7  12.5
E64A I63A 220  38   340    62   7.0   9.8  12.3
E64A I64A 208  26   312    62   7.5   8.3   7.8
E64A  ICQ   7 187   348    62   5.8  14.3  13.0
E64A J59A 240  56   620    62   5.6  11.9  12.9
E64A J62A 223  40   474    62   6.4  15.2  12.9
E64A J63A 218  35   433    62   6.5   7.7   7.5
E64A JOSY 149 330   279    31  16.6   0.5  15.6
E64A K60A 231  47   640    62   3.7  11.9   8.2
E64A K62A 222  38   544    62   8.7  12.3  12.4
E64A L63A 212  30   590    62   9.2   5.8   8.3
E64A L65A 201  19   519    62  13.9   5.4  10.0
E64A LATQ 288 104   392    62   1.7   7.4   7.7
E64A  LMN 104 286   242    62  12.4   2.6   9.6
E64A LSQQ 296 110   746    45   1.2   8.0   5.9
E64A M66A 199  17   602    62   6.2   4.6   5.6
E64A MALY 100 283   353    62  11.7   5.1  11.4
E64A N62A 219  35   760    62   5.0  10.3  10.5
E64A PLVO 261  75   735    62   0.7   3.9   3.3
E64A QM16 184   4   135    62  11.2   2.6  10.2
E64A QM38 302 120   269    62   3.9  14.6  13.8
E64A QM50 309 126   364    31   0.4  12.5  10.6
E64A QMM5 352 171   497    47   3.4  23.4  20.9
E64A SUSY 112 294   201    62  13.6   6.0  13.5
E64A  WES 213  31   527    62   6.9   3.9   6.9
E64A WODY 120 302   287    62  13.4   2.1  12.5
EDEY EMMW 260  77   413    62   2.6   5.8   4.6
EDEY F60A 278  91   752    62   0.7   2.3   1.9
EDEY F62A 278  92   598    62   0.7   2.3   2.2
EDEY F64A 278  94   472    62   2.1   5.1   4.8
EDEY G57A 272  83   994    62   0.8   2.5   2.9
EDEY G59A 271  83   853    62   1.3   2.0   1.6
EDEY G61A 272  85   721    62   0.3   3.6   2.6
EDEY G62A 271  85   644    62   0.2   0.4   1.0
EDEY G63A 269  84   574    62   0.2   1.9   0.7
EDEY  GBN  93 274    63    62   6.6   2.1   5.4
EDEY  GGN 266  83   357    62   0.6   5.6   2.6
EDEY H61A 266  79   764    62   1.1   4.6   4.2
EDEY H63A 265  79   614    62   1.6   6.2   5.1
EDEY H64A 263  78   551    62   0.8   8.9   4.9
EDEY H65A 262  78   474    62   2.5   7.7   6.7
EDEY  HAL 229  48   134    62   6.6   6.2   5.7
EDEY HANN 280  96   350    62   1.1   5.6   4.7
EDEY HOLY 292 109   343    62   2.2   7.1   3.9
EDEY I60A 262  75   888    59   0.1   2.0   2.2
EDEY I62A 260  73   736    62   0.1   3.2   2.0
EDEY I64A 256  71   604    62   1.6   6.0   3.9
EDEY JOSY 247  65   320    31   7.5   9.8   8.8
EDEY K60A 255  67   978    62   0.8   2.9   2.3
EDEY K62A 252  65   852    62   1.1   4.0   1.1
EDEY L65A 241  56   729    62   2.8   1.9   1.3
EDEY  LMN 284 102   199    62   0.5   6.4   4.5
EDEY M66A 236  51   785    62   1.1   3.6   1.5
EDEY MALY 296 116    90    62   2.6   4.8   4.2
EDEY N62A 245  57  1034    62   2.7   3.5   3.8
EDEY QM16 269  85   442    62   1.6   8.6   6.2
EDEY QM38 294 108   699    62   1.6   2.5   2.7
EDEY QM50 298 111   784    31   0.5   3.0   2.5
EDEY SHEY 143 323    43    62   5.3   2.3   3.9
EDEY SUSY 278  96   245    62   2.9   5.7   2.0
EDEY  WES 248  62   798    62   0.8   3.6   2.5
EDEY WODY 259  77   188    62   4.2   6.8   5.8
EMMW F60A 293 110   379    62   2.5  13.8  10.1
EMMW F61A 298 116   311    62   0.7  12.7  11.3
EMMW F62A 305 123   237    62   2.1  13.0  10.8
EMMW F64A 332 151   146    62   3.3  12.5  11.1
EMMW G59A 277  93   454    62   1.4   4.9   3.3
EMMW G61A 283 100   327    62   2.2  12.9  11.2
EMMW G62A 284 102   249    62   4.4  15.5  12.6
EMMW G63A 286 104   177    62   2.5  11.1  10.7
EMMW  GBN  78 263   475    62   8.4   5.5   6.2
EMMW  GGN  47 227    67    62   6.8   5.3   6.3
EMMW H61A 268  85   355    62   1.8   9.5   7.8
EMMW H63A 269  88   204    62   0.6   7.9   3.8
EMMW H64A 268  86   140    62   3.5   8.2   7.1
EMMW H65A 269  89    63    62   2.4   8.3   6.3
EMMW  HAL  90 273   307    62  14.2   6.7  12.9
EMMW HANN  22 203   141    62   9.8  15.2  14.1
EMMW HOLY  21 201   216    62  10.7  11.9  13.4
EMMW I57A 265  80   660    54   1.6  10.9   7.8
EMMW I60A 260  76   475    59   0.5  12.2  10.2
EMMW I62A 255  72   323    62   3.8  13.9  12.0
EMMW I63A 255  73   259    62   1.1  10.4   8.6
EMMW I64A 244  63   195    62   3.6   9.0   8.8
EMMW  ICQ   1 182   535    62   4.0  17.0  15.1
EMMW J59A 259  74   581    62   0.4  13.8  10.6
EMMW J62A 246  63   386    62   3.2  10.2   8.9
EMMW J63A 243  60   331    62   4.4  10.9   9.9
EMMW JOSY 113 294   125    31   8.8   4.2   9.1
EMMW K60A 248  64   568    62   0.4   7.9   6.0
EMMW K62A 241  58   447    62   2.9   7.9   5.9
EMMW L63A 228  45   462    62   5.9   6.0   7.5
EMMW L65A 216  34   364    62  10.1   9.2  11.0
EMMW LATQ 308 124   508    62   0.4  11.3   9.2
EMMW  LMN  58 239   244    62  10.8   3.3   5.7
EMMW LSQQ 307 120   871    45   0.6  10.7   6.4
EMMW M66A 211  29   441    62   4.5   3.6   5.2
EMMW MALY  68 251   344    62   6.8   2.7   4.8
EMMW NATG  28 211   712    47   4.8   2.7   5.1
EMMW QM16 325 145    68    62   3.3   8.4   7.8
EMMW QM38 323 140   421    62   0.4  17.3  14.4
EMMW QM50 323 140   522    31   1.7  15.9  14.5
EMMW QMM5 352 171   690    47   0.6  18.0  14.0
EMMW SHEY  82 266   434    62   9.7   5.5   9.4
EMMW SUSY  54 236   195    62   8.5   7.0   6.9
EMMW  WES 232  49   405    62   2.8   8.4   7.2
EMMW WODY  78 260   225    62  12.6   8.6  12.0
F57A F60A  84 266   213    62  10.7   5.9   8.0
F57A F61A  85 268   288    62   8.7   2.9   9.6
F57A F62A  87 270   367    62   9.9   2.0   6.0
F57A F64A  87 272   493    62  10.8   2.9   9.6
F57A G57A 196  16    82    62   6.0   5.3   6.3
F57A G59A 124 305   144    62  15.3   3.8  13.7
F57A G61A 102 285   254    62  15.4   1.7  12.1
F57A G62A 100 283   332    62  16.7   2.6  15.0
F57A G63A  99 283   404    62  18.1   1.0  14.1
F57A H61A 122 304   260    62  16.9   1.1  16.0
F57A H62A 115 298   310    62  18.6   2.5  15.8
F57A H63A 108 291   387    62  14.2   0.7  11.9
F57A H65A 101 286   521    62  16.5   1.1  14.1
F57A HANN  86 272   615    62   6.6   4.3   5.8
F57A HOLY  80 266   640    62   5.8   1.7   3.5
F57A I57A 200  20   222    54   8.2   2.8   5.0
F57A I60A 153 334   245    59  11.9   1.5   9.8
F57A I62A 128 310   342    62  25.2   2.8  22.3
F57A  ICQ  51 236   693    62  11.2   1.9   7.3
F57A J59A 177 357   261    62  10.8   3.8   7.8
F57A J63A 133 316   402    62  25.5   1.7  22.6
F57A K60A 169 350   361    62   9.4   2.8   6.5
F57A K62A 150 332   401    62  13.9   3.7  13.4
F57A LATQ  39 221   228    62   8.5   6.6   7.4
F57A  LMN  86 273   768    62   3.0   1.2   1.5
F57A LSQQ 335 154   400    45   0.2  11.0   7.1
F57A MALY  86 274   881    62   6.4   1.6   6.3
F57A N62A 169 350   551    62   9.5   1.3   6.2
F57A NATG  56 245  1014    47   4.4   1.2   1.2
F57A PLVO 246  64   205    62   4.8  11.9  10.0
F57A QM16  95 280   531    62   8.5   2.9   6.9
F57A QM38  53 236   359    62   9.3   4.5  10.0
F57A QM50  37 220   369    31   6.1   7.1   4.9
F57A QM60  15 196   387    31   1.3   4.4   2.5
F57A QMM5  36 220   710    47   7.6   1.3   4.0
F57A SHEY  90 279   995    62   4.2   1.4   2.2
F57A SUSY  88 274   720    62   5.7   3.9   6.3
F57A VLDQ 320 137   352    62   2.2  22.5  20.2
F57A  WES 143 326   467    62  12.3   1.1  12.6
F60A F61A  89 270    74    62   6.0   6.1   5.3
F60A F62A  92 274   154    62   8.8   1.9   6.9
F60A F64A  91 274   280    62   9.8   3.3   7.1
F60A G57A 249  67   256    62   0.7   8.6   7.7
F60A G59A 225  44   138    62   1.3   6.3   3.2
F60A G61A 156 337    83    62  12.9   3.4  11.6
F60A G62A 126 307   139    62  14.8   5.5  13.2
F60A G63A 117 298   205    62  13.7   5.0  14.1
F60A  GBN  91 278   815    62  11.0   3.6   7.8
F60A H61A 179 359   161    62   5.8   4.3   6.2
F60A H62A 158 338   167    62  15.2   3.5  13.2
F60A H63A 133 315   209    62  13.7   4.3  14.0
F60A H64A 124 306   260    62  14.8   4.0  13.3
F60A H65A 115 297   323    62  18.4   1.7  14.3
F60A  HAL 100 286   672    62   9.4   2.3   7.1
F60A HANN  90 273   402    62   7.2   2.0   4.2
F60A HOLY  80 264   428    62  10.4   1.7   7.0
F60A I57A 234  51   370    54   3.0   9.3   8.8
F60A I60A 205  24   259    59   6.4   5.4   6.8
F60A I62A 168 348   238    62  14.6   7.4  11.9
F60A I63A 153 334   239    62  21.4   0.7  18.7
F60A I64A 140 322   292    62  19.7   0.8  15.7
F60A  ICQ  40 223   528    62   7.9   5.3   7.1
F60A J59A 217  35   344    62   3.9   7.9   5.6
F60A J62A 178 358   305    62   8.5   6.1   7.4
F60A J63A 167 347   307    62  15.0   1.6  13.7
F60A JOSY 110 294   504    31   8.5   2.0   8.1
F60A K60A 203  22   403    62   2.6   4.4   5.4
F60A K62A 184   3   368    62   6.9   8.6   6.6
F60A L63A 176 357   457    62   9.1   5.8   9.6
F60A L65A 160 341   463    62  18.0   1.3  15.4
F60A LATQ 338 158   170    62   5.7  15.9  15.4
F60A  LMN  89 274   554    62   7.6   0.9   5.6
F60A N62A 193  12   573    62   3.4   4.1   4.1
F60A NATG  51 238   832    47   7.1   3.0   5.1
F60A QM16 104 287   323    62  10.0   2.3   7.5
F60A QM38  23 204   207    62   6.0   6.1   4.3
F60A QM50   5 185   272    31   3.6  10.2   9.6
F60A QM60 344 163   371    31   0.2  15.5  15.3
F60A QMM5  22 204   590    47   2.5   3.3   2.6
F60A VLDQ 301 117   505    62   0.6  21.6  17.4
F60A  WES 173 353   401    62  11.9   4.4  10.6
F60A WODY  97 282   577    62   8.8   3.2   6.9
F61A F62A  96 277    80    62   8.6   6.0   8.1
F61A F64A  92 274   205    62   6.7   3.7   5.3
F61A G57A 254  71   327    62   2.4   8.9   6.7
F61A G59A 241  59   198    62   1.9   4.8   4.0
F61A G61A 209  28    87    62   6.9   7.2   7.0
F61A G62A 157 337    91    62  15.4   5.4  13.2
F61A G63A 131 312   144    62  15.2   2.5  13.2
F61A  GGN 105 288   338    62  16.7   1.5  14.3
F61A H61A 205  24   177    62   8.5  12.0  11.5
F61A H62A 185   5   156    62   9.6   4.6   8.9
F61A H63A 152 333   164    62  16.6   4.0  16.2
F61A H64A 136 317   203    62  13.2   5.3  13.7
F61A H65A 122 304   258    62  15.6   3.1  14.5
F61A  HAL 102 287   599    62   9.2   3.4   7.8
F61A HANN  90 273   328    62   6.7   3.2   5.7
F61A HOLY  78 262   354    62  11.6   2.9  10.0
F61A I57A 240  57   432    54   0.4  10.2   7.3
F61A I60A 218  37   298    59   6.2   9.3   6.3
F61A I62A 187   7   235    62  10.4   6.2   9.1
F61A I63A 171 352   216    62  18.4   3.9  15.3
F61A I64A 154 335   252    62  18.2   6.0  18.3
F61A  ICQ  34 217   483    62   8.5   6.3   8.2
F61A J59A 226  44   394    62   2.1   8.7   6.4
F61A J62A 192  12   312    62  10.9   4.2   8.9
F61A K60A 213  31   439    62   2.3   4.9   6.5
F61A K62A 196  15   381    62  13.4   5.4  12.8
F61A L63A 186   6   459    62   8.7   3.6   7.6
F61A L65A 170 351   445    62  13.0   1.1  11.0
F61A LATQ 319 138   208    62   0.8  18.2  15.6
F61A  LMN  89 274   480    62   9.4   0.6   5.3
F61A LSQQ 309 125   566    45   0.0  17.5  14.2
F61A M66A 172 353   528    62  15.0   2.0  11.5
F61A MALY  89 275   593    62   8.6   3.0   7.3
F61A N62A 201  19   595    62   4.9   6.5   6.1
F61A PLVO 260  76   486    62   0.5  11.7   8.2
F61A QM16 109 291   252    62  12.0   0.6  10.3
F61A QM38   3 183   189    62   3.7  11.3  10.4
F61A QM50 350 169   275    31   2.4  18.4  15.8
F61A QM60 334 153   396    31   1.5  16.3  13.6
F61A QMM5  16 198   565    47   4.9  10.2   9.9
F61A SHEY  94 281   709    62   8.9   3.0   5.3
F61A SUSY  92 276   433    62   9.0   2.6   5.4
F61A VLDQ 298 113   569    62   1.5  17.3  14.4
F61A  WES 184   4   400    62  11.8   4.2  10.7
F61A WODY  99 283   504    62   9.6   0.3   6.6
F62A F64A  91 272   126    62   5.8   3.1   4.7
F62A G59A 251  69   267    62   1.5   7.3   5.0
F62A G61A 241  60   140    62   6.0   8.6   7.5
F62A G62A 211  30    87    62   5.8   9.0   8.2
F62A G63A 163 343    91    62  14.2   3.6  12.3
F62A  GBN  92 278   661    62   4.5   0.6   2.0
F62A  GGN 108 291   259    62  18.4   1.8  14.3
F62A H61A 226  45   217    62   7.9  10.5   9.9
F62A H62A 213  32   174    62  10.9  10.1  12.7
F62A H63A 182   2   137    62   9.5   4.8   8.7
F62A H64A 157 338   151    62  18.1   2.4  14.3
F62A H65A 134 315   190    62  14.4   3.2  12.4
F62A  HAL 103 288   519    62   6.9   0.7   3.1
F62A HANN  89 272   248    62  10.7   3.5   9.7
F62A HOLY  74 257   279    62  11.2   4.8   9.5
F62A I57A 246  62   499    54   3.3  13.2  11.0
F62A I60A 230  48   348    59   5.8   6.2   5.9
F62A I62A 206  25   249    62  12.1  10.8  12.6
F62A I63A 194  13   211    62  10.7   5.5  10.4
F62A I64A 173 353   221    62  14.7   3.6  12.4
F62A  ICQ  26 208   451    62   9.0   7.8  11.2
F62A J59A 235  52   450    62   2.4   7.4   7.4
F62A J62A 207  26   331    62   6.1   8.2   6.4
F62A J63A 197  16   304    62   9.4   6.0   8.8
F62A JOSY 119 302   360    31   9.4   2.0   7.5
F62A K60A 222  39   480    62   4.5   8.9   9.0
F62A K62A 208  26   402    62  10.9  11.3  12.0
F62A L63A 197  16   467    62   8.6   7.2   8.1
F62A L65A 181   1   430    62  13.6   4.5  11.0
F62A LATQ 308 126   272    62   2.1  16.3  14.1
F62A  LMN  89 273   401    62   9.6   4.7  10.0
F62A LSQQ 306 121   634    45   0.5  12.8   9.2
F62A MALY  89 274   514    62   9.5   3.0   5.8
F62A N62A 208  26   620    62   3.4   8.3   6.3
F62A NATG  45 230   722    47   4.7   6.2   4.5
F62A PLVO 263  78   564    62   1.6  10.8   7.3
F62A QM16 115 297   175    62  13.4   0.4  10.2
F62A QM38 341 161   209    62   2.1  19.4  16.8
F62A QM50 336 155   307    31   1.1  18.3  16.1
F62A QM60 326 144   443    31   2.2  14.5  10.9
F62A QMM5   9 189   557    47   2.9  12.9  11.4
F62A SHEY  95 281   629    62   9.0   2.6   5.8
F62A SUSY  92 275   353    62  10.7   2.2   9.8
F62A VLDQ 296 110   644    62   1.0  19.1  14.9
F62A  WES 196  15   405    62  13.0   7.5  11.4
F62A WODY 100 284   424    62   5.1   0.9   3.2
F64A G57A 263  78   525    62   0.3  11.6  10.0
F64A G59A 259  75   388    62   1.5   7.9   5.4
F64A G61A 257  74   256    62   4.1  14.7  13.9
F64A G62A 248  66   185    62   4.7  13.3  10.9
F64A G63A 230  50   129    62   3.7   9.9   8.5
F64A  GGN 125 306   144    62  10.2   6.3   9.6
F64A H61A 243  61   318    62   5.2  12.0  12.1
F64A H62A 238  56   263    62   5.9  10.4   8.8
F64A H63A 225  44   188    62   8.2   9.2   9.6
F64A H64A 207  26   152    62   7.5   5.6   6.9
F64A H65A 176 356   130    62  13.8   6.1  14.0
F64A  HAL 108 292   398    62   9.2   0.4   4.7
F64A HANN  88 270   123    62  10.0   5.4   8.2
F64A HOLY  62 244   163    62  11.6   5.6  10.5
F64A I57A 252  67   615    54   2.2   9.2   8.0
F64A I60A 242  58   450    59   4.5   8.8   7.5
F64A I62A 228  46   323    62  10.6  12.8  13.6
F64A I63A 222  40   268    62   8.3   7.1   8.4
F64A I64A 206  25   239    62   4.8   4.0   3.9
F64A  ICQ  11 192   415    62   6.4  17.8  15.8
F64A J59A 244  59   556    62   1.3   9.6   6.7
F64A J62A 224  42   402    62   6.5  10.1  10.8
F64A J63A 218  36   360    62   6.1  12.5  10.4
F64A JOSY 133 315   256    31  10.7   0.4   7.3
F64A K60A 233  49   571    62   7.0  14.3  11.0
F64A K62A 222  40   472    62   6.4   9.3   8.6
F64A L63A 212  29   516    62   7.3   7.8   8.3
F64A L65A 198  17   447    62   9.3   9.1  10.4
F64A  LMN  89 271   275    62   7.6   4.7   6.7
F64A LSQQ 302 115   741    45   3.2  10.0   8.4
F64A M66A 196  15   531    62   6.1   2.4   2.8
F64A MALY  89 273   388    62  12.6   5.1  10.1
F64A N62A 219  35   687    62   6.0   4.4   5.4
F64A NATG  38 222   642    47   6.8   5.3   6.2
F64A QM16 157 337    79    62   9.6   3.7   8.6
F64A QM38 317 136   278    62   0.5  17.6  14.1
F64A QM50 320 137   378    31   0.6  15.2  12.6
F64A QM60 316 133   525    31   2.2   9.6   8.4
F64A SHEY  97 282   504    62  12.4   0.0   9.7
F64A SUSY  93 275   227    62  10.6   6.0  10.3
F64A  WES 213  31   454    62   4.2   9.8   7.6
F64A WODY 105 288   300    62   6.9   3.1   5.2
G57A G59A  90 272   142    62  11.1   2.0   8.6
G57A G61A  85 267   272    62  11.6   1.6   9.8
G57A G63A  88 272   422    62  15.0   1.1   9.0
G57A  GGN  87 273   641    62  12.6   3.0   9.1
G57A H61A 104 286   250    62  16.9   0.1  14.9
G57A H62A 100 282   308    62  16.5   0.9  14.0
G57A H63A  95 279   394    62  15.1   1.7  13.2
G57A H64A  94 278   458    62  17.9   0.4  13.9
G57A H65A  92 277   534    62  11.5   2.0   9.7
G57A HANN  79 265   648    62   6.6   3.0   5.2
G57A HOLY  74 260   681    62   6.6   3.5   4.5
G57A I57A 203  22   140    54   5.9   7.0   6.5
G57A I60A 135 317   194    59  18.4   2.5  15.3
G57A I62A 114 296   321    62  20.1   0.1  16.7
G57A I63A 107 290   369    62  16.7   3.1  16.4
G57A  ICQ  47 233   762    62  10.9   0.3   7.6
G57A J59A 168 348   186    62  13.0   4.1  10.8
G57A J62A 128 311   328    62  20.9   1.0  17.7
G57A J63A 122 304   372    62  19.6   1.7  20.0
G57A JOSY  94 281   717    31   3.7   4.2   2.6
G57A K60A 162 343   290    62  14.8   3.6  12.9
G57A K62A 140 322   350    62  16.9   3.1  15.5
G57A L63A 142 324   452    62  15.6   0.7  12.6
G57A LATQ  33 215   305    62  11.5   6.8   9.9
G57A  LMN  80 268   800    62  10.8   1.5   8.4
G57A LSQQ 342 160   465    45   0.5  11.7   8.4
G57A M66A 136 319   581    62   9.6   0.9   8.1
G57A MALY  81 269   912    62   9.8   1.8   5.6
G57A N62A 165 346   480    62  12.6   3.3   9.4
G57A NATG  53 242  1078    47   5.3   0.5   3.1
G57A PLVO 268  87   165    62   1.8  15.9  13.5
G57A QM38  47 230   427    62  10.0   5.7  11.3
G57A QM50  33 216   446    31   4.2   3.5   4.9
G57A QMM5  34 218   787    47   5.8   2.9   4.7
G57A SHEY  85 274  1022    62   7.2   1.7   5.8
G57A SUSY  81 268   751    62  11.7   3.4   8.5
G57A VLDQ 329 147   403    62   1.7  12.8  11.2
G57A  WES 134 317   422    62  16.5   0.2  14.5
G57A WODY  86 274   812    62   7.0   3.1   3.1
G59A G61A  80 261   132    62   8.9   2.6   7.7
G59A G62A  85 267   209    62   7.6   1.6   7.7
G59A G63A  88 270   280    62   7.0   0.3   4.0
G59A  GBN  84 272   916    62   6.5   0.1   4.0
G59A  GGN  87 272   499    62   8.9   2.4   7.5
G59A H61A 122 302   117    62  12.0   2.5  12.1
G59A H62A 109 290   170    62  13.1   3.0  13.3
G59A H64A  97 280   317    62  11.4   0.8   8.9
G59A HOLY  71 255   546    62   5.1   2.1   4.7
G59A I57A 238  56   234    54   3.2   7.0   6.5
G59A I60A 184   4   138    59   8.7   3.9   6.8
G59A I62A 132 313   199    62  14.6   3.5  13.5
G59A  ICQ  40 224   666    62   6.6   2.8   4.4
G59A J59A 211  30   208    62   3.5  10.1   7.3
G59A J62A 152 332   233    62  11.1   0.3   8.4
G59A J63A 139 321   261    62  15.3   0.2  12.9
G59A JOSY  97 282   575    31   8.1   2.0   6.1
G59A K60A 192  11   280    62   7.4   5.3   6.5
G59A K62A 164 345   279    62   9.8   4.2   6.6
G59A L63A 160 341   379    62  13.2   3.6  11.1
G59A LATQ   7 187   258    62   3.2   8.2   6.2
G59A LSQQ 328 145   528    45   1.2  17.7  14.7
G59A MALY  81 268   772    62   6.1   3.7   5.9
G59A N62A 183   3   462    62   6.7   0.9   6.1
G59A PLVO 271  88   307    62   3.8  13.4  11.2
G59A QM38  31 213   339    62  11.1   5.1  10.7
G59A QM50  17 198   388    31   1.4   3.3   3.2
G59A QM60 359 178   455    31   0.7   1.3   1.6
G59A QMM5  25 209   719    47   0.8   3.7   1.6
G59A VLDQ 316 133   492    62   1.3  15.1  12.6
G59A WODY  87 273   670    62   5.2   1.3   2.9
G61A G62A  95 276    78    62  10.5   2.9   9.1
G61A G63A  96 278   151    62  12.2   3.2  11.4
G61A  GBN  85 273   784    62  10.4   1.0   6.2
G61A  GGN  91 274   369    62  11.2   2.4  10.3
G61A H61A 201  20    90    62   8.8   6.8   8.3
G61A H62A 159 340    84    62  12.5   4.3  12.2
G61A H63A 120 301   136    62  13.3   1.9  11.2
G61A H64A 111 292   195    62  16.4   2.1  13.2
G61A H65A 103 285   267    62  13.8   2.9  12.6
G61A  HAL  94 279   630    62  16.5   2.8  12.3
G61A HANN  78 262   377    62   9.5   3.4   6.6
G61A HOLY  69 252   416    62  13.4   3.3  10.0
G61A I57A 247  64   360    54   2.3  13.2  12.1
G61A I60A 222  41   213    59   4.7   9.9   8.1
G61A I62A 174 355   157    62  11.1   3.9  10.3
G61A I63A 151 332   156    62  17.7   3.3  15.3
G61A I64A 135 316   213    62  18.3   6.4  17.2
G61A  ICQ  33 216   570    62   6.4   6.4  11.2
G61A J59A 231  49   312    62   5.0  10.3   9.2
G61A J62A 186   6   230    62   7.1   4.1   6.8
G61A J63A 171 351   225    62  11.5   7.2  10.8
G61A JOSY 103 286   451    31   9.9   3.3   8.8
G61A K60A 213  32   352    62   6.7   7.0  10.1
G61A K62A 191  11   296    62  13.1   9.9  14.2
G61A L63A 181   1   380    62  10.5   7.2  11.2
G61A L65A 161 342   380    62  17.1   1.0  14.0
G61A  LMN  81 265   528    62  12.2   3.9  11.9
G61A LSQQ 317 133   589    45   0.1  16.4  11.9
G61A M66A 165 346   461    62  12.6   1.5  11.9
G61A MALY  82 268   641    62  10.3   2.9   6.9
G61A N62A 199  17   509    62   2.8   4.1   4.9
G61A NATG  46 233   857    47   6.6   0.6   3.4
G61A QM16  90 273   281    62   9.3   1.0   8.0
G61A QM38  11 191   271    62   3.2   8.6   8.2
G61A QM50 358 178   348    31   0.5  10.3   6.0
G61A QM60 343 162   453    31   0.3  18.7  13.3
G61A QMM5  17 199   651    47   4.9   7.9   7.6
G61A SHEY  88 275   749    62   7.8   0.9   5.9
G61A SUSY  82 266   479    62  10.7   2.0   9.9
G61A VLDQ 306 122   575    62   2.7  19.5  15.5
G61A  WES 177 357   322    62  11.7   5.7  11.2
G61A WODY  90 275   540    62   8.6   0.1   6.3
G62A G63A  99 279    73    62   9.1   7.4   8.7
G62A  GBN  85 271   707    62  10.5   0.5   6.4
G62A  GGN  91 274   290    62  13.0   2.4  10.3
G62A H61A 235  55   135    62   7.2  11.7  10.5
G62A H62A 215  34    87    62   6.3   6.9   6.6
G62A H63A 147 328    73    62  11.9   3.0  10.9
G62A H64A 121 302   122    62  11.4   1.3   9.3
G62A H65A 107 289   189    62  12.9   2.3  11.2
G62A HANN  75 257   303    62  12.3   5.4  10.3
G62A HOLY  64 247   348    62  12.3   4.3  10.7
G62A I57A 253  69   431    54   1.6  14.1  11.2
G62A I60A 236  54   267    59   5.2   9.4   7.8
G62A I62A 203  23   162    62  10.8  12.6  13.4
G62A I63A 182   2   130    62   9.2   7.0   9.1
G62A I64A 153 334   161    62  15.2   5.0  13.7
G62A  ICQ  26 208   538    62   7.5   5.0   6.6
G62A J59A 240  57   372    62   6.1  11.8   9.8
G62A J62A 205  24   244    62   8.6  10.1  11.1
G62A J63A 192  11   220    62   8.3   7.2   8.0
G62A JOSY 105 288   373    31  12.0   3.3   9.7
G62A K60A 224  42   395    62   2.7  12.2   9.0
G62A K62A 206  25   315    62  12.6  11.0  13.5
G62A L63A 194  13   383    62   8.9   8.1   9.5
G62A L65A 174 354   356    62  11.6   3.8   9.0
G62A LATQ 325 143   297    62   2.8  18.0  17.6
G62A  LMN  79 263   453    62  12.0   1.9   9.8
G62A LSQQ 313 129   649    45   1.2  14.6  12.2
G62A M66A 176 356   441    62  10.0   3.6   8.5
G62A MALY  81 266   564    62   8.0   5.7   6.6
G62A N62A 208  26   533    62   4.6  10.1   9.0
G62A NATG  43 229   807    47   4.2   2.8   5.8
G62A PLVO 270  85   515    62   0.7  11.7  10.0
G62A QM38 355 175   274    62   2.5  13.1  11.8
G62A QM50 347 166   365    31   1.8  18.3  14.7
G62A QMM5  11 192   639    47   2.7   5.8   4.7
G62A SUSY  80 264   403    62  13.8   2.2  10.4
G62A VLDQ 303 118   643    62   0.5  20.2  16.6
G62A  WES 192  11   321    62   9.3   6.3   9.2
G63A  GBN  84 270   637    62   8.9   2.7   4.9
G63A  GGN  89 271   218    62  12.7   3.8  10.3
G63A H61A 251  69   194    62   5.0  13.3  12.0
G63A H62A 244  63   136    62   4.0   8.8   7.8
G63A H63A 213  33    60    62   4.9   7.4   5.6
G63A H64A 149 329    61    62  12.2   3.4  11.0
G63A H65A 113 294   118    62  12.0   4.1   9.9
G63A  HAL  94 278   479    62  19.5   0.6  16.6
G63A HANN  68 250   239    62   8.3   4.9   5.8
G63A HOLY  56 239   291    62  16.5   7.8  15.5
G63A I57A 257  73   498    54   1.3  10.9  10.4
G63A I60A 246  63   325    59   4.0   9.4   9.4
G63A I62A 225  44   194    62   6.1   9.6   9.1
G63A I63A 213  33   141    62   4.5   6.2   5.6
G63A I64A 181   1   133    62  10.7   5.5  10.4
G63A  ICQ  19 201   521    62   6.0  13.2  10.7
G63A J59A 247  63   431    62   2.3  11.8  10.3
G63A J62A 221  39   274    62   6.6  13.9  11.0
G63A J63A 210  29   235    62   7.9  12.7  10.4
G63A JOSY 107 290   301    31  10.7   2.0   9.1
G63A K60A 233  50   441    62   3.8  10.4   8.4
G63A K62A 219  37   344    62   5.9  10.0  10.1
G63A L63A 205  23   395    62   8.4   6.5   7.3
G63A L65A 186   6   345    62  10.9   5.7   9.8
G63A  LMN  76 259   385    62  11.9   2.2  10.8
G63A MALY  79 263   496    62   7.4   6.0   7.7
G63A N62A 215  33   561    62   4.1  11.1  11.9
G63A NATG  39 224   769    47   4.3   2.9   3.3
G63A PLVO 272  87   587    62   0.4  12.2  10.4
G63A QM16  85 266   132    62   8.8   2.0   7.0
G63A QM38 342 161   300    62   2.9  22.6  20.4
G63A QM60 329 147   531    31   0.8  16.1  12.6
G63A QMM5   5 186   640    47   1.6  12.9  10.2
G63A SHEY  87 273   600    62   7.4   2.3   6.5
G63A SUSY  77 260   334    62  10.9   1.6   6.4
G63A VLDQ 302 116   710    62   0.3  20.9  16.7
G63A  WES 205  24   333    62   8.0   5.0   6.8
G63A WODY  89 272   390    62   8.0   1.8   6.8
 GBN  GGN 267  84   419    62   5.8   8.8   7.6
 GBN H61A 267  80   827    62   0.4  13.2  10.7
 GBN H62A 266  80   766    62   0.0  13.1   9.5
 GBN H63A 266  80   676    62   1.9  11.1   8.8
 GBN H64A 265  79   613    62   1.6   6.8   5.6
 GBN H65A 264  79   536    62   4.6   7.3   5.6
 GBN  HAL 243  62   185    62   9.7  16.5  14.9
 GBN HANN 279  95   413    62   4.4  12.2  10.2
 GBN HOLY 290 106   403    62   3.1  11.1   8.1
 GBN I60A 264  75   950    59   2.0   7.1   2.7
 GBN I63A 261  75   734    62   1.2   7.7   6.0
 GBN I64A 258  73   665    62   3.5  10.5   9.0
 GBN  ICQ 319 134   630    62   1.7  12.3  11.4
 GBN J59A 263  74  1055    62   1.1  10.3   7.5
 GBN J62A 257  70   856    62   1.3   8.7   5.9
 GBN JOSY 252  69   378    31   6.4  11.3  10.4
 GBN K60A 257  68  1038    62   0.5  10.9   8.8
 GBN K62A 254  67   911    62   0.4  18.0  12.3
 GBN L65A 244  58   783    62   4.1   8.1   7.5
 GBN  LMN 282 100   262    62   4.4  10.4   8.4
 GBN M66A 240  54   837    62   2.0   4.1   3.0
 GBN MALY 287 106   150    62   5.1  13.9  10.8
 GBN N62A 247  59  1090    62   0.2   9.4   6.3
 GBN NATG 350 169   551    47   3.3   3.6   4.1
 GBN PLVO 274  83  1221    62   1.5   3.1   2.1
 GBN QM16 270  85   505    62   1.8  14.1  10.7
 GBN QM50 297 110   841    31   3.8   4.8   4.8
 GBN QM60 299 111   986    31   2.2   2.8   1.5
 GBN SHEY 231  50    48    62   8.9   8.9   9.8
 GBN SUSY 278  95   308    62   6.8   7.6   8.4
 GBN WODY 263  81   250    62  12.3  13.3  14.0
 GGN H61A 262  79   408    62   3.3  11.3  12.7
 GGN H62A 261  78   346    62   1.4  15.2  10.0
 GGN H63A 260  78   257    62   4.1  10.0   7.5
 GGN H64A 255  73   195    62   6.7  11.2   9.7
 GGN H65A 248  67   120    62   6.8  10.9   9.7
 GGN  HAL 101 283   262    62  15.3   4.0  13.2
 GGN HANN   4 184    85    62   7.2  13.9  12.1
 GGN HOLY  10 191   159    62  10.1  18.3  16.1
 GGN I57A 263  76   713    54   1.3  12.9  10.3
 GGN I60A 257  72   532    59   2.3  14.8  13.2
 GGN I62A 250  67   383    62   0.6  11.7  10.8
 GGN I63A 250  67   320    62   3.4  12.3  12.6
 GGN I64A 240  58   259    62   7.4  10.6   9.8
 GGN  ICQ 356 176   491    62   2.0  12.8  10.1
 GGN J62A 244  60   450    62   2.3   9.8   9.9
 GGN J63A 240  57   395    62   2.7  11.0   9.3
 GGN JOSY 145 326   116    31  12.7   1.3  10.7
 GGN K60A 246  61   631    62   6.2  13.3  10.5
 GGN K62A 240  56   512    62   1.9   8.8   5.9
 GGN L63A 228  45   529    62   5.7   7.0   6.5
 GGN L65A 218  36   430    62   9.3   8.9  12.9
 GGN  LMN  62 244   179    62   8.1   4.5   5.1
 GGN LSQQ 303 116   885    45   0.4  12.4   8.7
 GGN MALY  73 256   283    62   9.2   4.5   5.3
 GGN N62A 232  47   712    62   5.5   5.5   7.3
 GGN NATG  26 209   649    47   4.5   8.1   9.9
 GGN QM16 277  96    88    62   3.4   9.4   8.4
 GGN QM38 314 131   419    62   0.7  13.1  11.4
 GGN QM50 317 133   519    31   1.9  12.5   9.8
 GGN SHEY  88 271   382    62   6.8   6.1   4.6
 GGN SUSY  58 239   129    62   7.9   4.8   6.2
 GGN VLDQ 296 108   902    62   1.2  21.2  18.1
 GGN  WES 231  48   471    62   6.4   5.8   6.8
 GGN WODY  90 272   172    62   9.4   7.8   5.7
H61A H62A  85 265    62    62  10.8   4.0   8.7
H61A H63A  84 265   151    62  12.8   3.7  10.8
H61A H64A  86 267   215    62  10.0   1.2   8.5
H61A H65A  85 268   293    62  11.4   1.7  10.8
H61A  HAL  86 272   662    62   8.7   0.8   4.7
H61A HANN  68 251   432    62  12.5   4.3  11.2
H61A HOLY  61 244   481    62  13.7   5.4  11.3
H61A I57A 259  76   305    54   0.3   9.7   5.7
H61A I60A 236  55   133    59   6.6  10.7  10.7
H61A I62A 147 327    86    62  11.8   4.1  10.6
H61A I63A 116 297   120    62  12.3   1.9  12.0
H61A I64A 109 291   195    62  15.0   1.9  13.1
H61A  ICQ  31 214   659    62   7.0   4.3   6.9
H61A J59A 241  59   238    62   3.2   9.2   7.6
H61A J62A 176 356   144    62   6.8   5.0   7.3
H61A J63A 153 334   154    62  15.9   2.1  14.0
H61A JOSY  91 276   472    31   6.1   3.0   6.9
H61A K60A 217  36   265    62   7.7  10.0  11.7
H61A K62A 187   7   208    62  10.7   6.1   8.3
H61A L63A 175 355   297    62   9.2   2.9   6.9
H61A L65A 151 332   316    62  15.7   3.7  14.5
H61A LATQ 349 168   325    62   2.0  19.0  17.0
H61A  LMN  73 258   579    62  14.1   2.0  10.4
H61A LSQQ 324 141   634    45   0.9  19.5  16.4
H61A M66A 157 339   391    62  13.1   2.2  11.8
H61A MALY  75 261   688    62  10.5   3.0   7.2
H61A N62A 198  17   419    62   2.2   5.4   3.4
H61A QM16  75 258   323    62   9.3   0.2   7.8
H61A QM38  13 194   360    62   5.2   8.6   6.9
H61A QM50   3 183   432    31   2.5  10.3   8.0
H61A QM60 349 168   527    31   0.4  12.4   9.0
H61A QMM5  17 200   741    47   2.9   4.7   3.3
H61A SHEY  82 269   789    62  10.0   1.0   5.1
H61A SUSY  73 258   528    62  11.3   1.0   8.6
H61A VLDQ 314 130   606    62   0.1  19.8  16.0
H61A  WES 168 349   243    62  11.1   6.6  11.3
H61A WODY  81 266   578    62   9.5   1.8   6.8
H62A H63A  83 264    89    62   9.2   4.5   8.2
H62A H64A  87 268   154    62  12.3   1.0   9.2
H62A  HAL  87 272   600    62   5.4   2.5   3.5
H62A HANN  66 249   374    62  11.6   3.2   9.8
H62A HOLY  58 241   426    62  10.5   5.6   9.1
H62A I57A 260  77   367    54   2.1   9.0   8.6
H62A I60A 245  64   189    59   3.4  12.4  10.2
H62A I62A 191  10    79    62   4.4   4.8   4.2
H62A I63A 142 322    74    62  11.7   2.6  10.2
H62A I64A 120 301   142    62  12.7   3.3  12.1
H62A  ICQ  27 210   624    62   4.9   9.2   8.8
H62A J59A 246  64   295    62   5.6  10.3  10.4
H62A J62A 200  19   159    62   8.9   8.3   9.1
H62A J63A 177 358   144    62  11.0   6.3  10.6
H62A JOSY  93 277   411    31   7.9   2.5   5.3
H62A K60A 226  44   310    62   2.8  12.7  11.0
H62A K62A 203  22   229    62   8.5  10.2   9.9
H62A L63A 187   7   303    62  11.1   5.8  10.6
H62A L65A 162 343   297    62  16.3   5.1  13.8
H62A LATQ 339 157   337    62   2.8  20.1  18.4
H62A  LMN  72 256   519    62   6.2   3.3   4.8
H62A M66A 167 348   378    62  13.0   2.1   9.0
H62A MALY  75 260   628    62  10.7   2.7   7.9
H62A N62A 206  24   447    62   4.9   8.4   8.2
H62A NATG  42 228   893    47   5.9   1.2   4.1
H62A PLVO 278  94   471    62   1.1  19.2  15.6
H62A QM16  73 256   263    62   8.3   1.8   8.7
H62A QM38   4 184   345    62   4.6   3.5   3.6
H62A QM50 355 175   428    31   1.4   9.5   7.7
H62A QM60 343 161   537    31   0.3  13.1   9.5
H62A QMM5  13 195   719    47   1.7   4.7   4.2
H62A SHEY  82 268   727    62  10.2   1.2   8.1
H62A SUSY  72 256   468    62   5.9   5.4   6.5
H62A VLDQ 311 126   647    62   0.6  18.9  14.0
H62A  WES 183   3   244    62  14.1   6.3  12.2
H62A WODY  81 266   517    62  10.1   0.2   4.8
H63A H64A  92 272    65    62   7.3   2.2   6.2
H63A HANN  61 243   290    62  11.3   2.4   8.0
H63A HOLY  52 235   347    62   7.9   5.3   6.9
H63A I57A 262  78   456    54   2.9   7.8   7.1
H63A I60A 252  70   275    59   3.3  13.0  10.3
H63A I62A 230  49   136    62   8.6   7.4   7.4
H63A I63A 213  32    81    62   6.8   5.2   5.8
H63A I64A 159 339    88    62  12.6   1.1  11.3
H63A  ICQ  20 202   580    62   4.0   9.2   8.8
H63A J59A 251  68   382    62   1.0  13.8  10.8
H63A J62A 222  41   214    62   7.6   9.0  12.2
H63A J63A 209  28   175    62   6.8   8.9   9.8
H63A K60A 235  53   385    62   1.8  13.5  11.0
H63A K62A 219  38   284    62   7.5   8.0   9.2
H63A L63A 203  22   336    62   8.3   8.7   9.6
H63A L65A 180   0   292    62  11.2   1.8  10.0
H63A LATQ 326 144   370    62   1.7  22.9  18.7
H63A  LMN  70 254   431    62   9.5   3.3   7.0
H63A M66A 181   1   378    62   6.4   0.6   4.6
H63A MALY  74 259   539    62  11.6   4.1   8.9
H63A N62A 215  33   500    62   8.3  10.7  13.0
H63A NATG  38 224   829    47   8.2   1.3   4.8
H63A PLVO 277  92   558    62   2.3  16.2  14.3
H63A QM16  69 250   175    62   6.0   1.4   5.2
H63A QM38 350 169   341    62   0.6  16.8  12.5
H63A QM50 344 163   435    31   1.1  13.9  11.3
H63A QMM5   7 188   694    47   2.2   6.1   3.4
H63A SHEY  82 268   638    62  10.4   1.4   7.3
H63A SUSY  70 254   380    62   8.8   3.6   6.6
H63A  WES 203  22   273    62   6.7   6.5   8.1
H63A WODY  82 265   427    62  10.4   2.0   7.8
H64A H65A  85 266    77    62   8.3   7.3   8.2
H64A  HAL  88 272   447    62  10.7   2.7  10.0
H64A HANN  54 235   237    62  13.1   8.1  12.7
H64A HOLY  45 227   300    62  13.3   9.0  13.0
H64A I57A 264  79   520    54   2.9  10.4   6.9
H64A I60A 256  73   337    59   5.1  11.8  10.7
H64A I62A 244  63   189    62   3.7  11.2   9.4
H64A I63A 239  58   127    62   2.0   8.9   5.7
H64A I64A 203  22    87    62   7.0   7.1   7.5
H64A  ICQ  15 196   562    62   4.3  17.5  15.2
H64A J59A 255  71   443    62   0.7  11.2   8.6
H64A J62A 234  52   261    62   5.6  11.3   9.7
H64A J63A 225  44   212    62   6.8  11.7  11.1
H64A K60A 241  58   439    62   0.0  12.2  10.0
H64A K62A 229  47   328    62   6.1  13.7  13.5
H64A L63A 213  31   365    62   3.7   4.4   3.9
H64A L65A 193  13   298    62  12.8   5.7  10.7
H64A LATQ 319 137   411    62   0.3  17.9  12.5
H64A  LMN  67 250   372    62   7.6   5.3   7.0
H64A M66A 192  11   383    62   6.5   3.9   5.8
H64A MALY  72 257   478    62  11.1   3.5   9.4
H64A N62A 222  39   539    62   3.9  11.6   9.3
H64A NATG  35 220   792    47   3.6   4.4   6.5
H64A PLVO 277  91   622    62   1.3  16.0  13.4
H64A QM16  57 238   118    62   8.9   5.6   9.1
H64A QM38 340 159   360    62   2.6  20.0  18.8
H64A SHEY  82 267   574    62  13.5   0.0   9.0
H64A SUSY  67 249   321    62   9.7   5.4   8.5
H64A  WES 215  33   303    62   5.4   9.6   9.2
H64A WODY  80 264   364    62  10.9   5.8   9.1
H65A  HAL  89 273   369    62  13.8   4.2  12.5
H65A HANN  41 222   176    62   8.4   8.6   8.5
H65A HOLY  34 215   246    62   8.9   8.1   9.1
H65A I60A 259  75   414    59   0.3  12.3   7.8
H65A I62A 251  69   263    62   2.2  12.0   9.0
H65A I63A 250  68   199    62   3.7  10.9   8.7
H65A I64A 233  52   140    62   5.2   7.6   7.4
H65A  ICQ   8 188   542    62   2.7  18.4  16.6
H65A J59A 257  73   519    62   2.7  12.8  11.9
H65A J62A 242  59   329    62   4.2   7.7   7.0
H65A J63A 236  54   276    62   3.7   7.1   7.7
H65A JOSY 104 286   184    31   9.4   1.7   7.1
H65A K60A 245  61   510    62   2.7   7.3   6.1
H65A K62A 236  54   393    62   1.5  10.5   7.7
H65A L63A 222  40   417    62   9.1  13.1  13.2
H65A L65A 207  26   330    62   8.4   9.7  11.8
H65A M66A 203  21   412    62   4.7   6.4   6.8
H65A MALY  71 254   403    62  12.6   6.3  12.5
H65A N62A 227  44   597    62   0.0   7.3   5.0
H65A NATG  31 215   744    47   6.7   7.5   9.2
H65A PLVO 276  90   698    62   0.8  11.3   9.3
H65A QM16  22 202    62    62   4.5   8.3   7.1
H65A QM50 329 146   489    31   0.9  13.3   9.6
H65A SUSY  62 244   249    62   7.8  11.2   9.4
H65A VLDQ 301 114   827    62   0.1  18.2  13.9
H65A  WES 225  43   357    62   2.7   9.1   9.8
H65A WODY  80 262   287    62   9.5   5.4   9.2
 HAL HANN 300 118   285    62   4.1  18.0  15.6
 HAL HOLY 314 132   307    62   0.7  17.2  14.1
 HAL I60A 267  80   779    59   0.7   5.9   4.0
 HAL I62A 265  80   624    62   2.2  12.7   8.4
 HAL I63A 266  81   561    62   4.2   8.0   6.8
 HAL I64A 263  79   489    62   3.6  11.6  10.4
 HAL  ICQ 334 151   611    62   0.5  15.4  13.0
 HAL J59A 265  78   884    62   0.1   9.9   7.3
 HAL J63A 259  73   619    62   1.1   9.0   4.8
 HAL JOSY 259  77   197    31   8.3   7.3   9.3
 HAL K62A 256  70   731    62   4.2  17.2  14.2
 HAL L65A 243  59   599    62   3.5  10.2   9.1
 HAL  LMN 325 144   165    62   1.7  12.0   9.9
 HAL LSQQ 300 111  1131    45   3.3   6.6   4.1
 HAL M66A 237  53   652    62   1.4   4.6   3.9
 HAL MALY   8 188   130    62   4.7   8.6   9.7
 HAL N62A 246  60   906    62   2.2   9.1   5.2
 HAL NATG   5 186   631    47   3.2   5.5   3.8
 HAL QM16 282  99   350    62   0.2   8.3   3.8
 HAL QM60 308 121   896    31   0.4   7.5   5.7
 HAL QMM5 332 149   792    47   1.0   7.9   5.8
 HAL SHEY  66 247   138    62  14.1   9.1  13.2
 HAL SUSY 310 129   188    62   3.5  13.4  12.0
 HAL VLDQ 295 105  1156    62   0.7   3.3   4.0
 HAL  WES 251  66   673    62   0.3   8.4   6.9
 HAL WODY 302 121    99    62   4.6  10.3   9.3
HANN HOLY  18 198    75    62   8.6  11.1  11.3
HANN I57A 256  70   734    54   0.7   9.7   6.9
HANN I60A 249  64   563    59   1.3  11.2   6.6
HANN I62A 240  57   424    62   4.2  17.4  13.1
HANN I63A 237  55   363    62   4.9  16.1  12.3
HANN I64A 227  45   314    62   6.7   6.2   6.1
HANN  ICQ 355 174   407    62   0.5  10.8   8.1
HANN J59A 249  64   669    62   2.7  12.4   9.9
HANN J62A 235  52   498    62   4.8  11.7   9.5
HANN J63A 231  48   448    62   5.5  12.2  11.1
HANN JOSY 161 342   189    31  14.6   2.4  13.2
HANN K60A 240  55   674    62   3.7  10.3   9.3
HANN K62A 233  49   564    62   7.7  10.7  10.7
HANN L63A 223  39   592    62   6.4  11.8  10.5
HANN L65A 213  31   503    62  10.2  11.8  14.4
HANN LATQ 292 108   490    62   1.4   9.5   6.7
HANN  LMN  90 272   152    62   8.9   3.7   7.2
HANN LSQQ 298 111   846    45   0.4   4.8   4.8
HANN M66A 209  27   581    62   4.2   7.2   6.7
HANN MALY  91 273   265    62   8.8   3.7   6.9
HANN NATG  30 213   572    47   4.5  10.1   7.3
HANN PLVO 267  80   811    62   0.6   6.7   5.6
HANN QM16 231  51   119    62   7.4   8.9   9.6
HANN QM38 304 121   370    62   2.6  14.2  13.0
HANN QM50 309 125   465    31   0.4   8.9   5.1
HANN QM60 309 124   615    31   0.1   8.5   6.7
HANN QMM5 345 164   572    47   0.9  11.0  10.3
HANN SHEY 101 284   383    62   8.3   3.5   7.3
HANN SUSY 100 280   105    62   7.2   6.6   7.7
HANN  WES 225  42   533    62   1.4   4.2   4.3
HANN WODY 117 299   186    62  14.2   4.1  11.6
HOLY I57A 252  65   777    54   3.4   4.6   5.5
HOLY I60A 243  59   614    59   2.9  10.6   8.3
HOLY I62A 234  51   483    62   8.0  12.6  11.3
HOLY I63A 231  48   424    62   3.8  10.9   8.0
HOLY I64A 222  40   382    62  12.6  12.8  14.5
HOLY  ICQ 350 169   339    62   0.3  17.8  14.3
HOLY J59A 245  59   719    62   1.8   8.8   7.2
HOLY J62A 231  47   559    62   3.0   9.6   7.3
HOLY J63A 227  44   513    62   4.0  12.6  10.5
HOLY JOSY 172 352   254    31  15.1   1.3  12.2
HOLY K60A 236  51   732    62   3.0   7.3   6.8
HOLY K62A 229  45   627    62   5.4   8.3  10.5
HOLY L63A 220  37   661    62   4.3   6.7   5.9
HOLY L65A 211  29   576    62   5.4   6.2   7.4
HOLY  LMN 120 301   148    62  10.5   2.4   7.9
HOLY M66A 208  25   655    62   3.6   3.9   5.3
HOLY MALY 108 290   254    62  10.9   3.8   8.8
HOLY NATG  32 214   498    47   5.0  10.3   8.5
HOLY PLVO 263  75   841    62   1.4   0.9   0.3
HOLY QM16 219  38   186    62   6.7   5.1   8.0
HOLY QM38 293 109   357    62   1.3  13.8  13.0
HOLY QMM5 341 159   510    47   1.2  12.4   8.4
HOLY SHEY 112 296   381    62  13.0   3.2  11.8
HOLY SUSY 138 319   120    62  12.9   3.0   9.9
HOLY VLDQ 286  98   872    62   0.3   9.3   7.1
HOLY  WES 222  38   601    62   3.5   8.9   7.4
HOLY WODY 138 319   212    62  14.8   4.1  12.9
I57A I60A  92 274   191    51  14.8   3.1  13.3
I57A I64A  88 272   484    54  14.8   1.9  14.3
I57A  ICQ  43 229   891    54   7.9   0.1   5.3
I57A J59A 119 300   107    54  13.4   4.2  12.1
I57A J62A 103 286   321    54  17.3   3.6  16.1
I57A JOSY  84 271   773    31   8.0   0.1   6.8
I57A K60A 135 316   205    54  15.6   0.9  11.5
I57A K62A 116 298   312    54  20.2   3.6  18.6
I57A L63A 123 306   403    54  18.2   3.1  15.8
I57A L65A 113 297   504    54  20.2   0.4  16.3
I57A LATQ  29 211   444    54   7.9   6.8   8.3
I57A M66A 121 305   542    54  12.5   1.0   8.8
I57A MALY  74 262   993    54   5.6   2.3   2.8
I57A N62A 151 332   380    54  12.7   1.2   9.3
I57A PLVO 318 137   166    54   2.8  13.2  13.0
I57A QM38  40 224   559    54  10.8   7.8   8.5
I57A QM50  30 213   585    23   2.6   1.2   3.1
I57A QM60  16 198   608    23   2.5   0.8   1.7
I57A QMM5  32 217   925    47   7.7   2.4   5.5
I57A SHEY  78 268  1094    54   7.5   0.6   6.8
I57A SUSY  73 260   832    54   8.6   0.6   5.9
I57A  WES 115 298   393    54  18.7   1.6  16.1
I57A WODY  78 265   883    54   7.1   2.5   5.8
I60A I62A  88 269   157    59  12.9   3.8  10.9
I60A I63A  83 265   219    59  12.2   1.8  10.5
I60A I64A  87 270   294    59  15.5   1.5  12.1
I60A  ICQ  34 218   781    59   4.4   3.1   3.6
I60A J59A 247  66   107    59   3.5   9.2   8.8
I60A J62A 119 300   138    59  15.3   3.0  14.0
I60A J63A 109 290   190    59  18.4   3.3  14.4
I60A JOSY  83 268   585    28   9.5   3.3   7.5
I60A K60A 200  19   145    59   7.1   6.0   6.8
I60A K62A 146 327   157    59  14.8   3.0  13.3
I60A L63A 147 329   259    59  15.4   0.8  13.9
I60A L65A 126 308   332    59  21.8   4.2  18.9
I60A LATQ   6 186   395    59   5.1  11.7  11.9
I60A  LMN  69 255   707    59   9.4   2.7   6.6
I60A LSQQ 335 153   645    42   0.7  15.4  12.1
I60A M66A 137 319   387    59  11.3   2.7   8.3
I60A MALY  71 258   815    59   6.7   3.2   4.8
I60A N62A 183   3   324    59   8.1   5.1   7.2
I60A NATG  44 232  1069    45   3.8   2.6   2.9
I60A PLVO 295 112   329    59   1.9  22.7  20.8
I60A QM16  68 252   451    59   9.7   2.2   7.4
I60A QM38  23 205   466    59   4.2   4.9   7.4
I60A QM50  13 195   523    31   1.0   9.3   6.2
I60A QM60 360 180   592    31   1.3   4.2   4.5
I60A QMM5  22 205   849    44   7.0   4.3   5.6
I60A SHEY  77 265   910    59   7.2   0.4   6.2
I60A SUSY  69 254   656    59   6.1   4.4   6.8
I60A  WES 135 316   228    59  16.8   3.8  14.2
I60A WODY  76 262   700    59  11.3   2.2   8.7
I62A I63A  72 252    64    62   6.5   3.7   5.8
I62A I64A  87 268   137    62  12.8   1.8  11.7
I62A  ICQ  25 208   700    62   7.8   4.7   7.5
I62A J59A 261  79   260    62   3.7  13.8  11.5
I62A J62A 208  28    82    62   5.1   7.3   7.3
I62A J63A 162 343    69    62  10.2   4.8  10.5
I62A JOSY  82 266   429    31  13.8   1.5   9.7
I62A K60A 237  55   250    62   4.7  10.8  10.2
I62A K62A 209  28   153    62   7.2  12.3  11.9
I62A L63A 186   6   225    62   9.8   4.8   8.2
I62A L65A 152 333   230    62  12.8   3.5  12.2
I62A LATQ 344 163   406    62   4.3  18.2  17.0
I62A  LMN  65 249   561    62   7.4   2.4   5.5
I62A LSQQ 325 141   721    45   2.9  19.5  18.0
I62A M66A 161 342   307    62  11.3   5.9  11.2
I62A MALY  69 254   666    62  11.1   2.4   7.8
I62A N62A 209  28   371    62   5.4  10.2  11.5
I62A NATG  39 225   962    47   4.1   2.3   4.1
I62A QM16  60 242   307    62   6.1   2.7   5.3
I62A QM38   5 185   424    62   1.3   7.5   5.4
I62A QM50 357 177   505    31   4.7  10.6  10.1
I62A QM60 346 165   608    31   0.8  12.0   8.2
I62A QMM5  13 195   798    47   4.2   5.7   5.4
I62A SUSY  64 248   510    62   6.3   2.5   6.4
I62A VLDQ 316 132   690    62   0.4  17.9  14.0
I62A  WES 180 360   165    62   8.7   4.6   8.4
I63A I64A 101 281    77    62   8.3   1.5   7.2
I63A  ICQ  21 204   659    62   6.2   8.7   7.2
I63A J59A 260  77   323    62   1.9  13.6  11.5
I63A J62A 228  47   135    62   6.5   8.6   8.3
I63A J63A 205  25    95    62   6.8   5.7   6.5
I63A JOSY  85 268   366    31  12.5   3.2  10.7
I63A K60A 240  58   312    62   2.5   9.2   8.6
I63A K62A 222  40   204    62   6.2   8.8   8.9
I63A L63A 199  19   257    62   6.7   8.6  10.3
I63A L65A 169 349   229    62   9.0   1.9   7.3
I63A LATQ 336 154   408    62   1.2  24.4  21.2
I63A  LMN  64 248   498    62  11.5   2.1   9.2
I63A M66A 173 353   312    62  12.7   1.0   8.6
I63A MALY  69 254   602    62   7.9   2.9   7.0
I63A N62A 215  33   420    62   5.9  10.4  10.7
I63A NATG  38 223   909    47   4.0   2.8   3.4
I63A QM16  57 239   245    62   6.1   3.2   4.6
I63A QM38 357 177   403    62   2.2  15.3  11.6
I63A QMM5   9 191   767    47   1.8   4.6   3.0
I63A SUSY  64 247   447    62  13.7   4.5  11.1
I63A  WES 198  18   195    62   9.3   7.5   8.8
I63A WODY  74 258   484    62   9.7   3.4   8.2
I64A  ICQ  15 197   648    62   4.6  12.2   9.2
I64A J62A 247  66   192    62   1.4   8.5   7.1
I64A J63A 239  58   137    62   1.1   7.6   6.0
I64A JOSY  81 264   293    31  12.8   1.3  10.4
I64A K60A 249  66   374    62   2.5  15.0  12.4
I64A K62A 237  56   253    62   2.7  10.7  10.1
I64A L63A 216  35   280    62   9.4   6.1   8.2
I64A L65A 189   9   213    62  11.8   7.3  11.9
I64A LATQ 329 146   456    62   1.2  17.5  14.5
I64A  LMN  59 242   438    62   6.7   4.1   7.0
I64A LSQQ 318 133   802    45   1.5  24.4  19.3
I64A M66A 188   8   298    62   9.3   4.1   8.7
I64A MALY  65 249   538    62   7.0   3.6   6.6
I64A N62A 225  42   458    62   3.9   5.0   4.7
I64A NATG  34 219   876    47   5.1   1.4   2.6
I64A QM16  42 224   196    62   7.3   8.0   9.8
I64A QM38 348 167   428    62   4.6  22.5  17.7
I64A QM50 343 162   523    31   2.8  14.1  13.3
I64A QM60 335 153   649    31   0.7  12.8  11.5
I64A QMM5   4 185   772    47   2.4  12.2  10.1
I64A SHEY  75 260   623    62  12.6   1.0   9.3
I64A SUSY  58 240   388    62   7.2   6.6   7.0
I64A VLDQ 310 124   787    62   1.6  22.1  18.5
I64A  WES 219  38   219    62   1.5   3.8   2.3
I64A WODY  70 253   416    62   7.9   2.0   5.7
 ICQ J59A 222  37   872    62   0.0   8.8   5.6
 ICQ J62A 208  25   782    62   5.6   6.0   6.3
 ICQ J63A 204  22   753    62   4.7   1.6   5.1
 ICQ JOSY 170 351   592    31  17.4   1.8  14.1
 ICQ K60A 216  31   922    62   3.9   5.4   4.6
 ICQ K62A 209  25   853    62   5.4   5.6   5.9
 ICQ L63A 203  20   915    62   4.9   4.1   5.5
 ICQ L65A 196  14   860    62   5.6   5.3   3.4
 ICQ LATQ 242  58   472    62   2.1  14.4  11.2
 ICQ  LMN 155 336   448    62  14.5   2.6  11.9
 ICQ LSQQ 270  82   708    45   0.7   8.7   4.8
 ICQ MALY 143 326   508    62  12.4   0.3   8.6
 ICQ N62A 209  25  1071    62   5.6   4.2   3.8
 ICQ NATG  73 257   332    47   5.4   3.5   5.9
 ICQ PLVO 240  53   892    62   0.3  10.8   7.8
 ICQ QM16 186   6   482    62  10.2   1.0  10.1
 ICQ QM38 233  51   335    62   3.6  12.0   9.9
 ICQ QMM5 324 143   183    47   3.8  11.5  10.5
 ICQ SHEY 139 323   630    62  15.7   3.7  16.1
 ICQ SUSY 161 343   445    62  12.8   2.9   9.0
 ICQ VLDQ 263  75   783    62   2.1  20.8  15.9
 ICQ  WES 203  20   853    62   3.3   2.4   2.3
 ICQ WODY 157 339   530    62  10.1   1.8   7.3
J59A J62A  96 278   220    62  15.8   1.5  14.9
J59A J63A  93 275   278    62  14.3   0.9  12.1
J59A JOSY  80 266   688    31   8.5   0.4   6.6
J59A K60A 152 332   107    62   9.7   4.1   7.8
J59A K62A 115 296   205    62  19.0   1.7  17.7
J59A L63A 126 308   297    62  14.6   3.5  13.7
J59A LATQ  17 198   456    62   4.7   8.3   7.3
J59A  LMN  68 254   813    62  11.2   2.8   8.8
J59A LSQQ 344 162   650    45   2.1  10.9   9.1
J59A M66A 123 306   435    62  12.2   2.2  10.8
J59A MALY  70 258   921    62   9.2   1.0   7.0
J59A N62A 163 343   294    62   8.5   2.8   7.5
J59A NATG  45 234  1168    47   6.5   1.5   5.2
J59A PLVO 311 130   270    62   0.4  14.7  13.4
J59A QM38  30 213   548    62  10.4   3.2   8.4
J59A QM50  21 203   592    31   4.4   5.2   4.9
J59A QMM5  26 210   927    47   3.3   5.2   3.7
J59A SUSY  68 254   762    62   9.2   0.8   7.7
J59A VLDQ 335 153   583    62   3.8  14.9  12.2
J62A J63A  84 265    60    62   8.3   3.7   7.3
J62A K60A 249  68   183    62   2.8  11.9  11.4
J62A K62A 209  29    71    62   7.1   7.8   8.4
J62A L63A 174 354   152    62  11.7   6.7  10.0
J62A L65A 132 313   196    62  13.1   3.2  11.4
J62A LATQ 351 170   468    62   0.6  11.7  10.1
J62A  LMN  60 245   628    62   7.7   2.5   5.9
J62A LSQQ 330 146   761    45   1.5  18.0  13.0
J62A M66A 147 328   259    62  13.3   1.6   8.9
J62A MALY  64 250   730    62   7.7   3.7   5.0
J62A N62A 209  28   289    62   7.7  12.2  11.2
J62A QM38   8 189   500    62   1.9   6.1   4.3
J62A QM50   1 181   576    31   0.1   9.6   6.1
J62A QMM5  14 196   877    47   0.6   8.7   8.4
J62A SHEY  72 258   813    62   9.9   2.4   8.9
J62A SUSY  59 244   578    62  11.4   3.1  10.1
J62A  WES 157 337   102    62   9.2   3.9   8.3
J62A WODY  68 253   608    62   5.3   3.0   4.6
J63A JOSY  73 257   422    31   5.5   2.7   5.6
J63A K60A 253  71   241    62   2.8  15.4  13.2
J63A K62A 235  54   116    62   3.6   7.2   7.2
J63A L63A 196  15   163    62   6.3   6.9   7.3
J63A L65A 148 329   162    62  15.3   3.4  11.9
J63A  LMN  58 242   574    62   6.8   1.6   3.1
J63A M66A 161 341   237    62  12.7   3.3  11.7
J63A MALY  63 248   674    62  10.7   2.2   8.5
J63A N62A 218  36   327    62   2.7  10.0   7.4
J63A NATG  36 222  1001    47   6.0   1.2   4.0
J63A PLVO 294 110   518    62   0.9  18.3  15.6
J63A QM16  48 230   329    62   5.8   2.0   4.6
J63A QM50 356 175   572    31   2.1   9.4   6.0
J63A QM60 346 164   677    31   1.3  11.6   7.8
J63A QMM5  11 192   859    47   0.9   3.0   1.4
J63A SHEY  71 257   755    62   5.9   0.4   5.0
J63A SUSY  57 241   524    62   5.8   1.0   3.6
J63A  WES 191  11   101    62   5.9   3.4   5.6
J63A WODY  66 251   551    62   6.7   3.4   5.5
JOSY K60A 257  71   663    31   0.0  13.6  10.1
JOSY K62A 253  68   534    31   0.2  12.9   8.9
JOSY L63A 242  58   528    31   5.2   7.0   6.1
JOSY L65A 234  52   412    31   4.6   7.7   6.7
JOSY  LMN  28 209   201    31   7.4  14.7  12.9
JOSY LSQQ 306 118   993    30   0.9   6.9   4.6
JOSY M66A 227  44   475    31   1.8   4.8   3.6
JOSY MALY  50 232   270    31   4.8   9.4   9.7
JOSY N62A 241  56   715    31   1.4  10.0   7.3
JOSY PLVO 279  92   881    31   0.4   8.0   4.7
JOSY SHEY  72 255   333    31  10.9   7.6  10.8
JOSY SUSY  16 196   168    31   2.9  12.4   9.6
JOSY  WES 246  62   478    31   2.2   7.3   6.3
JOSY WODY  49 230   142    31   5.5   6.8   6.4
K60A K62A  87 268   136    62  13.0   1.3  11.5
K60A L63A 113 295   206    62  16.0   2.7  13.6
K60A LATQ   9 190   537    62   1.8   4.2   1.7
K60A  LMN  61 247   809    62   8.9   4.5   6.1
K60A LSQQ 343 160   755    45   1.6   8.7   6.7
K60A M66A 115 297   346    62  12.9   2.2  11.1
K60A QM38  22 204   611    62   2.4   3.4   1.5
K60A QM50  14 196   667    31   1.9   4.7   5.6
K60A SHEY  70 258   996    62  14.8   0.6  10.4
K60A SUSY  60 246   759    62   8.6   0.0   5.7
K60A VLDQ 335 153   689    62   0.6  16.1  12.9
K60A  WES  96 278   213    62  15.9   2.6  15.0
K62A L63A 150 330   103    62  11.2   3.3   9.5
K62A L65A 111 292   193    62  15.6   2.0  14.6
K62A LATQ 355 175   526    62   3.9  10.4   8.8
K62A LSQQ 334 151   800    45   1.0  15.9  10.9
K62A M66A 131 313   234    62   9.3   0.8   7.0
K62A MALY  61 247   789    62   4.0   2.1   2.3
K62A N62A 208  28   218    62   4.1  10.5   8.3
K62A PLVO 306 122   470    62   2.8  20.4  18.0
K62A QM38  11 192   567    62   2.1   9.7   4.7
K62A QM60 354 173   728    31   2.9   9.4   7.5
K62A SHEY  68 255   867    62  17.2   0.6  13.8
K62A SUSY  56 240   641    62   5.2   2.4   7.3
K62A VLDQ 327 143   750    62   1.6  14.2  11.7
K62A  WES 112 293    81    62  12.9   2.6  12.4
K62A WODY  63 249   665    62   6.8   2.7   4.4
L63A L65A  81 262   130    62  12.2   1.8  10.7
L63A LATQ 352 171   620    62   0.2  11.7   8.0
L63A  LMN  49 233   704    62   5.8   3.9   7.0
L63A LSQQ 334 150   903    45   0.9   9.4   7.1
L63A M66A 118 299   140    62  10.5   2.8  10.3
L63A MALY  54 240   794    62   8.0   3.9   9.2
L63A N62A 237  56   187    62   5.6  11.1  10.8
L63A QM16  37 220   475    62   6.7   3.6   6.3
L63A QM38   5 186   649    62   3.6   6.6   6.4
L63A QM50 360 180   727    31   4.5   5.8   4.2
L63A QM60 351 170   823    31   0.7   6.5   3.4
L63A SHEY  62 248   858    62   9.5   1.7   6.7
L63A  WES  22 202    63    62   5.0   6.7   5.9
L63A WODY  55 240   667    62   5.9   2.3   7.6
L65A LATQ 341 159   633    62   2.2  21.6  17.5
L65A  LMN  43 227   598    62   6.9   5.1   7.2
L65A LSQQ 328 143   949    45   0.6  16.6  13.6
L65A M66A 185   5    86    62   4.5   4.0   6.1
L65A MALY  50 234   681    62   8.1   4.1   7.2
L65A N62A 248  66   310    62   2.2  14.7  12.1
L65A NATG  29 214  1074    47   4.8   0.6   1.1
L65A QM16  25 206   392    62   2.7   8.5   5.9
L65A QM38 355 174   631    62   0.1   7.1   5.9
L65A QM50 350 169   720    31   3.0  10.1   7.2
L65A QM60 343 161   834    31   2.3   5.7   5.4
L65A QMM5   5 186   984    47   0.3   3.2   0.5
L65A SHEY  59 245   737    62   8.5   4.0   9.3
L65A SUSY  41 224   553    62  10.4   5.0   8.4
L65A  WES 291 110   112    62   1.6  11.8  11.2
L65A WODY  50 234   553    62   6.6   5.4   6.3
LATQ  LMN 103 288   634    62   9.4   1.1   8.1
LATQ LSQQ 302 119   363    45   1.9  17.0  13.9
LATQ MALY 100 287   743    62  13.2   0.8  10.9
LATQ N62A 185   4   719    62   7.0   1.7   5.9
LATQ NATG  63 250   799    47   6.0   0.4   3.0
LATQ PLVO 233  50   421    62   4.2  14.0  11.2
LATQ QM16 121 305   444    62  10.4   0.1   6.6
LATQ QM38  77 258   149    62  12.4   3.9   9.8
LATQ QM50  36 217   141    31   8.4   2.8   7.6
LATQ QM60 348 168   203    31   1.7  11.0  10.6
LATQ QMM5  36 219   482    47   9.5   4.4   9.1
LATQ SHEY 103 291   868    62  10.1   1.9   6.1
LATQ SUSY 106 291   593    62   9.2   2.0   6.0
LATQ VLDQ 285 102   383    62   0.6  15.2  12.0
 LMN M66A 222  38   668    62   0.0   4.4   0.6
 LMN MALY  93 274   113    62   9.1   9.1   8.0
 LMN N62A 235  49   889    62   1.0   8.6   6.7
 LMN NATG  16 198   515    47   2.3   8.8   7.9
 LMN PLVO 269  80   963    62   1.4   8.7   7.0
 LMN QM16 255  73   256    62   1.2   9.2   6.0
 LMN QM38 296 111   504    62   0.9   9.9   6.8
 LMN SHEY 109 291   235    62  12.8   4.0  11.2
 LMN SUSY 253  72    51    62   5.0   6.5   6.8
 LMN VLDQ 289 100  1017    62   1.4   7.0   3.6
 LMN  WES 236  51   648    62   2.0   5.4   5.5
 LMN WODY 172 352    85    62  10.5   3.3   8.9
LSQQ NATG  77 268  1030    31  11.6   1.9   9.4
LSQQ PLVO 181   1   447    45   9.8   4.0   9.2
LSQQ QM16 119 305   807    45   2.8   0.1   3.2
LSQQ QM38 106 291   479    45  13.7   1.0  10.7
LSQQ QMM5  68 254   619    30   9.0   1.5   6.5
LSQQ SHEY 105 296  1217    45   5.0   1.2   3.1
LSQQ SUSY 109 297   946    45  11.0   0.3   4.8
LSQQ VLDQ 211  30   112    45   7.3   6.4   6.8
LSQQ  WES 147 331   862    45  13.2   1.2   7.8
M66A MALY  45 230   744    62   3.6   1.3   2.5
M66A N62A 264  82   282    62   3.0  10.6  10.0
M66A QM16  21 203   473    62   1.3   8.4   3.2
M66A QM38 356 175   715    62   1.7   9.8   8.1
M66A QM60 345 163   914    31   3.0   8.0   7.4
M66A QMM5   5 186  1070    47   1.9   4.6   4.8
M66A SUSY  36 219   624    62   3.1   1.5   1.6
M66A VLDQ 325 139   978    62   0.5   7.4   3.8
M66A  WES 322 141   159    62   0.6   9.8   7.1
M66A WODY  44 228   616    62   0.1   1.3   0.9
MALY N62A 240  53   981    62   0.6   5.7   5.7
MALY NATG   4 185   501    47   0.9   4.9   4.2
MALY PLVO 270  81  1076    62   0.3   8.4   6.7
MALY QM16 261  78   365    62   1.2   8.8   7.7
MALY QM38 293 107   610    62   3.1  14.9  12.1
MALY QM50 298 112   694    31   0.6   5.5   2.3
MALY QMM5 326 142   691    47   1.2   8.1   5.1
MALY SHEY 124 305   130    62  12.1   4.5  10.6
MALY SUSY 268  86   162    62  10.4  11.1  10.0
MALY  WES 242  57   741    62   2.9   7.6   5.3
MALY WODY 233  52   128    62  10.2   6.4   9.3
N62A PLVO 328 146   543    62   1.8  11.5   8.1
N62A QM16  42 225   654    62   4.5   3.6   4.1
N62A QM38  15 196   778    62   1.0   1.6   2.6
N62A QM50   9 190   843    31   2.1   2.8   2.1
N62A QMM5  17 200  1159    47   1.7   5.3   4.3
N62A SHEY  60 247  1044    62   8.1   0.8   7.6
N62A SUSY  48 234   840    62   4.7   3.5   4.4
N62A VLDQ 339 156   875    62   1.3  10.0   6.4
N62A  WES  47 229   241    62   8.8   4.3   8.1
N62A WODY  54 240   853    62   5.9   3.7   5.9
NATG PLVO 247  56  1217    47   0.3   3.9   2.4
NATG QM16 216  32   683    47   0.4   3.6   1.8
NATG QM38 247  61   656    47   2.4   2.8   3.5
NATG QMM5 281  96   429    32   1.8  12.7   8.2
NATG SUSY 202  20   544    47  10.5   5.0  10.5
NATG VLDQ 264  72  1111    47   0.0   4.6   0.7
NATG  WES 220  34  1094    47   0.6   3.6   3.6
PLVO QM50  46 230   558    31  10.4   0.2   6.7
PLVO QM60  30 213   539    31   3.0   0.2   2.0
PLVO QMM5  41 227   893    47   9.4   1.3   8.9
PLVO VLDQ 352 171   354    62   4.9   9.5   7.7
PLVO  WES 120 304   549    62  17.9   2.0  14.7
PLVO WODY  85 274   977    62   5.5   1.1   3.4
QM16 QM38 322 140   353    62   0.0  10.8   8.8
QM16 SHEY  89 273   469    62   4.9   1.0   2.8
QM16 SUSY  73 255   205    62  11.1   0.9   6.9
QM16  WES 222  40   415    62   3.7   4.1   4.2
QM16 WODY  92 274   259    62   7.1   0.4   4.8
QM38 QM50 324 143   101    31   0.6  11.3  11.5
QM38 QM60 313 131   248    31   0.2  12.6  10.4
QM38 QMM5  22 204   383    47   5.0  10.7   9.5
QM38 SHEY 109 296   738    62  13.6   1.2  11.8
QM38 SUSY 116 300   468    62  14.5   0.8  12.3
QM38  WES 184   3   589    62   8.9   2.6   6.5
QM38 WODY 119 303   555    62  17.7   2.0  16.4
QM50 QMM5  36 218   341    16   7.1   2.0   4.6
QM50 SUSY 120 305   560    31   9.5   2.5   8.0
QM50 VLDQ 269  85   453    31   2.0   5.8   5.5
QM50  WES 178 358   670    31  10.1   3.0   8.9
QM60 SHEY 113 302   969    31   5.6   0.9   2.1
QM60 SUSY 120 306   708    31   7.0   0.5   4.4
QM60  WES 168 349   770    31   8.8   2.6   6.3
QM60 WODY 121 308   798    31   6.9   0.6   3.0
QMM5 SHEY 139 324   813    47  10.8   0.3   8.2
QMM5 VLDQ 249  62   712    47   1.6   9.0   5.6
QMM5  WES 193  11   960    47   6.1   1.8   4.6
QMM5 WODY 153 336   709    47   7.3   1.8   5.7
SHEY SUSY 285 102   277    62   6.2  14.5  12.6
SHEY VLDQ 291 100  1251    62   1.7   4.2   2.6
SHEY WODY 270  88   211    62   8.5  14.9  13.4
SUSY WODY 139 319    91    62  11.7   5.5   9.9
VLDQ  WES 140 324   819    62  12.6   1.8  10.0
 WES WODY  58 243   615    62   7.8   2.8   6.0
