 A11  A64  19 200    69    93   4.4   6.8   6.6
 A11 ALLY 132 316   557    31   5.9   6.8   5.3
 A11 CHEG  90 277   725    93   8.6  12.2  10.2
 A11 D56A 268  85   346    62   4.1   3.6   7.7
 A11 D59A 259  77   127    62   1.9   7.4   6.6
 A11 D60A 237  56    66    62   4.7   5.3   9.7
 A11 D62A 101 282    89    86   3.6   6.6   4.8
 A11 D63A  97 279   160    62   7.9   4.5   7.2
 A11 E55A 261  77   455    62   3.3  13.0  11.4
 A11 E58A 249  67   254    62   7.0   7.1   7.2
 A11 E62A 143 324    86    84   7.8   6.8   7.5
 A11 E64A 116 298   203    62   6.6   6.7   8.0
 A11 EMMW 142 324   353    88  11.5  13.2  15.1
 A11 F60A 224  43   195    62   6.9   7.5   8.2
 A11 F61A 204  23   154    62   7.3   5.5   8.2
 A11 F62A 173 353   151    93  11.4   6.5   8.9
 A11 F64A 137 318   209    93   4.9  16.0   9.3
 A11 G57A 239  56   440    62   7.8   5.2   6.5
 A11 G59A 225  43   333    62   4.4   7.6   6.4
 A11 G61A 206  25   241    62   0.2   1.1   1.0
 A11 G62A 187   6   227    93   6.8   8.7   8.5
 A11 G63A 169 350   241    62  10.4   8.1  11.9
 A11  GBN 104 290   699    93   3.5  13.0   8.9
 A11  GGN 131 314   350    79   3.8   7.4   9.2
 A11 H61A 205  23   331    62   4.6   8.8   6.9
 A11 H62A 194  14   306    93   2.4   9.5  10.5
 A11 H63A 177 358   287    62   9.5   8.7  10.9
 A11 H64A 165 346   299    62   9.3   7.9  10.0
 A11 H65A 151 333   321    62   5.7   4.0   5.2
 A11 HANN 119 301   303    93   6.7  12.6  10.5
 A11 HOLY 104 287   295    62  11.5   0.3   9.9
 A11 I57A 231  47   563    62   0.2   8.3   2.0
 A11 I60A 214  32   448    62   3.2   3.2   2.7
 A11 I62A 194  13   385    93  11.4  11.9  15.7
 A11 I63A 185   5   356    93   7.3   8.5  13.4
 A11 I64A 173 353   372    62   4.8   5.1   8.5
 A11  ICQ  39 222   333    93  11.2   3.0   6.4
 A11 J59A 220  37   539    93   4.7   5.8   7.3
 A11 JOSY 134 317   464    31  11.7   6.7   9.3
 A11 K60A 211  28   591    62  15.6   8.3  10.5
 A11 K62A 198  17   534    93   2.4   5.3   6.8
 A11 L63A 191  10   608    62   3.5  14.8  10.0
 A11 L65A 179 359   579    62   7.6   9.2  11.8
 A11 LATQ 276  94   196    93   2.3   2.9   3.2
 A11  LMN 109 292   441    93   4.7   3.1   5.3
 A11 LSQQ 294 109   543    93   8.2   1.9   6.3
 A11 N62A 202  19   748    90   5.8   6.2   7.9
 A11 NATG  55 241   639    92  14.1  14.8  13.0
 A11 PLVO 248  63   585    93   3.6   0.5   2.3
 A11 QM38 314 134    69    62   5.5   5.9   5.7
 A11 QM50 320 139   170    31  10.2   6.0   8.4
 A11 QM60 314 131   317    31   4.1   0.3   2.0
 A11 QMM5  14 195   413    62   3.5   1.3   6.1
 A11 SUSY 113 297   403    62   2.5   2.1   1.8
 A11  WES 190   9   547    93   7.9   8.3   8.8
 A11 WODY 117 301   489    62   7.5   6.3   7.8
 A64 ALLY 139 322   587    31  11.2   9.4  10.9
 A64 BATG 101 283   295    93   5.5   0.9   4.6
 A64 CHEG  96 283   706    93   1.3   0.9   6.3
 A64 D59A 239  57   173    62   0.5   8.6   6.0
 A64 D60A 218  37   128    62   3.8   9.9   7.4
 A64 D62A 142 323   104    86  13.0   6.2   8.8
 A64 D63A 122 304   161    62   9.1   7.0   8.4
 A64 E55A 254  70   492    62   4.9   4.1   4.5
 A64 E58A 239  57   304    62  12.0  11.7  15.2
 A64 E62A 168 348   137    84   6.9  11.5   9.4
 A64 E64A 134 316   221    62   9.8   7.7  11.5
 A64 EDEY 112 297   637    62   5.8   5.6   6.7
 A64 EMMW 151 332   394    88   5.4  13.8  10.5
 A64 F57A 240  57   429    62   4.3  12.9  12.1
 A64 F60A 218  36   259    62   7.8  10.1   9.3
 A64 F61A 203  22   222    62   8.8  10.8  10.2
 A64 F62A 182   1   215    93   8.4  10.6  12.7
 A64 F64A 151 332   248    93  15.5  13.1  17.4
 A64 G59A 221  38   396    62   6.0   6.3   6.9
 A64 G62A 190   9   294    93  11.5   7.0  12.9
 A64 G63A 176 356   302    62   5.9  10.1   9.0
 A64  GBN 110 296   695    93   3.9   1.8   5.2
 A64  GGN 141 323   381    79  17.4  12.4  17.6
 A64 H61A 204  22   399    62  10.2   5.3   8.4
 A64 H62A 196  15   375    93  10.5  14.6  18.2
 A64 H63A 182   2   352    62   8.7   7.6  11.1
 A64 H64A 171 352   358    62   3.9  13.1   9.0
 A64 H65A 159 341   370    62   8.1   5.0  11.1
 A64  HAL 124 308   601    91   4.6   5.4  11.2
 A64 HANN 131 313   322    93   4.4   7.0   6.3
 A64 HOLY 118 300   297    62   3.5   6.1   5.2
 A64 I57A 228  44   622    62   5.9   5.3   7.6
 A64 I62A 195  14   453    93   3.8   4.7  10.4
 A64 I63A 188   7   423    93  11.2  15.7  17.7
 A64 I64A 177 357   435    62  11.1   7.5   9.5
 A64  ICQ  45 227   270    93  11.2   4.3  12.1
 A64 J59A 218  35   603    93   8.9   5.3   8.3
 A64 J62A 197  16   533    62   5.8   9.3   9.1
 A64 J63A 191  10   514    59   3.1   6.7   8.2
 A64 K60A 210  27   658    62   2.9  18.6   9.9
 A64 K62A 199  17   602    93   4.8   8.5   9.4
 A64 L63A 192  11   677    62   4.5  13.7  11.4
 A64 L65A 181   1   644    62   5.6   7.6   6.8
 A64 LATQ 258  76   223    93   9.8   5.1   4.2
 A64  LMN 118 301   445    93   4.6   8.0  12.3
 A64 LSQQ 287 102   542    93   7.1   2.6   4.8
 A64 M66A 182   1   730    62   4.2  11.1  10.5
 A64 MALY 112 297   547    62   5.2   6.9   6.7
 A64 N62A 202  19   817    90   0.1   5.0   4.1
 A64 NATG  60 245   585    92   7.0  11.5  11.5
 A64 PLVO 243  58   633    93   3.6   6.3   4.8
 A64 QM16 152 334   327    50   7.5   6.8   8.6
 A64 QM38 257  76    74    62   1.1   4.1   1.2
 A64 QM50 297 115   147    31   6.7   0.9   9.3
 A64 QM60 302 119   295    31   6.1   1.5   2.9
 A64 QMM5  13 194   345    62   5.3   5.6   6.1
 A64 SHEY 113 299   677    62   4.6   2.3   7.4
 A64 SUSY 123 306   413    62   5.5   5.6   6.1
 A64 VLDQ 277  91   588    62  16.8   5.4  11.9
 A64  WES 191  10   615    93  11.4  11.6  10.2
 A64 WODY 125 309   503    62   9.2   1.7   6.4
ALLY BATG 349 169   400    31   7.1   6.7  14.5
ALLY CHEG  44 227   486    31   3.9   6.2   8.3
ALLY D56A 299 112   840    31   2.0   5.7   3.3
ALLY D59A 307 122   640    31   4.1  12.4  12.3
ALLY D60A 310 126   577    31   2.6   4.8   2.8
ALLY D62A 322 139   483    24   2.8   3.3   9.3
ALLY D63A 328 146   435    31   9.8   7.2  11.7
ALLY E55A 293 105   913    31  10.2   1.8   9.2
ALLY E58A 297 111   707    31   7.2  10.6   8.6
ALLY E64A 325 143   367    31  14.1   2.6  10.6
ALLY EMMW 300 119   217    31   4.3   0.1   5.4
ALLY F57A 290 103   793    31   7.3   1.7   4.4
ALLY F60A 297 112   595    31  10.4   3.9   6.7
ALLY F61A 300 116   528    31   5.7   5.3   8.5
ALLY F62A 304 120   453    31   1.9   7.3   3.7
ALLY F64A 314 131   349    31   8.2   9.6  10.6
ALLY G61A 291 106   539    31   3.4   4.7   3.9
ALLY G62A 293 109   462    31   3.2   5.8   4.3
ALLY G63A 295 111   391    31   3.2   5.7   7.1
ALLY  GGN 318 137   207    31   6.5   4.8   9.7
ALLY H61A 281  97   553    31   7.8   6.0   9.5
ALLY H62A 283  99   493    31   8.0   4.7   7.2
ALLY H63A 286 103   408    31   0.3   4.2   2.7
ALLY H64A 288 105   344    31   1.2  10.7  10.3
ALLY H65A 294 112   273    31   3.8   4.0  11.3
ALLY  HAL  50 231   156    31   3.3   3.7   4.8
ALLY HANN 332 150   272    31   9.4  16.7  14.3
ALLY HOLY 341 160   327    31   7.7   3.4  11.7
ALLY I57A 275  88   849    31   3.0   6.9   4.7
ALLY I60A 274  88   659    31   3.0   4.7   7.9
ALLY I62A 274  90   502    31   3.4   2.4   1.5
ALLY I63A 276  93   442    31   5.5   2.4  10.1
ALLY  ICQ 346 165   664    31  10.6  17.3  19.3
ALLY JOSY 309 128    94    31   4.6   8.5   6.5
ALLY L65A 247  63   447    31   1.1   9.6   7.2
ALLY LATQ 307 121   723    31   5.0   2.1   6.3
ALLY  LMN   5 186   236    31  13.2   9.7  11.5
ALLY LSQQ 307 118  1086    31   6.8  14.4  11.5
ALLY MALY  31 212   266    31   0.5   6.0   4.6
ALLY NATG  13 194   748    31   3.5  10.2   3.8
ALLY QM38 316 132   626    31   3.6  12.8   7.5
ALLY SHEY  57 239   292    31   9.6   0.3   6.6
ALLY SUSY 353 173   221    31   8.9   8.5   9.3
ALLY VLDQ 301 112  1097    31   0.3   1.1   0.2
ALLY  WES 256  71   529    31   7.8   6.2  10.7
ALLY WODY  13 193   155    31   1.1   9.9   5.8
BATG D56A 271  85   660    62   1.3  10.8   5.8
BATG D59A 268  84   439    62   5.0   8.3   8.6
BATG D62A 266  83   228    86   5.8   3.0   7.2
BATG D63A 261  80   157    62   0.6   9.3   4.9
BATG DRLN  68 254   672    91   6.2   4.2   7.1
BATG E55A 267  80   767    62   9.0   0.7   3.7
BATG E58A 262  77   560    62   2.6   5.1   3.1
BATG E62A 256  73   274    84  12.1   6.9  10.6
BATG E64A 235  54   165    62   5.2  11.3   8.2
BATG EDEY 124 307   353    62  13.5   4.4  10.4
BATG EMMW 201  20   305    88  12.3   5.7  10.2
BATG F57A 259  73   681    62   8.6   7.0  10.8
BATG F61A 251  67   404    62   0.1   2.4   1.7
BATG G57A 254  68   730    62   5.0   1.5   8.1
BATG G63A 230  48   365    62   0.5   3.2   2.2
BATG  GBN 119 302   407    93   5.3   4.0   4.2
BATG  GGN 194  14   247    79   6.6   6.5   7.0
BATG H61A 238  54   548    62   0.1  13.7   8.3
BATG H64A 221  39   382    62   6.4   8.9   7.3
BATG H65A 211  30   333    62   3.8   7.4   5.8
BATG  HAL 146 328   350    91   0.6   9.4  11.7
BATG HANN 200  19   164    93   7.5   7.0   7.6
BATG HOLY 200  20    89    62   7.9   8.3   8.1
BATG I57A 247  60   835    62   2.4   4.7   2.4
BATG I64A 218  36   466    62   4.4  15.1   9.5
BATG  ICQ 341 160   265    93  13.7   3.7  10.5
BATG J59A 240  54   785    93   5.1   3.0   3.0
BATG J62A 227  43   637    62   5.9   6.2   3.1
BATG J63A 223  40   593    59   0.1  13.7   8.2
BATG JOSY 179 359   335    31   9.7   4.0  13.6
BATG K60A 233  47   805    62   5.8   4.9   8.2
BATG K62A 226  41   707    93   7.6  14.2  13.8
BATG L65A 210  27   663    62  11.4  11.9  14.3
BATG  LMN 148 329   185    93   6.3  10.8  10.1
BATG LSQQ 288 100   835    93   4.8   4.0   5.4
BATG MALY 127 309   265    62   5.2   4.2   5.4
BATG N62A 223  38   920    90   3.0   4.8   3.7
BATG QM16 213  32   272    50  10.2  10.9  12.2
BATG QM60 294 109   580    31   5.6   2.7   2.6
BATG QMM5 334 152   444    62  13.1   6.6  12.5
BATG SHEY 126 309   394    62   5.0   6.3  10.6
BATG SUSY 164 345   180    62   9.7  11.8  12.2
BATG  WES 219  36   684    93  10.5   3.5   8.1
BATG WODY 155 336   265    62   8.0   7.0   7.7
CHEG D56A 277  86  1071    62   4.0   5.8   5.5
CHEG D60A 275  87   781    62   4.5   7.4  11.0
CHEG D62A 276  90   638    86   5.0   8.4   5.2
CHEG D63A 275  90   566    62   5.3   4.4   7.2
CHEG DRLN  40 222   361    91   7.6   2.3   7.9
CHEG E55A 274  83  1177    62   4.4   4.5   1.7
CHEG E58A 272  83   966    62   7.8   3.0   4.9
CHEG E64A 268  83   550    62   5.5   1.8   5.3
CHEG EDEY 220  39   198    62   0.8   9.8  10.4
CHEG EMMW 249  64   577    88   8.7  11.4   8.7
CHEG F61A 267  80   798    62   4.4  10.5   7.5
CHEG G59A 263  74   987    62   4.6  10.0   7.6
CHEG G61A 263  75   856    62   6.3  13.9  12.8
CHEG G62A 261  73   783    93  10.6   0.5   9.2
CHEG G63A 258  72   718    62   0.1   4.5   0.0
CHEG  GBN 203  22   169    93  14.2   6.2  10.7
CHEG  GGN 251  66   513    79   5.8   8.6   6.6
CHEG H62A 257  69   853    93   7.6   5.7   6.7
CHEG  HAL 224  42   331    91   6.2   5.4   8.0
CHEG HOLY 268  84   444    62   2.9   1.0   1.6
CHEG I57A 260  70  1214    62   9.7   8.7  12.3
CHEG I60A 256  67  1041    62  10.3   1.7   9.5
CHEG I62A 253  65   896    93   4.7   9.5   7.8
CHEG I63A 252  65   833    93   4.7   3.3   1.6
CHEG  ICQ 304 119   576    93   5.3   5.2   6.5
CHEG J59A 256  66  1148    93   3.0   7.6   3.8
CHEG JOSY 238  54   504    31   4.1   5.7   3.7
CHEG K60A 251  61  1144    62   4.6   2.8   7.3
CHEG K62A 247  59  1023    93   0.2   5.2   1.9
CHEG L63A 242  54  1029    62   2.0   0.8   5.4
CHEG L65A 238  51   915    62   4.7  11.4  15.0
CHEG LATQ 278  90   920    93   3.9   1.5   2.8
CHEG LSQQ 288  95  1241    93  11.2   2.6   8.8
CHEG M66A 234  48   976    62   9.7   0.5   6.6
CHEG MALY 242  60   235    62   3.8   3.3   5.9
CHEG N62A 242  53  1216    90   7.0   0.7   3.6
CHEG NATG 339 157   418    92   3.2   5.6   6.8
CHEG PLVO 267  75  1285    93   1.4   8.3   5.8
CHEG QM38 281  93   776    62   1.0   0.5   2.0
CHEG QM50 286  98   844    31   2.6   0.9   2.4
CHEG QMM5 310 124   746    62  12.6   9.0  12.2
CHEG SHEY 209  28   212    62   9.9   6.7   9.9
CHEG SUSY 253  70   386    62   7.0   3.1   8.9
CHEG VLDQ 283  90  1294    62   7.9   0.7   7.8
CHEG WODY 240  57   363    62   2.4   5.2   7.9
D56A D60A  92 274   292    62   4.2   6.0   5.7
D56A D62A  87 272   433    55   7.5   2.1   3.4
D56A D63A  88 273   505    62   4.6   3.6   6.2
D56A E55A 237  56   119    62   6.9   8.5  12.7
D56A E58A 123 304   136    62   7.2   8.6   8.5
D56A E62A  95 279   402    53   3.7   0.9   3.5
D56A E64A  95 280   534    62   4.6   3.5   1.6
D56A EDEY  96 285   975    62   1.1   0.2   0.6
D56A EMMW 112 297   623    62  10.3   4.0   9.6
D56A F57A 178 358   138    62   8.5   8.5  10.2
D56A F60A 118 300   246    62   4.1   4.8   6.2
D56A F61A 111 294   313    62  10.8   4.2   6.5
D56A F62A 107 291   389    62   5.8   1.9   6.3
D56A F64A 103 287   509    62   7.9   0.8  13.5
D56A G57A 185   5   217    62   7.2  14.5  12.0
D56A G59A 150 331   250    62   6.8   4.9   5.7
D56A G61A 127 309   317    62   9.5   3.7   7.2
D56A G62A 120 303   385    62   2.0   4.3   3.7
D56A G63A 117 300   452    62  11.2   5.9   6.7
D56A  GGN 106 292   648    62   2.4   3.6   7.9
D56A H61A 141 323   357    62   5.9   8.7   8.0
D56A H62A 133 316   392    62   9.9   7.2  15.6
D56A H63A 124 308   452    62  11.9   9.1  12.4
D56A H64A 120 304   506    62   4.3   0.2   0.1
D56A  HAL 103 291   907    62  10.8   0.6  10.5
D56A I57A 192  11   353    62   7.4  12.4  13.8
D56A I60A 162 343   374    62  13.1   8.3  12.4
D56A I62A 142 324   443    62   3.9   7.0   7.1
D56A I64A 129 313   530    62   8.2  18.3  15.1
D56A  ICQ  61 246   620    62   3.5   6.7   9.3
D56A J59A 177 357   399    62  13.0   6.2   8.1
D56A J62A 150 332   484    62   8.5  10.5  11.9
D56A J63A 144 327   509    59   5.6   9.2   8.2
D56A K60A 172 352   497    62   9.4   6.9  13.2
D56A K62A 157 339   526    62   3.6   7.5   5.5
D56A L63A 155 338   628    62   9.6  15.5  14.0
D56A L65A 144 328   671    62   8.9   2.5   8.4
D56A LATQ  75 257   154    62   7.6   4.9   8.6
D56A LSQQ 324 143   278    62  11.8   6.1  10.1
D56A M66A 148 332   742    62   4.9   2.7   5.7
D56A N62A 171 352   687    59   9.8  16.5  16.6
D56A QM16 109 294   564    50   2.7   5.1  11.0
D56A QM38  75 258   303    62  12.2   2.0   5.5
D56A QM50  56 238   277    31   6.2   8.7   8.9
D56A QM60  24 205   258    31   3.6   2.6   4.0
D56A VLDQ 300 118   259    62  10.2   8.4  10.0
D56A  WES 151 333   585    62   4.2   2.1   6.9
D59A D60A  98 279    70    62   3.1   2.8   7.8
D59A D62A  87 269   212    55   4.1   3.3   7.0
D59A D63A  88 271   284    62   5.2   0.2   3.9
D59A DRLN  72 262  1094    60   3.1   9.7  10.1
D59A E55A 261  78   328    62   4.0   2.0   5.6
D59A E58A 238  57   131    62   7.0   3.9   6.2
D59A E62A 103 285   182    53   1.3   0.9   3.0
D59A E64A 101 284   313    62  13.7   9.5  18.9
D59A EDEY 100 287   754    62   6.2   7.7   4.6
D59A EMMW 125 308   425    62   2.9   3.7   8.9
D59A F60A 184   4   116    62  10.8   8.1  10.5
D59A F61A 150 331   132    62   8.2  11.2  11.9
D59A F62A 130 311   189    62   6.9   7.8   9.2
D59A F64A 114 297   297    62   4.9   4.3   5.1
D59A G59A 206  25   238    62   0.3  12.4   8.9
D59A G61A 173 353   193    62  11.0   6.3   9.3
D59A G62A 153 334   223    62   4.0  13.6  12.3
D59A G63A 140 322   271    62   6.6   6.2   7.4
D59A H61A 182   1   276    62   7.5  10.6  14.9
D59A H62A 169 349   276    62  14.3  12.5  14.8
D59A H63A 151 332   296    62  11.8   6.5  11.2
D59A H64A 141 323   332    62   5.5   8.8   9.3
D59A H65A 131 314   379    62   3.8   2.9   7.3
D59A  HAL 109 295   692    62   8.4   0.5   5.8
D59A HANN 106 290   409    62   1.8   7.9   8.3
D59A HOLY  95 279   414    62   2.9   4.5   2.3
D59A I57A 223  40   454    62   0.6   7.6   7.1
D59A I60A 198  17   370    62   3.1   6.3  10.9
D59A I62A 173 354   350    62   8.4  11.6  13.7
D59A I63A 163 344   343    62  16.2  10.3  15.1
D59A I64A 153 334   384    62   5.7   6.8   8.1
D59A  ICQ  49 232   439    62  11.9  12.0  10.6
D59A J59A 209  27   446    62   5.4   3.5   5.6
D59A J62A 180 360   420    62  10.6   5.7  13.6
D59A J63A 172 352   419    59   8.3  12.7  11.5
D59A JOSY 122 306   547    31   7.2   6.5   8.1
D59A K60A 199  18   514    62   2.6   4.9   3.1
D59A K62A 184   4   484    62   7.3   8.4   9.6
D59A L63A 178 358   572    62   6.7   4.6   6.9
D59A L65A 165 346   571    62   7.5  15.7  12.5
D59A LATQ 301 120    83    62   5.7   3.4   4.8
D59A M66A 167 349   653    62   2.3   8.3   9.9
D59A N62A 192  10   688    59   6.7  10.0  13.6
D59A NATG  58 245   758    61  12.4   1.5   3.6
D59A QM38  45 225   105    62   3.5   0.3   4.6
D59A QM50   5 185   156    31   7.5   3.2   5.9
D59A QMM5  26 209   481    62   7.0   6.2   7.3
D59A SUSY 104 289   513    62   7.2   2.7   7.6
D59A VLDQ 289 104   464    62   4.2   3.8   5.3
D59A  WES 175 356   515    62   8.0  10.8  15.7
D59A WODY 108 293   594    62   9.0   3.7   7.4
D60A D62A  82 263   144    55   7.5   9.1   9.8
D60A D63A  85 267   215    62   4.0  11.6  10.0
D60A E55A 264  81   396    62   3.5   3.0   7.9
D60A E58A 252  71   190    62   6.8   7.8   9.3
D60A EDEY 101 287   684    62   2.6   2.4   8.1
D60A EMMW 131 314   364    62   3.1   6.5   8.9
D60A F60A 217  37   131    62   0.3   8.6   8.8
D60A F61A 183   3   105    62   8.2   8.5  11.9
D60A F62A 147 327   135    62   4.1  11.8   8.1
D60A F64A 120 301   230    62   5.9   6.5   9.1
D60A G61A 195  14   187    62   5.9   6.8   6.7
D60A G62A 171 351   191    62   6.4   9.8   9.8
D60A G63A 153 334   224    62  10.2  13.1  17.9
D60A  GBN 100 286   745    62   1.7   6.6   1.7
D60A  GGN 121 304   374    62   4.2   9.1  12.2
D60A H61A 197  16   277    62   7.6   8.1   9.6
D60A H62A 184   4   261    62   3.5   8.8   6.7
D60A H63A 164 345   260    62  10.9  12.9  13.4
D60A H64A 152 333   285    62   7.5   8.0  14.0
D60A H65A 139 321   323    62   6.4  11.3  12.3
D60A  HAL 111 297   624    62   7.4   2.7   6.0
D60A HANN 108 291   340    62   6.3   6.4   7.8
D60A I57A 230  47   497    62   4.0  13.8  14.8
D60A I60A 209  28   388    62   1.2  10.0   7.5
D60A I62A 186   5   339    62   7.6   7.5  11.9
D60A I63A 175 355   319    62   9.2  13.8  12.5
D60A I64A 163 344   348    62  10.4  11.3  12.1
D60A  ICQ  42 224   397    62   6.9   1.5   4.6
D60A J59A 218  35   475    62   3.0  11.7   7.8
D60A J62A 190   9   416    62   3.5   9.6  11.3
D60A J63A 182   2   404    59   9.4  11.7  15.4
D60A L63A 186   5   564    62   5.4  10.3  12.1
D60A L65A 172 353   547    62  12.9   9.4  17.9
D60A LATQ 291 110   150    62   3.9   4.1   4.3
D60A  LMN 102 286   485    62   6.4   4.0   8.2
D60A LSQQ 300 116   511    62   5.9   6.7   5.2
D60A M66A 174 355   631    62   4.4   6.9  10.4
D60A MALY  99 285   595    62   3.4   3.1   0.1
D60A N62A 198  16   695    59   0.8   1.2   3.0
D60A NATG  55 241   706    61   5.5   5.1   2.3
D60A QM16 128 311   298    50   9.5  13.4  11.7
D60A QM38   4 184    85    62   9.5   5.7   7.6
D60A QM50 342 161   175    31   5.9   6.5   6.4
D60A SHEY 103 289   719    62   3.8   8.0   7.6
D60A VLDQ 288 103   533    62  11.3   7.2   7.5
D60A  WES 184   3   504    62   5.4  14.0  11.9
D62A D63A  94 274    72    55   2.5   4.7   3.5
D62A DRLN  70 259   891    86  11.0   3.4   3.7
D62A E55A 265  80   540    55   6.8   6.7   8.3
D62A E58A 258  75   333    55   8.1   4.9   9.3
D62A E62A 215  35    63    84   4.9  10.1   7.5
D62A E64A 128 309   119    55   4.5   8.0   6.6
D62A EDEY 107 292   550    55   5.3   7.5   4.5
D62A EMMW 154 335   291    81   5.3  10.5   8.4
D62A F61A 231  50   193    55   2.5   8.9   8.8
D62A F62A 208  28   149    86   6.2  12.2  10.3
D62A F64A 158 339   146    86  10.1  10.7  10.8
D62A G57A 247  62   509    55   0.6   0.6   0.0
D62A G61A 225  43   277    55   8.0  10.9   8.5
D62A G63A 192  11   223    55   7.6  10.8  14.2
D62A  GBN 105 290   610    86   9.3   7.4   9.9
D62A  GGN 141 323   277    72  11.4  13.1  14.2
D62A H61A 219  37   362    55   7.8   7.7   9.4
D62A H62A 211  30   323    86   2.5   5.3   4.6
D62A H63A 196  16   280    55   7.1  13.9  16.3
D62A H64A 183   3   272    55   9.7   5.1   8.3
D62A H65A 166 347   272    55  10.7   6.8  11.0
D62A  HAL 121 305   503    84   2.1   7.5   5.1
D62A HANN 126 308   220    86   2.8   4.1   3.5
D62A HOLY 106 288   207    55   4.8   0.9   7.1
D62A I57A 238  54   623    55   5.9   6.1   6.9
D62A I62A 207  26   399    86   4.8   8.2   5.5
D62A I63A 200  19   357    86   0.6   9.4   7.1
D62A I64A 188   7   354    55   3.2   7.4   8.7
D62A  ICQ  25 207   302    86   8.3   3.8   7.9
D62A J59A 229  45   587    86   0.6  15.0   7.3
D62A J62A 208  26   480    55   6.6   4.0   6.7
D62A J63A 201  20   452    52   7.3   5.2   9.7
D62A JOSY 142 324   393    24   2.2   7.5  15.4
D62A K60A 219  36   626    55   0.2   3.4   5.9
D62A K62A 208  26   551    86   2.5   6.1   6.6
D62A L63A 200  18   615    55   0.2   4.0   8.4
D62A L65A 188   8   567    55  10.9   5.1  10.4
D62A LATQ 278  95   285    86   3.1   2.4   7.7
D62A  LMN 111 294   353    86  10.0  12.0  12.4
D62A LSQQ 293 107   630    86   3.6   9.4  11.2
D62A M66A 188   7   653    55   4.0   8.5   9.5
D62A MALY 106 290   460    55   3.6   6.9   6.5
D62A NATG  50 235   581    85   7.9   9.9   9.1
D62A PLVO 253  67   661    86   1.3   5.0   2.6
D62A QM16 157 338   225    50   9.6   8.8   8.2
D62A QM38 297 115   151    55   6.3   1.4   3.4
D62A QM50 308 126   245    31   5.6   6.8   9.8
D62A QM60 308 124   394    31   7.3   1.9   1.1
D62A QMM5   2 183   419    55   8.2   0.3   4.8
D62A SHEY 109 294   587    55   5.2   8.0   6.9
D62A SUSY 117 300   317    55   6.6   7.1  11.5
D62A  WES 200  18   552    86   3.2   7.3   5.0
D62A WODY 121 305   405    55   7.9   1.6   3.2
D63A DRLN  69 257   826    60   7.5  10.2  13.3
D63A E55A 267  81   611    62   7.5   5.2   8.6
D63A E58A 261  78   402    62   4.3   2.5   8.6
D63A E62A 247  66   118    53   5.8   6.3  10.9
D63A E64A 163 343    72    62   4.3   4.6   6.7
D63A EDEY 110 294   480    62  11.7  17.5  14.7
D63A EMMW 169 349   264    62  10.9  16.4  15.3
D63A F57A 257  73   524    62   7.9   4.2   5.8
D63A F62A 229  48   191    62   0.1  11.0   6.4
D63A F64A 188   8   132    62   8.8   7.0   8.0
D63A G61A 235  52   328    62   0.0   8.8   4.1
D63A G62A 224  42   276    62   6.7   8.6   8.8
D63A  GBN 107 292   540    62  11.1   5.4  10.9
D63A  GGN 155 336   235    62   6.1  13.5  10.5
D63A H64A 198  18   280    62   2.6   6.9   8.2
D63A H65A 182   2   260    62   6.2  12.7  10.2
D63A  HAL 126 309   441    62   6.1  11.3  14.5
D63A HANN 141 322   165    62  11.3   8.5  11.3
D63A HOLY 114 295   138    62   4.6   3.9   4.1
D63A I60A 231  47   539    62   4.2   6.0   7.9
D63A I62A 217  35   433    62   1.1   7.4  12.6
D63A I63A 211  29   384    62   6.4   8.9  11.6
D63A I64A 200  18   366    62  10.6   6.4  13.1
D63A  ICQ  12 193   283    62   2.5   9.4   7.0
D63A J62A 216  33   514    62   0.1   6.8   2.2
D63A J63A 210  28   478    59  10.4  10.0  14.3
D63A JOSY 151 333   349    31  11.5  12.9  13.1
D63A K60A 225  41   671    62   1.5  11.3   7.0
D63A K62A 215  32   585    62   3.4   5.3   6.2
D63A L63A 207  25   639    62  11.2   5.1   8.9
D63A  LMN 116 299   286    62   5.1   9.1   6.9
D63A LSQQ 292 105   698    62   3.8   0.8   4.8
D63A M66A 195  13   662    62   5.8   4.4   7.8
D63A N62A 214  31   803    59  11.0   5.0   8.8
D63A NATG  45 229   532    61   6.9   5.1   8.6
D63A PLVO 256  69   728    62   4.2   5.8   3.7
D63A QM16 177 357   204    50   3.6   7.0   7.4
D63A QM38 290 108   219    62  10.2   8.2  13.1
D63A QM50 301 118   307    31   4.4   0.2   4.8
D63A QM60 303 119   456    31   1.7   0.7   0.4
D63A QMM5 353 173   426    62  12.6  11.6  14.6
D63A SHEY 112 296   518    62  11.2   2.7   6.8
D63A SUSY 125 306   253    62   3.8  11.6   9.3
D63A  WES 207  25   576    62   3.6   5.4   1.1
D63A WODY 128 310   343    62   0.8  11.5   9.8
DRLN E58A 261  69  1222    60   5.5   4.5   5.8
DRLN E64A 252  64   834    60   0.1   6.5   0.6
DRLN F57A 260  67  1346    60   4.3   3.6   4.9
DRLN F61A 255  65  1076    60   3.2  11.1   8.9
DRLN F62A 253  64  1008    91  10.4  14.6   6.1
DRLN F64A 249  61   898    91   1.6   4.9   4.3
DRLN G57A 257  65  1399    60   9.4   4.2   7.2
DRLN G62A 250  61  1082    91   2.4   2.1   0.2
DRLN G63A 248  59  1026    60   0.3   5.5   3.8
DRLN  GBN 217  34   524    91   6.3   6.7   8.5
DRLN  GGN 240  54   843    77   5.7  11.3   7.7
DRLN H62A 249  59  1161    91   8.5   6.0   8.7
DRLN H63A 247  57  1080    60   2.1   8.9   8.4
DRLN H64A 244  56  1027    60   0.5   4.1   0.6
DRLN HANN 245  58   791    91   1.1   7.9  12.0
DRLN HOLY 249  62   735    60   1.6   7.7   6.8
DRLN I60A 249  58  1349    60   8.6   3.2   3.6
DRLN I63A 245  55  1154    91   0.3   3.7   0.2
DRLN I64A 242  53  1101    60   9.0   0.3   1.8
DRLN J62A 244  54  1288    60   7.4   7.0   6.7
DRLN JOSY 233  46   854    29   1.6   8.7   0.7
DRLN L63A 238  48  1370    60   8.2  15.1  13.6
DRLN L65A 235  46  1263    60  14.6  15.9  10.8
DRLN  LMN 238  53   667    91   8.4   2.3   8.0
DRLN M66A 233  44  1328    60   5.5   2.7  10.7
DRLN MALY 231  47   585    60   2.4  12.5  13.5
DRLN N62A 240  48  1555    88   9.5   4.4   8.5
DRLN NATG 289 105   399    90   5.0   9.8  11.3
DRLN PLVO 260  65  1552    91   2.1   1.4   1.0
DRLN QM16 244  57   909    50   4.1   1.6   2.1
DRLN QM38 265  75  1001    60   1.7   6.4   1.9
DRLN QM50 270  80  1042    31   7.9   4.3   4.4
DRLN QMM5 287  98   827    60   0.7  10.4   6.3
DRLN SHEY 218  35   570    60   4.9   4.6   6.8
DRLN SUSY 240  54   715    60   5.2   6.3   9.1
DRLN VLDQ 273  78  1490    60   9.5   2.5   8.5
DRLN  WES 240  50  1314    91   2.5   8.0   2.1
DRLN WODY 232  47   712    60   4.1   4.2   6.3
E55A E58A  91 273   214    62   3.2   3.2   3.7
E55A E64A  87 273   632    62   3.9   6.2   8.8
E55A EDEY  91 281  1070    62   0.2   5.9   3.9
E55A EMMW 103 289   698    62  10.2   2.1  12.3
E55A F57A 124 305   127    62   8.2   6.1   8.7
E55A F60A  98 281   321    62   9.7   3.0   8.9
E55A F61A  96 280   394    62  12.5   8.1   9.9
E55A F62A  95 280   474    62   7.3   2.3  10.6
E55A F64A  94 279   599    62   4.4   6.4   6.0
E55A G57A 151 331   172    62   6.2   9.7   9.3
E55A G61A 109 292   375    62   1.7   1.8   6.3
E55A G62A 106 290   451    62  10.1  10.0  11.1
E55A  GBN  91 281  1132    62   7.8   1.8   5.3
E55A H61A 122 305   388    62   4.3  15.1  10.4
E55A H62A 117 300   436    62  10.6   0.6   8.6
E55A H65A 105 291   640    62   8.9   1.9  12.3
E55A  HAL  97 286   993    62   0.5   2.8   2.5
E55A I57A 173 354   281    62  15.4  12.9  14.4
E55A I60A 142 324   362    62   7.7  21.5  16.0
E55A I62A 126 309   469    62   7.3  10.4  14.6
E55A I63A 120 304   506    62   6.7   4.6   4.7
E55A I64A 117 301   578    62   1.7   7.3   7.8
E55A J59A 159 340   354    62   8.0   8.4  11.2
E55A J62A 135 318   491    62   4.8  10.7  16.7
E55A J63A 130 314   528    59   2.4   5.9   7.6
E55A K60A 157 339   460    62  15.2  13.7  15.9
E55A K62A 143 326   519    62  10.6  14.3  15.2
E55A L63A 144 327   622    62   5.1  17.3  13.8
E55A L65A 134 318   686    62   6.0  11.9  14.9
E55A LATQ  66 249   270    62   7.9  11.4  12.8
E55A LSQQ 347 166   298    62  11.0   9.1  11.0
E55A M66A 138 322   748    62   3.6   5.6   5.6
E55A N62A 160 342   648    59   6.5  11.7  12.5
E55A PLVO 207  26   176    62   7.6  10.3   9.3
E55A QM38  69 253   418    62   7.9  11.4  12.0
E55A QM60  33 215   364    31   6.0   0.9   4.0
E55A QMM5  45 230   724    62   7.5   3.6   8.8
E55A SHEY  93 283  1102    62   1.6   5.7   2.1
E55A VLDQ 327 146   232    62   9.6   5.7  10.0
E55A  WES 138 322   589    62   3.6  10.8   8.5
E55A WODY  96 284   898    62   5.6   5.1   5.3
E58A E62A  83 266   290    53   1.4   3.3   2.8
E58A E64A  87 271   419    62   7.1   6.9   6.3
E58A EDEY  93 281   856    62   1.6  12.8   5.9
E58A EMMW 110 294   491    62   6.6   4.9   8.2
E58A F57A 241  60   126    62   2.5   1.2   1.9
E58A F60A 113 294   112    62   7.2   9.2   9.2
E58A F61A 103 285   182    62   3.5   6.0   5.2
E58A G59A 177 357   144    62   6.8   2.4   4.8
E58A G61A 131 312   182    62   5.7  10.7   8.3
E58A G62A 120 302   249    62   8.7   4.7   9.4
E58A  GBN  92 281   919    62   1.3   5.4   7.4
E58A  GGN 103 288   520    62   3.5   5.7   4.7
E58A H61A 152 333   231    62   5.7  11.4   8.6
E58A H62A 140 321   260    62  12.5  16.2  16.5
E58A H63A 126 308   317    62   7.7   4.3   8.6
E58A H65A 114 297   435    62   9.0   7.4   7.7
E58A HANN  94 279   506    62   1.0   4.5   5.3
E58A HOLY  86 271   524    62   5.2   3.5   3.6
E58A I57A 216  34   329    62   1.1   3.9  13.5
E58A I60A 180   0   281    62   3.5   8.7   8.3
E58A I62A 150 332   317    62   2.3   5.3   5.9
E58A I63A 140 322   334    62   7.9  11.7  11.4
E58A I64A 132 315   395    62   6.0  11.7  11.9
E58A  ICQ  50 234   569    62   7.3   0.6   0.7
E58A J59A 197  16   337    62   5.1   9.9   9.1
E58A J62A 161 342   368    62   8.7  16.0  15.2
E58A J63A 152 334   385    59   1.2  17.5   8.2
E58A K60A 187   6   420    62   0.2   6.8   3.7
E58A K62A 168 349   420    62   8.6  14.7  11.0
E58A L63A 164 346   518    62  13.1   6.3  17.9
E58A L65A 151 333   547    62   4.9   7.8  13.7
E58A LATQ  18 199   119    62   9.2   6.0   9.7
E58A LSQQ 318 136   408    62   9.9   5.5   7.8
E58A M66A 155 337   622    62   9.5  10.4  11.1
E58A N62A 182   1   605    59   4.9  10.0  12.4
E58A PLVO 245  62   331    62   4.3  10.4  10.2
E58A QM16 105 289   434    50   1.8   5.2   6.0
E58A QM50  28 209   257    31   5.2   6.8   7.0
E58A QM60 359 179   311    31   4.3   0.3   7.2
E58A SHEY  95 283   888    62   1.6   7.5   4.8
E58A VLDQ 302 119   395    62   4.7   5.2   9.7
E58A  WES 160 341   470    62   0.6  14.1  11.5
E58A WODY  99 285   685    62   2.1   3.7   1.8
E62A E64A  99 280   132    53   0.4   2.3   1.3
E62A EMMW 142 324   267    79  16.4   5.7  11.5
E62A F57A 259  75   409    53   6.9   8.0   7.7
E62A F60A 250  68   201    53   4.8   4.9   5.6
E62A F61A 238  57   134    53   2.8   5.9   7.2
E62A F62A 203  23    87    84   7.0  10.9  10.2
E62A F64A 132 313   124    84   6.0   9.0   7.8
E62A G57A 250  66   456    53  10.3   5.3   8.4
E62A G59A 240  58   332    53   4.1   2.3   4.7
E62A G62A 207  26   174    84   8.9   9.0   9.6
E62A G63A 183   3   167    53  12.2  10.0  12.0
E62A  GBN  99 285   634    84   7.3   6.4   8.3
E62A  GGN 128 310   267    70   1.8   2.0   2.9
E62A H62A 210  29   261    84   5.5   9.0   7.9
E62A H63A 191  10   221    53   5.8   8.8   9.4
E62A H64A 174 354   221    53   7.9   7.4   8.6
E62A H65A 155 336   236    53   5.8   6.7  12.2
E62A HANN 110 292   228    84   2.4   7.0   5.3
E62A HOLY  91 274   235    53   8.8   7.3  10.5
E62A I57A 240  56   566    53   9.1   2.1   5.8
E62A I60A 225  42   427    53   2.0   6.6  12.3
E62A I62A 206  24   337    84   8.9   9.5  10.6
E62A I63A 197  16   297    84  10.2   9.3  12.3
E62A I64A 182   2   300    53  12.7   4.2   9.9
E62A  ICQ  27 208   364    84   9.5   5.0  10.0
E62A J59A 230  46   526    84   8.6  10.0  10.6
E62A J62A 206  25   418    53   6.1   6.7   6.8
E62A J63A 199  18   391    50   8.0  15.0  12.9
E62A JOSY 132 315   379    23   7.8   5.3  10.7
E62A K60A 219  36   564    53   6.1   5.7   9.2
E62A K62A 207  25   489    84   1.8  13.8   7.8
E62A L65A 185   5   512    53   9.2  11.4  17.2
E62A  LMN 101 285   374    84   8.2   4.1   6.5
E62A LSQQ 299 113   620    84   7.0   7.5   9.2
E62A M66A 185   5   598    53   7.2   8.9  12.5
E62A NATG  48 233   642    83   9.8   3.9   6.3
E62A QM38 320 139   155    53   8.2   6.0   8.6
E62A QM50 322 140   256    30   3.2   7.8   5.9
E62A QM60 316 133   402    30   5.8   3.1   2.9
E62A QMM5   6 187   473    53   4.2  17.0   7.7
E62A SUSY 106 289   331    53   6.9   4.1   8.6
E62A  WES 198  16   492    84   9.0   2.6   8.4
E62A WODY 112 296   413    53   1.7   6.2   7.7
E64A EDEY 102 286   441    62   4.2   4.6   3.4
E64A EMMW 171 351   192    62  10.5  13.7  15.0
E64A F57A 265  80   535    62   9.4   1.8   9.4
E64A F61A 260  77   249    62   1.0   6.6   3.6
E64A F62A 251  70   175    62   3.5   9.2   6.0
E64A F64A 213  33    74    62   7.6   9.3  10.0
E64A G57A 258  73   575    62   3.9   1.1  12.1
E64A G59A 252  68   442    62  10.0   3.4   3.1
E64A G62A 239  57   249    62   6.0   4.6   7.2
E64A G63A 225  43   201    62   7.4   7.5   8.0
E64A  GGN 152 332   164    62  10.6  12.6  13.9
E64A H61A 238  55   383    62   5.0   6.0   7.3
E64A H62A 233  51   331    62   3.2   5.2   5.7
E64A H63A 222  41   260    62   2.1   4.4   0.9
E64A H65A 190  10   194    62  10.0   4.4   7.8
E64A  HAL 119 302   386    62   8.9   1.1   6.6
E64A HANN 126 306   101    62   5.0   8.4   6.7
E64A HOLY  83 264   105    62   6.0   3.6   6.2
E64A I62A 226  43   395    62   1.6   9.3   5.9
E64A I63A 220  38   340    62   5.4   6.2   6.3
E64A I64A 208  26   312    62   3.6  12.7  10.0
E64A  ICQ   7 187   348    62   9.6   1.7   8.4
E64A J59A 240  56   620    62   1.2   4.5   8.2
E64A J62A 223  40   474    62   4.9   4.9   7.8
E64A J63A 218  35   433    59   3.1   9.0  14.6
E64A JOSY 149 330   279    31   4.7   7.1   6.8
E64A K60A 231  47   640    62   2.2   7.2   9.9
E64A K62A 222  38   544    62   2.6   8.9   8.1
E64A L63A 212  30   590    62   3.8   3.7   6.6
E64A LATQ 288 104   392    62   8.1   7.7  11.0
E64A  LMN 104 286   242    62   5.0   7.3  10.8
E64A LSQQ 296 110   746    62   8.8   9.6  12.3
E64A M66A 199  17   602    62   2.0   9.0   8.9
E64A MALY 100 283   353    62   6.6   1.3   6.5
E64A N62A 219  35   760    59   5.4  12.3   9.6
E64A NATG  39 223   568    61   1.1   5.6   3.3
E64A PLVO 261  75   735    62   1.2   1.9   4.4
E64A QM16 184   4   135    50   4.6   3.9   3.8
E64A QM38 302 120   269    62   9.4   7.2   9.8
E64A QM50 309 126   364    31   5.3   6.9   5.3
E64A QM60 309 124   513    31   9.0   0.4   3.1
E64A QMM5 352 171   497    62  12.4  10.5  12.6
E64A VLDQ 288 101   776    62   3.8   0.8   6.0
EDEY EMMW 260  77   413    62  10.7   3.5  12.7
EDEY F57A 277  88   965    62  13.6   4.9   6.7
EDEY F60A 278  91   752    62   4.6   3.4   6.9
EDEY F62A 278  92   598    62   2.5   3.6   5.9
EDEY G57A 272  83   994    62   7.1   7.9  12.8
EDEY G62A 271  85   644    62  11.8   0.6   7.3
EDEY  GBN  93 274    63    62   5.1   6.7   7.0
EDEY  HAL 229  48   134    62   4.3   3.1   4.2
EDEY HANN 280  96   350    62   0.2   3.3   1.5
EDEY HOLY 292 109   343    62   6.0   7.5   8.3
EDEY I60A 262  75   888    62   9.2   1.0   3.5
EDEY I64A 256  71   604    62   6.1   9.2  10.1
EDEY  ICQ 322 139   587    62   3.1   7.1   7.7
EDEY J59A 262  73   993    62   4.5   4.5   7.0
EDEY J62A 255  69   796    62   6.1   2.2   7.6
EDEY J63A 254  68   738    59   7.3   7.2   9.5
EDEY K62A 252  65   852    62   9.3   8.6   4.9
EDEY L63A 245  59   848    62   2.7   0.6   0.7
EDEY L65A 241  56   729    62   1.5  12.1  11.3
EDEY  LMN 284 102   199    62   5.3   7.3  13.6
EDEY M66A 236  51   785    62   2.3   4.5   4.4
EDEY NATG 356 176   540    61   1.4   8.8   7.0
EDEY QM16 269  85   442    50   4.3   6.9   5.7
EDEY QM38 294 108   699    62   4.5   5.8   3.9
EDEY QM50 298 111   784    31  10.2   0.0   8.7
EDEY SHEY 143 323    43    62   5.8   6.2   7.5
EDEY VLDQ 290  99  1215    62   4.4   6.5   7.5
EDEY WODY 259  77   188    62   5.2  11.4   9.5
EMMW F60A 293 110   379    62   4.9   9.6  16.9
EMMW F61A 298 116   311    62   4.3   4.4   7.4
EMMW F62A 305 123   237    88  18.3   4.7  12.0
EMMW F64A 332 151   146    88   8.1   6.6   8.1
EMMW G57A 277  92   596    62   2.2   0.2   8.7
EMMW G61A 283 100   327    62   8.8   8.9  10.7
EMMW G62A 284 102   249    88   4.6  13.9  10.8
EMMW G63A 286 104   177    62   2.8   6.4   6.1
EMMW  GGN  47 227    67    79   5.0   4.9   6.1
EMMW H62A 268  86   294    88   1.8   4.0   6.1
EMMW H63A 269  88   204    62   7.4   6.9  13.9
EMMW H64A 268  86   140    62   5.1   7.4   7.7
EMMW H65A 269  89    63    62   4.7   4.4   4.8
EMMW  HAL  90 273   307    86   1.3   6.4   4.3
EMMW HANN  22 203   141    88   6.9  10.4  10.3
EMMW HOLY  21 201   216    62  13.7   8.7  12.4
EMMW I60A 260  76   475    62   5.2  10.5   8.7
EMMW I62A 255  72   323    88   3.9   2.7  11.6
EMMW I63A 255  73   259    88   7.3   7.6   9.4
EMMW I64A 244  63   195    62   3.1   8.2  12.7
EMMW  ICQ   1 182   535    88   5.7   7.0  11.5
EMMW J62A 246  63   386    62   7.5   9.6  13.5
EMMW J63A 243  60   331    59   1.6   8.9   5.2
EMMW JOSY 113 294   125    31   7.4   3.9   5.3
EMMW K60A 248  64   568    62   0.7   4.1   2.5
EMMW L63A 228  45   462    62   1.7   9.7   5.3
EMMW L65A 216  34   364    62   8.0   9.4  10.6
EMMW LATQ 308 124   508    88   8.5   1.5   4.6
EMMW  LMN  58 239   244    88   9.6   5.7  11.4
EMMW LSQQ 307 120   871    88   8.5   4.2   6.9
EMMW PLVO 276  89   760    88   2.8   6.8   2.0
EMMW QM16 325 145    68    50   4.2   4.0   7.2
EMMW QM38 323 140   421    62   7.1   8.0   8.0
EMMW QMM5 352 171   690    62   7.5  11.1  14.2
EMMW SHEY  82 266   434    62   8.6   7.7  10.9
EMMW SUSY  54 236   195    62   4.0   6.9   9.2
EMMW VLDQ 300 112   880    62   7.0   8.1   9.5
EMMW  WES 232  49   405    88   4.2   2.4   6.2
EMMW WODY  78 260   225    62   3.7   5.7  10.7
F57A F62A  87 270   367    62   1.6   4.7   0.2
F57A G57A 196  16    82    62   9.0   7.3   9.5
F57A G59A 124 305   144    62   8.5   4.9   8.3
F57A G61A 102 285   254    62   0.3   9.5   3.6
F57A G62A 100 283   332    62   5.6  11.8  10.0
F57A G63A  99 283   404    62   8.6   0.8   4.7
F57A  GGN  94 280   619    62   5.2   0.4   3.3
F57A H61A 122 304   260    62   4.6   5.1   7.3
F57A H62A 115 298   310    62   6.0   2.1   1.3
F57A H63A 108 291   387    62   9.0   1.8  12.8
F57A H64A 105 289   449    62   8.0   6.2  12.3
F57A H65A 101 286   521    62   6.4   0.8   8.2
F57A HANN  86 272   615    62   8.3   1.8   1.5
F57A I57A 200  20   222    62   8.0  11.2   9.5
F57A I60A 153 334   245    62   9.8  21.1  15.7
F57A I62A 128 310   342    62   5.3   8.7   8.7
F57A I63A 120 303   379    62   6.0  10.0   9.3
F57A I64A 116 300   452    62   1.8   5.5   4.6
F57A  ICQ  51 236   693    62   2.6   4.3   7.6
F57A J59A 177 357   261    62  12.3  12.8  16.0
F57A J62A 140 322   367    62   6.8  12.8  17.3
F57A J63A 133 316   402    59   1.2  10.3   6.7
F57A K60A 169 350   361    62   1.6  14.8  11.2
F57A K62A 150 332   401    62   8.3  10.7  11.0
F57A L63A 149 332   504    62   8.9  15.7  15.7
F57A L65A 137 320   562    62   8.4   8.4  12.4
F57A LATQ  39 221   228    62   6.2   4.1   6.2
F57A  LMN  86 273   768    62  13.3   0.0   6.4
F57A LSQQ 335 154   400    62  10.2   9.4  11.3
F57A M66A 142 325   626    62   5.3   3.6   5.4
F57A N62A 169 350   551    59  10.4   4.8   8.9
F57A NATG  56 245  1014    61   1.1   7.2   3.3
F57A PLVO 246  64   205    62   9.6   7.4   9.5
F57A QM16  95 280   531    50   5.5   4.5   5.7
F57A QM38  53 236   359    62  13.0   3.7   7.6
F57A QM50  37 220   369    31   5.7   7.7   9.0
F57A QM60  15 196   387    31   4.1   2.1   5.7
F57A QMM5  36 220   710    62   1.7   4.6   3.3
F57A VLDQ 320 137   352    62   7.1  11.6  17.6
F57A  WES 143 326   467    62  10.0   8.6   8.4
F57A WODY  92 279   788    62   5.5   1.2   6.9
F60A F61A  89 270    74    62   5.5   1.2   4.8
F60A F62A  92 274   154    62   5.7   4.9   6.0
F60A F64A  91 274   280    62   7.1   3.4   8.3
F60A G57A 249  67   256    62   7.5   4.8   8.1
F60A G59A 225  44   138    62   1.2   8.9   6.1
F60A G61A 156 337    83    62   5.5   8.2   7.9
F60A G62A 126 307   139    62  15.1   6.8  10.1
F60A G63A 117 298   205    62   6.3   8.7   7.4
F60A  GGN 101 285   410    62  12.1   5.5   8.5
F60A H61A 179 359   161    62  12.3   8.8  13.6
F60A H62A 158 338   167    62   6.7   6.8   8.1
F60A H63A 133 315   209    62   6.9  14.2  13.8
F60A H64A 124 306   260    62   2.8   5.4   5.1
F60A  HAL 100 286   672    62   4.3   7.8   7.6
F60A HOLY  80 264   428    62  10.0   2.9   9.4
F60A I60A 205  24   259    62   2.9  10.3   8.9
F60A I62A 168 348   238    62  12.9   9.6  12.7
F60A I63A 153 334   239    62   4.5  11.6   8.6
F60A I64A 140 322   292    62   9.5   7.5  10.1
F60A  ICQ  40 223   528    62   7.8   5.9  12.5
F60A J62A 178 358   305    62  11.2   8.9  11.8
F60A J63A 167 347   307    59   6.5  14.0   9.8
F60A JOSY 110 294   504    31  13.1   6.9  10.8
F60A K60A 203  22   403    62   0.5   4.2   6.8
F60A K62A 184   3   368    62   5.2   4.2   5.1
F60A L63A 176 357   457    62   0.6   3.6   3.4
F60A L65A 160 341   463    62   8.0  11.8  14.9
F60A LATQ 338 158   170    62  10.9   8.2  16.5
F60A LSQQ 314 130   511    62   4.3   9.4  10.0
F60A M66A 164 345   543    62   8.5  10.7  11.0
F60A MALY  89 275   667    62   5.2   7.0   3.9
F60A N62A 193  12   573    59   0.1   9.6   8.8
F60A PLVO 257  74   413    62   7.9   7.1   7.0
F60A QM16 104 287   323    50   3.8   0.6   4.8
F60A QM38  23 204   207    62  10.6   7.9  13.3
F60A QM60 344 163   371    31   5.1   0.6   0.7
F60A QMM5  22 204   590    62   5.7   9.2  10.6
F60A SHEY  93 280   783    62   4.5   1.2   5.4
F60A SUSY  91 275   507    62   5.3   1.7   6.1
F60A VLDQ 301 117   505    62   0.3   4.3   5.7
F60A  WES 173 353   401    62  11.3  18.0  15.1
F61A F62A  96 277    80    62   7.9   2.6   5.4
F61A F64A  92 274   205    62   3.0   5.4   4.8
F61A G57A 254  71   327    62   2.9   8.5   8.8
F61A G61A 209  28    87    62   5.3  10.2   9.7
F61A G62A 157 337    91    62   4.8  11.3   8.6
F61A G63A 131 312   144    62   3.6   7.4   6.8
F61A  GBN  91 278   741    62  11.8   4.9   8.5
F61A H61A 205  24   177    62   5.9   7.9  12.4
F61A H62A 185   5   156    62  10.1  14.4  13.2
F61A H63A 152 333   164    62   4.7   9.5   7.1
F61A H64A 136 317   203    62   9.2   6.4  10.4
F61A H65A 122 304   258    62   4.0  15.7   9.5
F61A I60A 218  37   298    62   0.4  12.3  12.6
F61A I62A 187   7   235    62   8.9  11.0  17.8
F61A I63A 171 352   216    62   3.0  10.4   6.2
F61A I64A 154 335   252    62   3.1   7.6   8.0
F61A J59A 226  44   394    62   6.6   9.5   9.3
F61A J62A 192  12   312    62   3.4   8.5   6.3
F61A JOSY 114 298   435    31  16.1   4.7  13.8
F61A K60A 213  31   439    62   4.5   3.5   2.8
F61A K62A 196  15   381    62   5.6   9.2   9.4
F61A L63A 186   6   459    62  12.6   9.7  16.6
F61A L65A 170 351   445    62  10.3  18.6  18.1
F61A LATQ 319 138   208    62   7.1   6.1   7.8
F61A  LMN  89 274   480    62   4.6   9.5   8.3
F61A LSQQ 309 125   566    62   9.1  10.3  10.3
F61A M66A 172 353   528    62   1.8  11.8  15.0
F61A MALY  89 275   593    62   4.8   3.8   2.0
F61A N62A 201  19   595    59   3.6   0.1   2.3
F61A NATG  49 235   774    61  12.3   3.7   8.5
F61A PLVO 260  76   486    62   1.7  11.5   9.7
F61A QM38   3 183   189    62  13.7  12.7  17.2
F61A QM50 350 169   275    31  10.1   5.3   9.1
F61A QM60 334 153   396    31   8.0   8.3   9.8
F61A QMM5  16 198   565    62   0.0  10.6   4.9
F61A VLDQ 298 113   569    62   4.7   4.3   6.2
F61A  WES 184   4   400    62   7.4  14.0  11.0
F62A F64A  91 272   126    93  11.5   8.4  10.0
F62A G57A 259  76   402    62   0.5   6.9   6.9
F62A G59A 251  69   267    62   1.0   7.7   4.5
F62A G61A 241  60   140    62   7.3   6.8   8.1
F62A G62A 211  30    87    93  10.1   8.6  10.7
F62A G63A 163 343    91    62   6.2   7.1   6.6
F62A  GBN  92 278   661    93   6.1   6.3   4.8
F62A H61A 226  45   217    62   5.7   7.1   8.5
F62A H62A 213  32   174    93   3.9   9.9  10.5
F62A H63A 182   2   137    62   9.8   7.1   9.7
F62A H64A 157 338   151    62   5.4  11.0   8.0
F62A H65A 134 315   190    62   8.0   4.7   7.6
F62A HANN  89 272   248    93   4.6   6.3   7.3
F62A HOLY  74 257   279    62   1.9   9.5   8.5
F62A I57A 246  62   499    62   1.9   3.1   5.4
F62A I63A 194  13   211    93   8.1   7.5   9.0
F62A I64A 173 353   221    62  10.9   7.5   9.4
F62A  ICQ  26 208   451    93   1.1  14.6   5.6
F62A J59A 235  52   450    93   1.2   8.0   2.2
F62A J62A 207  26   331    62  11.1   1.2   4.0
F62A J63A 197  16   304    59   2.8   9.4   6.2
F62A JOSY 119 302   360    31   8.1   4.9   5.8
F62A K60A 222  39   480    62   4.1  20.1  14.3
F62A K62A 208  26   402    93   3.7   9.5   7.1
F62A L63A 197  16   467    62   5.6   6.9   8.8
F62A L65A 181   1   430    62   2.8  15.6  12.0
F62A LATQ 308 126   272    93   2.5   5.1   4.4
F62A  LMN  89 273   401    93   1.3   6.6   8.7
F62A LSQQ 306 121   634    93   4.6   6.1   6.2
F62A N62A 208  26   620    90   2.1   5.7   5.9
F62A PLVO 263  78   564    93   4.1   3.5   7.9
F62A QM16 115 297   175    50   9.0   4.5  10.1
F62A QM38 341 161   209    62  13.4   7.7  11.6
F62A QM60 326 144   443    31   8.1   5.5   3.2
F62A QMM5   9 189   557    62   8.7   7.5  15.2
F62A SHEY  95 281   629    62   0.1   5.8   5.0
F62A VLDQ 296 110   644    62   2.6   4.5   1.7
F62A  WES 196  15   405    93   4.3  12.3  10.0
F62A WODY 100 284   424    62   6.8   1.7   7.2
F64A G57A 263  78   525    62   5.6   9.2   6.7
F64A G59A 259  75   388    62   6.0  10.4   7.5
F64A G61A 257  74   256    62   2.4   4.8   3.1
F64A G62A 248  66   185    93   2.1   4.9   4.3
F64A G63A 230  50   129    62   3.8   8.9   6.9
F64A  GBN  93 278   535    93   5.8   6.7   6.0
F64A  GGN 125 306   144    79   9.2   9.8  10.1
F64A H61A 243  61   318    62   0.1   7.1   6.2
F64A H62A 238  56   263    93   4.5   9.9   6.7
F64A H63A 225  44   188    62   2.0   8.4  12.5
F64A H65A 176 356   130    62   6.9   7.2   8.6
F64A  HAL 108 292   398    91   9.1   3.8   9.0
F64A HANN  88 270   123    93   4.7   0.4   6.2
F64A HOLY  62 244   163    62   9.0   8.2   7.7
F64A I57A 252  67   615    62   4.3   5.2  15.7
F64A I60A 242  58   450    62   3.7   5.4   3.0
F64A I63A 222  40   268    93   7.5  12.8  11.7
F64A I64A 206  25   239    62  11.3   5.9   7.8
F64A  ICQ  11 192   415    93   2.8   8.4   8.2
F64A J62A 224  42   402    62   6.6   4.3   8.6
F64A JOSY 133 315   256    31   6.1   9.1  10.1
F64A K62A 222  40   472    93   4.3   7.9   6.4
F64A L63A 212  29   516    62   6.5   1.9   0.6
F64A L65A 198  17   447    62   4.3   4.7   4.8
F64A LATQ 298 115   379    93   1.4   7.2   9.1
F64A LSQQ 302 115   741    93   5.6   1.3   3.5
F64A M66A 196  15   531    62   2.9   4.4   1.9
F64A N62A 219  35   687    90   1.5   9.3   7.3
F64A NATG  38 222   642    92   7.3   8.9   8.9
F64A QM16 157 337    79    50   3.7   8.3   7.1
F64A QM38 317 136   278    62  11.9   2.3   8.6
F64A QM50 320 137   378    31   5.3   6.4   6.3
F64A QM60 316 133   525    31   7.1   4.2   7.1
F64A QMM5 357 176   555    62   4.4   3.2   3.6
F64A SHEY  97 282   504    62   3.7   4.1   6.7
F64A VLDQ 293 106   760    62   2.2   9.9   9.1
F64A WODY 105 288   300    62   7.8   8.2   9.1
G57A G59A  90 272   142    62   8.4   2.6   9.8
G57A G63A  88 272   422    62   0.5   7.9   2.2
G57A H61A 104 286   250    62   8.3   7.8   9.7
G57A H64A  94 278   458    62   9.4   1.7   8.6
G57A  HAL  89 277   901    62   0.1   4.9   0.1
G57A HANN  79 265   648    62   1.1   4.9   5.1
G57A HOLY  74 260   681    62   7.2   4.5   6.4
G57A I57A 203  22   140    62   0.6   7.9   6.3
G57A I60A 135 317   194    62  12.0   9.8  11.0
G57A I62A 114 296   321    62   5.1   9.9   8.2
G57A I64A 105 289   445    62   9.3   7.1   8.5
G57A  ICQ  47 233   762    62  10.4   2.3   4.9
G57A J59A 168 348   186    62   7.4   9.2   9.7
G57A J62A 128 311   328    62   7.7   6.6   7.6
G57A J63A 122 304   372    59   9.6   2.0   8.2
G57A K60A 162 343   290    62  12.9   9.1  15.5
G57A K62A 140 322   350    62   8.0  11.8  11.7
G57A L63A 142 324   452    62   0.6  11.3   8.0
G57A L65A 129 312   525    62   2.0   9.2   7.0
G57A LATQ  33 215   305    62   3.6   4.2   4.0
G57A LSQQ 342 160   465    62   8.4  10.6  14.1
G57A M66A 136 319   581    62   3.8   4.1   3.0
G57A N62A 165 346   480    59   7.5  11.1  10.7
G57A NATG  53 242  1078    61   7.9   2.6   6.9
G57A PLVO 268  87   165    62   5.0   6.8   6.5
G57A QM38  47 230   427    62   6.8   6.8   7.2
G57A VLDQ 329 147   403    62  14.8   8.1  11.0
G59A G62A  85 267   209    62   7.7   3.0   4.3
G59A G63A  88 270   280    62   4.3   4.6   5.7
G59A  GGN  87 272   499    62   9.1   2.1   0.4
G59A H61A 122 302   117    62   6.9   8.5   7.3
G59A H62A 109 290   170    62   4.0   1.7   8.3
G59A H63A 100 282   253    62   6.7   0.5   5.9
G59A H64A  97 280   317    62   4.6   4.5   6.8
G59A  HAL  90 277   759    62   3.6   3.9   0.0
G59A I57A 238  56   234    62  11.0  12.2  12.0
G59A I60A 184   4   138    62   6.6  11.9   9.3
G59A I62A 132 313   199    62   7.4   5.8   8.0
G59A I63A 118 300   236    62   5.4   6.6   6.0
G59A  ICQ  40 224   666    62   0.5   7.3   5.8
G59A J59A 211  30   208    62   0.6   4.5   8.6
G59A J62A 152 332   233    62  11.3  11.8  15.8
G59A J63A 139 321   261    59   6.4   6.5   5.4
G59A JOSY  97 282   575    31   2.1   5.4   4.1
G59A K60A 192  11   280    62   7.6   4.7   4.7
G59A K62A 164 345   279    62  10.5  14.3  16.0
G59A L63A 160 341   379    62  11.6  13.4  13.8
G59A L65A 142 324   423    62   3.9   6.5   7.2
G59A LATQ   7 187   258    62   5.5   4.6   6.5
G59A LSQQ 328 145   528    62  10.3  14.4  14.9
G59A M66A 149 331   491    62   0.2   9.7   8.4
G59A N62A 183   3   462    59  10.7   6.0   7.9
G59A NATG  50 237   969    61   8.4   0.9   3.1
G59A PLVO 271  88   307    62   3.5   8.0   6.1
G59A QM38  31 213   339    62   5.5   3.0   4.2
G59A QM60 359 178   455    31   2.0   4.6   4.6
G59A QMM5  25 209   719    62   7.8  12.0   7.9
G59A SHEY  86 274   880    62   7.0   2.3   2.5
G59A VLDQ 316 133   492    62   3.2   4.8   4.0
G59A  WES 153 334   335    62  10.1   7.3   9.2
G59A WODY  87 273   670    62   6.2   0.5   6.2
G61A G62A  95 276    78    62   2.8   0.8   1.6
G61A G63A  96 278   151    62   6.4   4.8   6.4
G61A H61A 201  20    90    62   4.6  12.2   9.5
G61A H62A 159 340    84    62   6.1   6.2   6.8
G61A H63A 120 301   136    62  10.4   7.6   9.2
G61A H64A 111 292   195    62   8.2   5.9  10.5
G61A H65A 103 285   267    62   9.3   3.9  10.7
G61A  HAL  94 279   630    62   0.7   4.3   2.2
G61A I60A 222  41   213    62   1.7   5.7   7.2
G61A I62A 174 355   157    62   6.3  13.4   9.3
G61A I63A 151 332   156    62   4.3   7.2   6.5
G61A I64A 135 316   213    62  13.0   9.2  10.9
G61A  ICQ  33 216   570    62   5.4   2.7   6.6
G61A J59A 231  49   312    62   3.9   7.9   7.2
G61A J62A 186   6   230    62   9.4   5.2   7.8
G61A J63A 171 351   225    59   6.5  12.2   9.8
G61A JOSY 103 286   451    31   1.3   5.9   7.8
G61A K60A 213  32   352    62   1.8   5.1  10.9
G61A K62A 191  11   296    62   2.8   7.1   4.7
G61A L63A 181   1   380    62   8.0   9.6   9.9
G61A L65A 161 342   380    62   6.3  13.8  10.3
G61A LATQ 338 157   253    62  11.5   8.0  11.4
G61A  LMN  81 265   528    62   2.1   0.1   3.7
G61A LSQQ 317 133   589    62   8.9   3.9  15.6
G61A M66A 165 346   461    62   3.2  12.2   9.0
G61A MALY  82 268   641    62   0.7   9.7   3.7
G61A N62A 199  17   509    59   4.5   5.0   4.2
G61A NATG  46 233   857    61  12.8   5.0  10.9
G61A PLVO 268  84   437    62   8.7   6.5  11.6
G61A QM38  11 191   271    62  10.4   7.3  13.3
G61A QM50 358 178   348    31   3.6   1.6   6.8
G61A QMM5  17 199   651    62  14.4   8.6  13.6
G61A SUSY  82 266   479    62   1.4   3.3   1.0
G61A VLDQ 306 122   575    62   3.6  13.5   9.2
G61A  WES 177 357   322    62   8.3  14.9  15.1
G62A G63A  99 279    73    62   6.5   0.2   3.9
G62A  GBN  85 271   707    93   0.3   8.6   6.3
G62A  GGN  91 274   290    79   1.3   0.8   4.3
G62A H61A 235  55   135    62   5.0   8.0  13.3
G62A H62A 215  34    87    93   3.0   5.8   5.9
G62A H63A 147 328    73    62   3.9   6.5   5.7
G62A H64A 121 302   122    62   6.2   6.2   6.5
G62A H65A 107 289   189    62   6.3   0.7   3.1
G62A  HAL  94 279   552    91   4.0   1.6   4.0
G62A HANN  75 257   303    93   6.0   6.0   9.9
G62A HOLY  64 247   348    62   6.3   8.5   9.2
G62A I60A 236  54   267    62   7.2   3.0   6.7
G62A I62A 203  23   162    93   8.2  10.6  11.1
G62A I63A 182   2   130    93   8.8   9.2  10.0
G62A I64A 153 334   161    62   8.4   7.2   8.2
G62A J62A 205  24   244    62   7.3   5.7   8.7
G62A J63A 192  11   220    59   5.3   5.3   9.2
G62A JOSY 105 288   373    31   8.7   8.5   9.1
G62A K60A 224  42   395    62  12.1  10.2  12.3
G62A K62A 206  25   315    93   1.0   8.1  14.1
G62A L63A 194  13   383    62   4.8   9.3   9.3
G62A L65A 174 354   356    62   8.6   4.9  11.2
G62A LATQ 325 143   297    93   5.8   6.3   6.6
G62A LSQQ 313 129   649    93   3.5   4.9   7.1
G62A N62A 208  26   533    90   3.9   3.3   7.7
G62A NATG  43 229   807    92   9.3   4.6   7.5
G62A PLVO 270  85   515    93   7.7   4.2   9.7
G62A QM16  89 271   203    50   1.5   4.1   2.7
G62A QM38 355 175   274    62  11.0   7.4  10.6
G62A QM50 347 166   365    31   9.1   7.0  14.2
G62A QM60 335 153   488    31   8.3   3.7   6.4
G62A QMM5  11 192   639    62  12.5   9.1  12.3
G62A SHEY  88 274   672    62   8.0   5.6   8.0
G62A SUSY  80 264   403    62   6.3   6.8   6.1
G62A VLDQ 303 118   643    62   0.4   3.2   0.9
G62A  WES 192  11   321    93   8.5   8.3  16.7
G62A WODY  90 274   462    62   6.6   3.0   5.9
G63A  GBN  84 270   637    62   5.7   3.2   7.4
G63A  GGN  89 271   218    62   1.9   5.0   6.2
G63A H63A 213  33    60    62   5.8   4.7   6.6
G63A H64A 149 329    61    62   7.4   5.4   6.6
G63A H65A 113 294   118    62   4.6   7.0   6.6
G63A  HAL  94 278   479    62   4.9   7.8   8.8
G63A HANN  68 250   239    62   6.0   3.4   5.2
G63A HOLY  56 239   291    62  11.5   8.3  11.5
G63A I57A 257  73   498    62   0.4   3.4   6.1
G63A I60A 246  63   325    62   2.1   4.2   2.6
G63A I62A 225  44   194    62   0.8   4.0   0.1
G63A I64A 181   1   133    62   6.8   6.9   8.3
G63A  ICQ  19 201   521    62   6.5   6.3   6.7
G63A J59A 247  63   431    62   1.5   1.0   2.0
G63A J63A 210  29   235    59   5.3  12.3  14.1
G63A JOSY 107 290   301    31   7.9   6.0   8.3
G63A K62A 219  37   344    62   4.3  11.7   9.6
G63A L65A 186   6   345    62   0.5   9.4   6.6
G63A LATQ 317 135   351    62   4.7   7.8   9.1
G63A  LMN  76 259   385    62   6.1   4.4   6.1
G63A LSQQ 311 125   710    62   7.2   7.3  10.1
G63A M66A 186   5   430    62   3.5   7.8  16.3
G63A MALY  79 263   496    62   0.8   4.8   2.7
G63A NATG  39 224   769    61   6.1  12.4  11.4
G63A PLVO 272  87   587    62   7.7   3.7  13.9
G63A QM16  85 266   132    50   2.8   2.5   5.9
G63A QM38 342 161   300    62   7.2  15.8  12.4
G63A QM50 338 156   398    31   1.6   2.4   3.0
G63A SHEY  87 273   600    62   5.9   4.1   8.1
G63A SUSY  77 260   334    62   2.9   3.9   3.7
G63A VLDQ 302 116   710    62   1.4   9.0  10.8
G63A  WES 205  24   333    62   5.2   8.6  13.3
G63A WODY  89 272   390    62   2.2   7.0   2.9
 GBN  GGN 267  84   419    79   7.0   6.9   7.8
 GBN H65A 264  79   536    62   8.0   3.4   5.7
 GBN  HAL 243  62   185    91  10.7   4.8  13.3
 GBN HOLY 290 106   403    62   4.5   6.1  10.8
 GBN I62A 261  74   797    93   0.8   2.5   3.7
 GBN I63A 261  75   734    93   4.7   9.4   8.6
 GBN I64A 258  73   665    62   5.8   4.3   4.8
 GBN J59A 263  74  1055    93   5.6   5.7   6.4
 GBN J63A 256  69   798    59   5.8   6.0   6.9
 GBN JOSY 252  69   378    31   2.2   2.8   2.8
 GBN K60A 257  68  1038    62   3.2   2.1   3.5
 GBN K62A 254  67   911    93   7.1   1.3   2.5
 GBN L63A 248  61   904    62   4.0   1.3   0.9
 GBN L65A 244  58   783    62   4.4   0.8   4.4
 GBN LSQQ 295 103  1237    93  14.7   2.4  12.8
 GBN M66A 240  54   837    62   3.5   7.9   8.5
 GBN MALY 287 106   150    62   5.2   5.0   5.5
 GBN N62A 247  59  1090    90   2.4   0.8   3.1
 GBN NATG 350 169   551    92   2.9  11.1   9.4
 GBN QM16 270  85   505    50   7.2   6.2   6.0
 GBN QM38 293 106   759    62   4.3   2.0   6.2
 GBN SHEY 231  50    48    62   5.1   3.6   5.3
 GBN SUSY 278  95   308    62   0.4   0.9   0.3
 GBN VLDQ 290  98  1275    62   7.2   2.1   4.2
 GBN  WES 250  64   856    93   6.3  10.2   9.0
 GGN H62A 261  78   346    79   4.2   4.3  11.0
 GGN H63A 260  78   257    62   5.6   1.0   6.4
 GGN H64A 255  73   195    62   5.8   4.5   5.6
 GGN H65A 248  67   120    62   3.6   6.3   5.3
 GGN  HAL 101 283   262    77  17.7   5.0   8.8
 GGN HANN   4 184    85    79   7.4   5.8   7.9
 GGN HOLY  10 191   159    62  10.3  10.5  11.7
 GGN I57A 263  76   713    62   3.4   2.4   3.3
 GGN I60A 257  72   532    62   8.8   5.7   8.4
 GGN I62A 250  67   383    79   4.0   9.6   6.3
 GGN  ICQ 356 176   491    79   0.7   9.7  14.0
 GGN J62A 244  60   450    62   1.9   6.3   4.6
 GGN J63A 240  57   395    59   2.9   4.9   8.4
 GGN JOSY 145 326   116    31   3.2   7.8   4.3
 GGN L65A 218  36   430    62   4.3  14.0   9.2
 GGN LATQ 301 117   522    79   2.5   7.6   6.2
 GGN  LMN  62 244   179    79   0.7   8.0   5.7
 GGN LSQQ 303 116   885    79   4.4  10.7  10.8
 GGN M66A 213  31   505    62   8.5  11.1   7.8
 GGN NATG  26 209   649    78   5.7   1.4   6.5
 GGN QM16 277  96    88    50   3.2   6.1   5.4
 GGN QM38 314 131   419    62  14.2   8.2  13.2
 GGN QMM5 348 166   653    62   9.9  13.8  14.4
 GGN SHEY  88 271   382    62   1.8   2.1   2.0
 GGN SUSY  58 239   129    62   5.1   4.1   5.4
 GGN  WES 231  48   471    79   3.1   6.2   3.4
 GGN WODY  90 272   172    62   6.9   0.6   4.2
H61A H62A  85 265    62    62   5.9   3.0   3.4
H61A H63A  84 265   151    62   7.5   2.4   5.8
H61A H64A  86 267   215    62   8.3   1.8   6.0
H61A  HAL  86 272   662    62   8.5   2.7   8.1
H61A HANN  68 251   432    62   0.9   6.1   7.9
H61A I57A 259  76   305    62   7.5   8.1   9.7
H61A I60A 236  55   133    62   7.9   5.0   8.5
H61A I62A 147 327    86    62   7.0   6.5   9.6
H61A I63A 116 297   120    62   5.7   2.9   4.8
H61A I64A 109 291   195    62  12.0   9.0  13.8
H61A  ICQ  31 214   659    62   5.3  10.8   6.5
H61A J59A 241  59   238    62   8.6   8.8  15.1
H61A J62A 176 356   144    62   7.9   2.2   5.2
H61A J63A 153 334   154    59  11.4   9.3  12.5
H61A K60A 217  36   265    62   6.2   9.8   8.6
H61A K62A 187   7   208    62   7.0   5.9   9.3
H61A L63A 175 355   297    62  13.3  11.0  14.9
H61A L65A 151 332   316    62   7.3  13.8  11.6
H61A LATQ 349 168   325    62   8.3  14.1  14.3
H61A  LMN  73 258   579    62   8.0   5.1  13.3
H61A LSQQ 324 141   634    62   8.5   8.8  14.2
H61A M66A 157 339   391    62   7.2   7.2  13.0
H61A MALY  75 261   688    62   2.1   3.3   5.7
H61A N62A 198  17   419    59   4.5   5.9   9.4
H61A NATG  44 230   939    61  10.2   4.4   5.3
H61A PLVO 280  96   411    62   6.7   9.1  11.7
H61A QM16  75 258   323    50   1.2   8.8   1.8
H61A QM38  13 194   360    62   8.2   2.5   7.6
H61A QM50   3 183   432    31   8.1   7.0  12.3
H61A QM60 349 168   527    31  10.2  10.2  15.3
H61A QMM5  17 200   741    62  17.2   2.8   8.1
H61A SHEY  82 269   789    62   7.3   5.0   5.2
H61A VLDQ 314 130   606    62   5.6   4.6   9.1
H61A  WES 168 349   243    62   7.4  13.1   9.9
H61A WODY  81 266   578    62   3.2   0.4   0.7
H62A H63A  83 264    89    62   9.0   3.3   5.6
H62A H65A  86 268   231    62   5.4   1.0   4.3
H62A  HAL  87 272   600    91   2.2   8.2   7.5
H62A HANN  66 249   374    93   9.5  12.0  10.8
H62A HOLY  58 241   426    62   4.5   5.5   5.8
H62A I57A 260  77   367    62   3.6   9.6   6.7
H62A I60A 245  64   189    62   6.9   3.7   5.1
H62A I62A 191  10    79    93   4.8   7.7  10.1
H62A I63A 142 322    74    93   5.0   3.7   4.9
H62A I64A 120 301   142    62   3.9   7.5   6.7
H62A J59A 246  64   295    93   2.0   4.0  12.9
H62A J62A 200  19   159    62   4.9   6.2   6.3
H62A J63A 177 358   144    59   7.8   5.2   6.6
H62A JOSY  93 277   411    31   8.5   0.5  11.5
H62A K60A 226  44   310    62   6.5   7.6  12.9
H62A K62A 203  22   229    93   8.8  10.2  12.0
H62A L63A 187   7   303    62  11.0  11.0  12.1
H62A L65A 162 343   297    62   7.4  13.9  12.5
H62A LATQ 339 157   337    93  11.6   5.6  12.2
H62A LSQQ 320 136   667    93  12.7   6.6  12.5
H62A M66A 167 348   378    62   5.9  11.4   9.5
H62A MALY  75 260   628    62   3.1   5.2   8.5
H62A NATG  42 228   893    92   6.6   9.2  10.8
H62A PLVO 278  94   471    93   3.9   8.2   2.8
H62A QM16  73 256   263    50   3.3   0.3   2.4
H62A QM38   4 184   345    62  14.1   4.7  13.5
H62A QM50 355 175   428    31   9.9   2.3   5.0
H62A QM60 343 161   537    31   3.8   4.4   2.4
H62A QMM5  13 195   719    62   5.3   8.0   8.0
H62A SHEY  82 268   727    62   4.0   1.5   5.4
H62A SUSY  72 256   468    62  16.7  11.2  14.0
H62A VLDQ 311 126   647    62   3.2  10.1   9.0
H62A  WES 183   3   244    93  11.0   8.4  13.9
H63A H64A  92 272    65    62   4.4   1.9   2.9
H63A H65A  88 269   142    62   7.2   3.3   4.6
H63A HOLY  52 235   347    62  11.8   3.6  10.8
H63A I57A 262  78   456    62  10.3   3.2   8.6
H63A I62A 230  49   136    62   4.9   6.2   6.8
H63A I63A 213  32    81    62   9.9   5.8   9.8
H63A I64A 159 339    88    62   4.6   8.4   8.3
H63A  ICQ  20 202   580    62   1.5  15.0   7.7
H63A J62A 222  41   214    62   2.7   9.5   9.8
H63A J63A 209  28   175    59   1.1   7.4   8.0
H63A K62A 219  38   284    62  13.6   9.8  11.7
H63A L63A 203  22   336    62   2.2   9.9   9.4
H63A L65A 180   0   292    62   5.1  11.4   9.3
H63A LATQ 326 144   370    62   9.3  10.7  12.6
H63A LSQQ 315 130   720    62   5.5   2.5   4.7
H63A M66A 181   1   378    62   8.2   8.8  12.9
H63A PLVO 277  92   558    62   3.8   5.6   7.8
H63A QM38 350 169   341    62  12.7  13.9  17.1
H63A QM60 335 152   560    31  10.3   4.2   1.5
H63A QMM5   7 188   694    62   6.7   0.3   6.3
H63A VLDQ 306 121   711    62   4.7   4.1   3.3
H63A  WES 203  22   273    62   9.8   7.0   8.3
H63A WODY  82 265   427    62  10.5   5.9  13.4
H64A H65A  85 266    77    62   6.0   4.3   5.7
H64A  HAL  88 272   447    62   3.9   6.5   6.7
H64A HOLY  45 227   300    62   4.3   9.6   5.7
H64A I60A 256  73   337    62   9.7   8.9  12.4
H64A I62A 244  63   189    62   4.4  10.3   7.4
H64A I63A 239  58   127    62   4.6   4.9   6.7
H64A I64A 203  22    87    62   8.1   7.8   9.5
H64A J63A 225  44   212    59   3.3   8.1  11.3
H64A JOSY  98 280   259    31   6.9   8.7   9.2
H64A K60A 241  58   439    62   4.5   4.3   4.7
H64A K62A 229  47   328    62   5.2   2.5   4.4
H64A L63A 213  31   365    62   0.2   6.7   5.6
H64A L65A 193  13   298    62   6.4   5.2  13.9
H64A LATQ 319 137   411    62  16.6   3.1  11.2
H64A LSQQ 312 127   768    62   3.5   5.8   4.4
H64A M66A 192  11   383    62   5.5   8.9   7.5
H64A MALY  72 257   478    62   8.9   0.8   4.4
H64A N62A 222  39   539    59   1.5   5.7  11.0
H64A PLVO 277  91   622    62   4.2  15.2   9.8
H64A QM16  57 238   118    50   3.8   1.4   6.6
H64A QM38 340 159   360    62   5.5   7.9   8.2
H64A QM50 337 155   459    31   5.0   8.4  13.3
H64A QMM5   2 183   690    62   7.9   6.3   7.0
H64A SHEY  82 267   574    62   2.7   5.4   4.0
H64A SUSY  67 249   321    62  11.1   0.6   5.9
H64A VLDQ 304 118   765    62   4.7   6.0   9.5
H64A WODY  80 264   364    62   4.5   9.3   9.8
H65A HANN  41 222   176    62   7.4   4.2   6.2
H65A HOLY  34 215   246    62   9.5   9.3  16.2
H65A I57A 264  79   597    62   2.5   4.6   0.8
H65A I62A 251  69   263    62   0.8  10.7   7.6
H65A I63A 250  68   199    62   2.8   7.3   4.0
H65A I64A 233  52   140    62   8.0   4.4   7.7
H65A  ICQ   8 188   542    62   6.4   1.6   5.4
H65A J59A 257  73   519    62   4.0   5.3   8.6
H65A J62A 242  59   329    62   6.9   4.7   9.2
H65A J63A 236  54   276    59   0.1   3.3   5.5
H65A JOSY 104 286   184    31   4.1   4.6   4.6
H65A K62A 236  54   393    62   4.3  16.3  14.6
H65A L63A 222  40   417    62   9.3   3.4   2.5
H65A L65A 207  26   330    62   2.9   8.4   7.3
H65A LATQ 312 129   461    62   1.9   8.6  12.5
H65A NATG  31 215   744    61   3.7   7.2   8.8
H65A QM16  22 202    62    50   7.6   7.9   7.9
H65A QM38 330 148   387    62   8.1   6.0  10.0
H65A QM50 329 146   489    31   8.7   1.4   4.0
H65A QM60 324 140   630    31   6.3   1.8   7.4
H65A QMM5 357 176   685    62  11.4  11.9  12.1
H65A SHEY  82 267   497    62   4.8   5.7   6.1
H65A VLDQ 301 114   827    62   8.2   2.0   5.8
H65A  WES 225  43   357    62   0.6   2.6   1.0
 HAL HANN 300 118   285    91  11.9   6.4   8.7
 HAL HOLY 314 132   307    62  11.2   6.2   9.9
 HAL I57A 270  81   966    62   4.3   2.3   4.6
 HAL I60A 267  80   779    62   7.3   2.3   5.6
 HAL I63A 266  81   561    91   7.4   3.3   6.3
 HAL I64A 263  79   489    62   7.4   5.3   1.6
 HAL  ICQ 334 151   611    91   9.0   7.4   9.0
 HAL J59A 265  78   884    91   6.3   0.6   5.3
 HAL J63A 259  73   619    59   4.0   5.2   6.2
 HAL K62A 256  70   731    91  10.1   2.3   2.1
 HAL L65A 243  59   599    62  11.2   3.6   7.3
 HAL LATQ 296 110   774    91   3.7  12.4  10.1
 HAL  LMN 325 144   165    91  12.4   8.3  11.2
 HAL LSQQ 300 111  1131    91  10.4   4.8   8.1
 HAL MALY   8 188   130    62  11.4  10.1  11.3
 HAL N62A 246  60   906    88   8.7   5.2   6.9
 HAL NATG   5 186   631    90   0.7   7.0   4.9
 HAL PLVO 277  88  1066    91   2.7   8.0   4.5
 HAL QM38 304 118   654    62   6.5   4.5  10.7
 HAL QM60 308 121   896    31  11.6   1.3   9.3
 HAL QMM5 332 149   792    62   5.5   6.4   7.0
 HAL SHEY  66 247   138    62   6.3   5.5   8.5
 HAL SUSY 310 129   188    62   7.0   8.6   9.5
 HAL VLDQ 295 105  1156    62   3.5   7.3   4.8
 HAL  WES 251  66   673    91  11.5   6.1  10.8
 HAL WODY 302 121    99    62   8.4   2.6   6.4
HANN HOLY  18 198    75    62   8.8   4.0   7.5
HANN I57A 256  70   734    62   3.5   8.0   3.2
HANN I63A 237  55   363    93   1.3   7.5   6.2
HANN I64A 227  45   314    62   3.0   2.4   2.7
HANN  ICQ 355 174   407    93   5.0  11.8  11.6
HANN J63A 231  48   448    59   5.5   5.4   6.4
HANN JOSY 161 342   189    31   4.9  11.9  10.5
HANN K62A 233  49   564    93   1.5   9.1   4.1
HANN L63A 223  39   592    62   7.0   6.6   9.7
HANN LATQ 292 108   490    93   6.0  12.7  12.3
HANN  LMN  90 272   152    93   6.7   4.6   6.4
HANN LSQQ 298 111   846    93   9.7   2.3  12.1
HANN M66A 209  27   581    62   8.0   3.5   7.1
HANN MALY  91 273   265    62   4.1   5.8  13.7
HANN N62A 227  42   772    90   3.8  10.4   9.0
HANN NATG  30 213   572    92   5.2   5.6   4.6
HANN PLVO 267  80   811    93   6.4  10.2  11.6
HANN QM16 231  51   119    50   4.4   9.0   9.1
HANN QM38 304 121   370    62   7.0   6.6   6.9
HANN QM60 309 124   615    31   3.3   1.5   7.4
HANN QMM5 345 164   572    62  11.5  11.6  15.3
HANN SUSY 100 280   105    62   3.9   7.0   6.0
HANN VLDQ 291 103   873    62   4.3  12.8   8.8
HANN  WES 225  42   533    93   1.9   4.6   2.4
HANN WODY 117 299   186    62   6.0   6.2   8.6
HOLY I57A 252  65   777    62  12.2   4.0  10.4
HOLY I62A 234  51   483    62   0.9  11.6   4.2
HOLY I64A 222  40   382    62   4.7   4.2   8.1
HOLY  ICQ 350 169   339    62   4.6   8.2  10.2
HOLY J63A 227  44   513    59   1.7   6.4  11.0
HOLY JOSY 172 352   254    31  11.3   6.1  11.2
HOLY K62A 229  45   627    62  12.9  10.6  13.1
HOLY L63A 220  37   661    62   3.9  12.4  20.9
HOLY L65A 211  29   576    62   3.5   9.2   8.8
HOLY LATQ 284  99   490    62   9.0   8.0   9.6
HOLY LSQQ 293 106   836    62   3.8   5.5   6.0
HOLY MALY 108 290   254    62   6.2   2.6   3.0
HOLY N62A 225  40   839    59   2.6   6.5   5.5
HOLY NATG  32 214   498    61   4.2   9.4  11.6
HOLY QM16 219  38   186    50   2.1   5.8  12.0
HOLY QM38 293 109   357    62   4.5   2.7   3.5
HOLY QMM5 341 159   510    62  14.0   4.1  13.1
HOLY SHEY 112 296   381    62   8.7   1.0   4.5
HOLY SUSY 138 319   120    62   1.9   5.8   4.1
HOLY  WES 222  38   601    62   3.1   7.9   7.8
HOLY WODY 138 319   212    62   3.0  11.1   6.3
I57A I60A  92 274   191    62   4.9   8.7  11.3
I57A I63A  86 270   408    62   5.5  10.9   9.5
I57A J59A 119 300   107    62  11.3   4.8   7.6
I57A J62A 103 286   321    62   6.1   5.2   8.4
I57A J63A 100 283   377    59  10.1   6.7   9.5
I57A K60A 135 316   205    62  10.0   7.1  12.1
I57A K62A 116 298   312    62   3.2   9.4   7.6
I57A L63A 123 306   403    62  13.6  12.7  13.6
I57A L65A 113 297   504    62   8.4  14.1  10.5
I57A LATQ  29 211   444    62   7.2   6.2   8.3
I57A  LMN  72 260   883    62   8.7   5.4   8.2
I57A LSQQ 350 169   578    62   2.4   5.5   5.2
I57A M66A 121 305   542    62   9.0   7.4   7.0
I57A MALY  74 262   993    62   9.7  10.5  12.8
I57A N62A 151 332   380    59  10.9   9.1  12.2
I57A NATG  50 239  1201    61   5.6   2.9   8.3
I57A PLVO 318 137   166    62   8.2  12.0  10.3
I57A QM60  16 198   608    31   1.0   0.1   3.3
I57A QMM5  32 217   925    62  13.9   5.4  13.6
I57A SHEY  78 268  1094    62   7.6   4.7  14.1
I57A SUSY  73 260   832    62   0.3   8.8   4.7
I57A VLDQ 342 160   500    62   9.2   7.8   9.4
I57A  WES 115 298   393    62   4.0   3.5   9.0
I57A WODY  78 265   883    62   4.7   6.9   9.3
I60A I62A  88 269   157    62   7.1   2.8   6.1
I60A I63A  83 265   219    62   3.0   5.0   4.9
I60A  ICQ  34 218   781    62   6.2   2.3   4.8
I60A J59A 247  66   107    62   5.1   9.2   9.3
I60A J62A 119 300   138    62   6.5   6.8   7.4
I60A J63A 109 290   190    59   6.0   5.1   9.7
I60A K62A 146 327   157    62   8.0   8.9  17.5
I60A L63A 147 329   259    62   3.9  10.3  11.4
I60A L65A 126 308   332    62  10.0   9.9  10.4
I60A LATQ   6 186   395    62   3.2   6.7  10.1
I60A LSQQ 335 153   645    62   3.6   8.2  12.0
I60A M66A 137 319   387    62   7.7   2.7   5.7
I60A MALY  71 258   815    62   1.3   7.1   2.1
I60A N62A 183   3   324    59   5.5   5.7   8.7
I60A PLVO 295 112   329    62   4.9   3.2  12.7
I60A QM16  68 252   451    50   4.8   4.3   4.8
I60A QM38  23 205   466    62   8.7   4.4  12.0
I60A QM50  13 195   523    31   3.7  12.2  11.1
I60A QMM5  22 205   849    62   5.1   8.0   3.7
I60A SHEY  77 265   910    62   6.2   8.6   8.3
I60A VLDQ 326 143   594    62   1.8   8.4   7.1
I60A  WES 135 316   228    62   3.1  12.1   8.6
I62A I64A  87 268   137    62   4.5   2.5   3.4
I62A  ICQ  25 208   700    93   7.8   3.2   5.6
I62A J59A 261  79   260    93  10.3   8.5  13.5
I62A J62A 208  28    82    62   5.6   3.6   8.8
I62A J63A 162 343    69    59   8.3   6.6   7.9
I62A K60A 237  55   250    62   2.6   7.2  11.8
I62A K62A 209  28   153    93  10.3   6.2   9.7
I62A L63A 186   6   225    62   5.7   9.6   9.8
I62A L65A 152 333   230    62   7.6   9.2  10.8
I62A LATQ 344 163   406    93   7.4  15.1  11.5
I62A  LMN  65 249   561    93   0.9   2.1   2.1
I62A LSQQ 325 141   721    93  12.5   1.6   6.2
I62A M66A 161 342   307    62   4.6  11.7  13.0
I62A MALY  69 254   666    62   5.2   6.5   7.5
I62A N62A 209  28   371    90  11.5   4.6  10.8
I62A NATG  39 225   962    92   1.8   4.4   6.5
I62A PLVO 288 104   475    93   6.9   7.4  12.2
I62A QM16  60 242   307    50  11.0   8.9  12.1
I62A QM38   5 185   424    62   1.4   6.7   8.4
I62A QM50 357 177   505    31   5.1   6.2   9.3
I62A QM60 346 165   608    31   2.7   0.6   1.0
I62A QMM5  13 195   798    62   5.4   3.2   3.6
I62A SHEY  76 263   756    62   2.8  12.0   8.0
I62A SUSY  64 248   510    62   3.3   8.6   9.1
I62A VLDQ 316 132   690    62   6.6   0.3   5.4
I62A  WES 180 360   165    93   9.5   7.3  13.1
I62A WODY  73 258   548    62   9.8   3.7   4.4
I63A I64A 101 281    77    62   6.0   3.4   5.4
I63A  ICQ  21 204   659    93   0.9   2.3   1.3
I63A J62A 228  47   135    62   5.1   8.3   7.5
I63A J63A 205  25    95    59   7.3   8.3  10.0
I63A JOSY  85 268   366    31   6.1   2.6   4.0
I63A K60A 240  58   312    62   1.3   6.8  10.9
I63A K62A 222  40   204    93   1.3   2.3   5.3
I63A L63A 199  19   257    62   9.5   2.7   5.8
I63A L65A 169 349   229    62   5.6  10.1  11.9
I63A LATQ 336 154   408    93   7.2  11.8  13.3
I63A M66A 173 353   312    62   3.5   8.6  14.8
I63A MALY  69 254   602    62  12.2  10.4  12.8
I63A NATG  38 223   909    92   7.2  17.0   8.6
I63A PLVO 284 100   528    93   4.4   4.1   7.8
I63A QM16  57 239   245    50   7.3   3.4   2.2
I63A QM38 357 177   403    62  12.2   9.7  13.0
I63A QM50 351 170   491    31   5.0   1.6   7.2
I63A QMM5   9 191   767    62   2.9   2.3   9.0
I63A SUSY  64 247   447    62  11.2   8.3  12.8
I63A VLDQ 312 127   720    62   6.6  10.8  11.7
I63A  WES 198  18   195    93   5.4  11.6  15.7
I63A WODY  74 258   484    62  10.3   2.7   5.0
I64A  ICQ  15 197   648    62   0.9   5.1   2.9
I64A J59A 264  81   396    62   7.6   1.8   4.1
I64A J62A 247  66   192    62   5.4   8.4   7.0
I64A J63A 239  58   137    59   6.0   5.6   6.0
I64A K60A 249  66   374    62   6.1   6.3  10.8
I64A K62A 237  56   253    62   4.5   8.0   6.1
I64A L63A 216  35   280    62  13.9   6.6   9.4
I64A L65A 189   9   213    62   1.2  14.5   6.7
I64A LATQ 329 146   456    62   9.8   4.4  11.6
I64A  LMN  59 242   438    62   5.6   2.1   2.1
I64A LSQQ 318 133   802    62   9.2   3.1  10.4
I64A M66A 188   8   298    62   8.4  12.3  11.2
I64A N62A 225  42   458    59   0.0   1.8   9.1
I64A PLVO 284  99   605    62  10.6   1.4   3.0
I64A QM16  42 224   196    50   3.0   1.4   5.2
I64A QM38 348 167   428    62  15.0   9.1  13.6
I64A QMM5   4 185   772    62  11.4   9.7  12.0
I64A VLDQ 310 124   787    62  11.7   1.0   8.3
 ICQ J59A 222  37   872    93   4.6   1.7   2.8
 ICQ J63A 204  22   753    59   1.6  13.2  10.8
 ICQ JOSY 170 351   592    31  14.3   3.9  11.7
 ICQ K60A 216  31   922    62   6.0   9.4  13.6
 ICQ K62A 209  25   853    93   7.2   6.9  11.2
 ICQ L63A 203  20   915    62   7.1   8.8  12.6
 ICQ L65A 196  14   860    62   1.2   3.0   7.5
 ICQ  LMN 155 336   448    93  11.6  11.9  13.0
 ICQ LSQQ 270  82   708    93   2.0   3.7   0.7
 ICQ M66A 195  13   945    62   4.7   4.1   8.4
 ICQ NATG  73 257   332    92   3.8   2.7   6.0
 ICQ QM50 251  67   344    31   6.7   4.9   4.2
 ICQ QMM5 324 143   183    62  16.4  11.0  17.0
 ICQ SHEY 139 323   630    62   5.9   2.7   6.5
 ICQ SUSY 161 343   445    62   9.4   5.4   7.9
 ICQ VLDQ 263  75   783    62   4.9   4.7   4.3
 ICQ  WES 203  20   853    93   1.4   7.7   6.4
 ICQ WODY 157 339   530    62  12.1   9.1  17.3
J59A J62A  96 278   220    62   4.4  16.1   9.5
J59A J63A  93 275   278    59   4.5   4.3   7.4
J59A K60A 152 332   107    62   7.7  10.6  10.6
J59A K62A 115 296   205    93   7.9   8.8  16.9
J59A L63A 126 308   297    62   7.9   4.6  10.1
J59A L65A 112 295   398    62   5.2   9.1   8.0
J59A LATQ  17 198   456    93   9.8   5.6   7.0
J59A  LMN  68 254   813    93   1.3   3.8   1.1
J59A LSQQ 344 162   650    93   5.4  10.6  11.6
J59A MALY  70 258   921    62   4.8   7.4   7.0
J59A N62A 163 343   294    90   9.2   7.9  14.3
J59A NATG  45 234  1168    92   2.5   2.2   1.0
J59A PLVO 311 130   270    93   8.8   5.6   8.9
J59A QM50  21 203   592    31   4.1   1.4   2.3
J59A QMM5  26 210   927    62   2.5  10.0   3.7
J59A SUSY  68 254   762    62   5.3   9.5   5.3
J59A VLDQ 335 153   583    62  10.5  15.0  14.3
J59A  WES 114 296   286    93   9.0   2.0   6.0
J62A J63A  84 265    60    59   5.6   3.0   7.3
J62A JOSY  74 258   481    31   6.3   7.9   4.5
J62A K60A 249  68   183    62   3.3   7.0   8.4
J62A K62A 209  29    71    62   6.9   6.7   8.6
J62A L63A 174 354   152    62   9.0   9.3  12.8
J62A L65A 132 313   196    62  11.6  12.4  15.4
J62A LATQ 351 170   468    62   6.9   7.7  11.7
J62A  LMN  60 245   628    62   2.7   6.4  10.0
J62A M66A 147 328   259    62   3.3   5.7   9.1
J62A NATG  38 225  1042    61   1.0  10.1   3.0
J62A PLVO 297 114   467    62   8.8   6.6  11.2
J62A QM16  53 236   379    50   2.1   7.9   3.1
J62A QM38   8 189   500    62   4.5   6.0  10.9
J62A QM50   1 181   576    31   3.5   4.5   5.7
J62A QMM5  14 196   877    62   3.2   8.6   6.8
J62A SHEY  72 258   813    62   6.3   0.7   9.4
J62A SUSY  59 244   578    62   1.9   5.3   1.8
J62A VLDQ 322 138   720    62   7.9   1.8   4.5
J62A  WES 157 337   102    62   8.7  11.0  10.2
J63A K60A 253  71   241    59  10.6  10.1  11.8
J63A K62A 235  54   116    59   4.6   3.4   6.7
J63A L63A 196  15   163    59   1.4   6.6  10.5
J63A L65A 148 329   162    59   7.4  10.1   8.9
J63A LATQ 344 163   475    59   2.6   2.4   2.1
J63A LSQQ 327 142   787    59   7.4   6.5  12.1
J63A N62A 218  36   327    56   0.2   3.8   1.2
J63A NATG  36 222  1001    58   8.2   6.4   7.0
J63A PLVO 294 110   518    59   5.6   2.2   5.9
J63A QM16  48 230   329    47   0.7   4.0   6.2
J63A QM38   2 182   489    59  11.7   2.4   6.2
J63A QM50 356 175   572    31  13.0   7.4  20.4
J63A QM60 346 164   677    31   7.3   0.8   2.6
J63A QMM5  11 192   859    59  10.9   4.0   9.9
J63A SHEY  71 257   755    59   5.4   0.7   1.5
J63A VLDQ 319 134   753    59   4.7   3.6   1.6
J63A  WES 191  11   101    59   7.6   6.8  12.3
J63A WODY  66 251   551    59   1.6  10.5   8.2
JOSY K60A 257  71   663    31   5.4   3.4   4.8
JOSY K62A 253  68   534    31   0.6   7.0   2.7
JOSY L65A 234  52   412    31   5.9   7.1   6.8
JOSY LATQ 306 121   630    31   0.5   5.3   3.9
JOSY NATG  19 201   712    31   5.6   1.4   0.3
JOSY PLVO 279  92   881    31   3.1   9.5   2.8
JOSY QM38 317 134   533    31   6.8  12.9   9.7
JOSY QMM5 345 163   761    31   4.1  11.5  11.6
JOSY SUSY  16 196   168    31   2.9   5.1   7.7
JOSY VLDQ 300 111  1004    31  10.6  10.6   5.4
JOSY  WES 246  62   478    31   4.4   7.0   5.7
K60A K62A  87 268   136    62   5.8   7.3   8.7
K60A L63A 113 295   206    62   7.8   1.3   4.4
K60A L65A 100 283   323    62   4.8   4.8   9.3
K60A LATQ   9 190   537    62   6.1   6.5   6.6
K60A LSQQ 343 160   755    62  10.9   7.8  12.1
K60A M66A 115 297   346    62   2.0  10.7   7.7
K60A N62A 169 350   190    59   7.7  10.5  12.0
K60A NATG  41 229  1202    61   8.0   2.2  10.5
K60A PLVO 317 135   372    62   9.7   2.9  10.3
K60A QM16  57 241   557    50   1.7   1.5   3.0
K60A QM38  22 204   611    62  13.5   1.6   6.5
K60A QM50  14 196   667    31   7.5   2.2   4.8
K60A QM60   3 184   729    31   2.8   6.8   6.8
K60A SHEY  70 258   996    62   6.7   3.3   7.3
K60A SUSY  60 246   759    62   4.7   5.0   2.3
K60A VLDQ 335 153   689    62  11.6   3.5   9.5
K60A  WES  96 278   213    62   3.2  10.9  11.0
K60A WODY  66 253   791    62   6.3   8.1   5.2
K62A L63A 150 330   103    62   4.9  10.5   9.9
K62A L65A 111 292   193    62   6.6   4.7   8.0
K62A LATQ 355 175   526    93  15.0   6.8  13.7
K62A LSQQ 334 151   800    93  13.3   9.3  13.6
K62A M66A 131 313   234    62   9.3   8.3  11.1
K62A N62A 208  28   218    90   6.8  12.4  16.2
K62A QM38  11 192   567    62   2.7   2.3   6.3
K62A QM50   4 184   640    31  10.3   3.0   6.3
K62A QM60 354 173   728    31   4.8   4.8   5.4
K62A QMM5  15 197   946    62   6.9   5.9   9.8
K62A SUSY  56 240   641    62   3.9   1.5   3.9
K62A  WES 112 293    81    93   3.4  10.2   8.8
L63A L65A  81 262   130    62   8.2   1.9   5.5
L63A  LMN  49 233   704    62  10.8   3.1  10.2
L63A LSQQ 334 150   903    62   9.1   6.9   9.6
L63A M66A 118 299   140    62   6.3   1.0   3.3
L63A N62A 237  56   187    59   4.7   2.8   7.4
L63A NATG  33 219  1156    61   8.2   2.8   2.8
L63A PLVO 310 127   566    62   4.2   3.5   5.8
L63A QM38   5 186   649    62   9.2   6.1   9.4
L63A QM50 360 180   727    31   9.7   6.0  10.7
L63A QM60 351 170   823    31   4.6   5.8   3.9
L63A QMM5  11 193  1021    62   4.4   3.1   1.9
L63A SHEY  62 248   858    62   3.9  10.2   4.9
L63A VLDQ 328 143   853    62   1.0   2.6   6.0
L63A  WES  22 202    63    62   5.6   6.3   6.3
L65A LATQ 341 159   633    62  13.5   9.1  14.2
L65A  LMN  43 227   598    62   8.8   7.6   9.0
L65A LSQQ 328 143   949    62   5.6   3.2   9.8
L65A M66A 185   5    86    62   5.8   6.9   6.5
L65A N62A 248  66   310    59   9.8   9.2  11.2
L65A PLVO 303 118   658    62   8.3   4.8  11.2
L65A QM38 355 174   631    62  11.0   4.9   8.3
L65A QM50 350 169   720    31   6.7   1.2   5.4
L65A QM60 343 161   834    31  13.0   7.5   7.1
L65A VLDQ 321 136   914    62   7.6   7.0   9.6
L65A  WES 291 110   112    62   3.9   3.1   4.0
LATQ LSQQ 302 119   363    93   7.3   4.8   9.8
LATQ M66A 162 344   712    62   3.7   6.3  15.1
LATQ PLVO 233  50   421    93   6.2   8.1  12.8
LATQ QM16 121 305   444    50   0.2   7.1  10.5
LATQ QM38  77 258   149    62   5.6   1.7   7.4
LATQ QM50  36 217   141    31   6.5   2.4   9.2
LATQ QM60 348 168   203    31   7.5   2.2   5.2
LATQ QMM5  36 219   482    62   8.1   7.8   6.2
LATQ SUSY 106 291   593    62   6.3   4.9   8.8
LATQ  WES 168 349   567    93   9.1   9.8  12.0
LATQ WODY 109 295   675    62  10.6   0.3   5.1
 LMN LSQQ 296 107   983    93   3.5   1.4   1.1
 LMN M66A 222  38   668    62   5.3   7.1   8.5
 LMN MALY  93 274   113    62   7.5   0.5   3.9
 LMN NATG  16 198   515    92   6.1  15.0  16.7
 LMN PLVO 269  80   963    93   2.1   3.2   4.1
 LMN QM38 296 111   504    62   4.3   4.2   6.7
 LMN QMM5 333 150   629    62  12.4   5.7   9.0
 LMN SHEY 109 291   235    62   4.2  11.5  10.5
 LMN SUSY 253  72    51    62   3.6   1.0   2.3
 LMN  WES 236  51   648    93   1.4   7.9   5.6
 LMN WODY 172 352    85    62   6.0   6.2   6.1
LSQQ M66A 146 331  1019    62   2.8   0.5   2.5
LSQQ MALY 104 294  1088    62   6.5   5.2   5.2
LSQQ N62A 162 344   944    90   4.8  10.6   9.5
LSQQ NATG  77 268  1030    92   3.3   3.8   4.6
LSQQ PLVO 181   1   447    93   1.1   8.3   4.4
LSQQ QM38 106 291   479    62   3.9   4.7   5.4
LSQQ QMM5  68 254   619    62   1.2   0.9   6.0
LSQQ SHEY 105 296  1217    62   2.4   4.1   7.2
LSQQ  WES 147 331   862    93   8.8   6.3   8.6
M66A MALY  45 230   744    62   0.9   5.4   2.4
M66A N62A 264  82   282    59   3.6   0.4   2.3
M66A PLVO 309 124   703    62   1.7  11.7   4.8
M66A QM16  21 203   473    50   3.6   2.7   4.6
M66A QM50 352 171   804    31   3.2  14.0   3.9
M66A QM60 345 163   914    31  10.1   5.0   4.4
M66A SUSY  36 219   624    62   1.2   7.4   5.6
M66A  WES 322 141   159    62   6.5  11.8  11.1
M66A WODY  44 228   616    62   3.8   7.2   7.8
MALY N62A 240  53   981    59   1.8   8.9   3.8
MALY PLVO 270  81  1076    62   0.5   4.5   0.2
MALY QM16 261  78   365    50   2.2   0.8   2.7
MALY QM50 298 112   694    31   2.1   3.4   3.7
MALY SHEY 124 305   130    62   3.2   7.0   6.5
MALY SUSY 268  86   162    62   8.4   0.7   4.0
MALY  WES 242  57   741    62   0.7   3.3   2.3
MALY WODY 233  52   128    62   2.7   4.8   5.4
N62A PLVO 328 146   543    90   8.0  11.0  12.0
N62A QM38  15 196   778    59   6.6   0.5   6.4
N62A QMM5  17 200  1159    59   5.7   8.5   8.0
N62A VLDQ 339 156   875    59  12.2  10.4  14.2
N62A  WES  47 229   241    90   3.6   1.3   4.6
NATG QM38 247  61   656    61   1.4   3.1   3.9
NATG QMM5 281  96   429    61   3.1   6.6   5.6
NATG SHEY 174 354   576    61   7.7   7.1  11.5
NATG SUSY 202  20   544    61   3.3   7.3   3.7
NATG VLDQ 264  72  1111    61   2.0   9.0   2.5
NATG WODY 194  13   593    61   6.2   5.3   6.8
PLVO QM38  56 241   561    62   6.4   5.9   8.6
PLVO QM50  46 230   558    31   9.7   8.9   9.5
PLVO QMM5  41 227   893    62   9.7   9.1  12.6
PLVO VLDQ 352 171   354    62   9.7   9.3  11.4
PLVO  WES 120 304   549    93  12.5  14.6  15.3
PLVO WODY  85 274   977    62  11.8   6.0  11.8
QM16 QM50 323 140   454    31   9.9   8.3  11.0
QM16 QMM5 355 174   630    50   5.2   3.3   3.8
QM16 SUSY  73 255   205    50   4.4   1.8   5.0
QM38 QM50 324 143   101    31   7.1   5.4   6.2
QM38 QMM5  22 204   383    62  10.7  18.5  14.6
QM38 SHEY 109 296   738    62  10.3   3.6   8.0
QM38 SUSY 116 300   468    62   6.2   8.5  10.0
QM38 VLDQ 279  94   519    62   0.4   9.8   8.0
QM38  WES 184   3   589    62   6.4   7.5   9.3
QM38 WODY 119 303   555    62   1.7   3.4   9.2
QM50 SUSY 120 305   560    31   5.3   2.4   4.6
QM50 VLDQ 269  85   453    31   2.6   4.1   4.0
QM50  WES 178 358   670    31   4.4  10.3   8.9
QM60 QMM5  58 242   375    31   2.7   2.8   4.9
QM60 SHEY 113 302   969    31   4.7   3.1   5.5
QM60 SUSY 120 306   708    31   3.8   5.5   5.4
QM60 VLDQ 253  70   343    31   3.5   1.8   2.5
QM60  WES 168 349   770    31   2.7   2.9   3.5
QMM5 SHEY 139 324   813    62   1.1   8.3   8.3
QMM5 SUSY 155 338   622    62  13.5   3.5  10.0
QMM5  WES 193  11   960    62   4.1   6.2   8.4
QMM5 WODY 153 336   709    62   3.9  12.5   9.3
SHEY SUSY 285 102   277    62   5.2   5.0   5.2
SHEY VLDQ 291 100  1251    62   6.6   2.8   4.2
SHEY  WES 251  65   811    62   5.7   1.8   3.6
SHEY WODY 270  88   211    62   0.9   3.6   1.4
SUSY WODY 139 319    91    62   5.0   5.6   5.7
